0 0.004807692307692308 0.18990384615384615 0.009615384615384616 0.04326923076923077
0 0.32572115384615385 0.13581730769230768 0.01201923076923077 0.040865384615384616
0 0.6454326923076923 0.004807692307692308 0.040865384615384616 0.009615384615384616
0 0.2127403846153846 0.4326923076923077 0.018028846153846152 0.05889423076923077
0 0.007211538461538462 0.47596153846153844 0.014423076923076924 0.02403846153846154
0 0.010817307692307692 0.9435096153846154 0.021634615384615384 0.036057692307692304
0 0.33052884615384615 0.3473557692307692 0.021634615384615384 0.016826923076923076
0 0.3293269230769231 0.44350961538461536 0.019230769230769232 0.03125
0 0.7403846153846154 0.3485576923076923 0.03365384615384615 0.019230769230769232
0 0.796875 0.34975961538461536 0.03125 0.021634615384615384
0 0.7331730769230769 0.35216346153846156 0.038461538461538464 0.026442307692307692
0 0.8689903846153846 0.7956730769230769 0.018028846153846152 0.06009615384615385