0 0.40384615384615385 0.1201923076923077 0.039663461538461536 0.028846153846153848
0 0.7019230769230769 0.3112980769230769 0.038461538461538464 0.028846153846153848
0 0.4411057692307692 0.4254807692307692 0.037259615384615384 0.02283653846153846
0 0.41225961538461536 0.4182692307692308 0.020432692307692308 0.042067307692307696
0 0.4795673076923077 0.47475961538461536 0.028846153846153848 0.025240384615384616
0 0.5096153846153846 0.4639423076923077 0.021634615384615384 0.02283653846153846
0 0.5504807692307693 0.4963942307692308 0.018028846153846152 0.02283653846153846
0 0.49278846153846156 0.5540865384615384 0.04326923076923077 0.052884615384615384
0 0.5072115384615384 0.5769230769230769 0.019230769230769232 0.046875
0 0.43509615384615385 0.5853365384615384 0.040865384615384616 0.03485576923076923
0 0.375 0.5913461538461539 0.03125 0.038461538461538464
0 0.5576923076923077 0.7331730769230769 0.040865384615384616 0.051682692307692304
0 0.6225961538461539 0.7331730769230769 0.04326923076923077 0.02403846153846154
0 0.7043269230769231 0.7079326923076923 0.037259615384615384 0.030048076923076924
0 0.6598557692307693 0.7668269230769231 0.02403846153846154 0.05889423076923077
0 0.15625 0.7824519230769231 0.037259615384615384 0.03125
0 0.2824519230769231 0.484375 0.03125 0.030048076923076924