0 0.1141826923076923 0.13221153846153846 0.037259615384615384 0.025240384615384616
0 0.2091346153846154 0.3870192307692308 0.040865384615384616 0.03485576923076923
0 0.36658653846153844 0.46875 0.046875 0.057692307692307696
0 0.4266826923076923 0.4879807692307692 0.03365384615384615 0.06009615384615385
0 0.4879807692307692 0.4543269230769231 0.04807692307692308 0.027644230769230768
0 0.6201923076923077 0.10697115384615384 0.016826923076923076 0.038461538461538464
0 0.609375 0.6526442307692307 0.03365384615384615 0.042067307692307696
0 0.4098557692307692 0.6262019230769231 0.014423076923076924 0.06009615384615385
0 0.27283653846153844 0.5108173076923077 0.013221153846153846 0.052884615384615384
0 0.13942307692307693 0.4807692307692308 0.018028846153846152 0.057692307692307696
0 0.22235576923076922 0.5516826923076923 0.03365384615384615 0.02283653846153846
0 0.027644230769230768 0.6790865384615384 0.046875 0.038461538461538464
0 0.265625 0.96875 0.04567307692307692 0.054086538461538464
0 0.40384615384615385 0.9507211538461539 0.03485576923076923 0.03485576923076923
0 0.15144230769230768 0.9375 0.019230769230769232 0.042067307692307696
0 0.01201923076923077 0.9134615384615384 0.02403846153846154 0.038461538461538464