0 0.007211538461538462 0.009615384615384616 0.014423076923076924 0.019230769230769232
0 0.27403846153846156 0.006009615384615385 0.04807692307692308 0.01201923076923077
0 0.08052884615384616 0.2283653846153846 0.02403846153846154 0.06850961538461539
0 0.004807692307692308 0.16947115384615385 0.009615384615384616 0.06009615384615385
0 0.009615384615384616 0.10336538461538461 0.019230769230769232 0.04807692307692308
0 0.002403846153846154 0.12379807692307693 0.004807692307692308 0.055288461538461536
0 0.008413461538461538 0.15865384615384615 0.016826923076923076 0.014423076923076924
0 0.008413461538461538 0.20432692307692307 0.016826923076923076 0.0625
0 0.008413461538461538 0.027644230769230768 0.016826923076923076 0.036057692307692304
0 0.006009615384615385 0.01201923076923077 0.01201923076923077 0.02403846153846154
0 0.010817307692307692 0.004807692307692308 0.021634615384615384 0.009615384615384616
0 0.008413461538461538 0.16466346153846154 0.016826923076923076 0.040865384615384616
0 0.007211538461538462 0.20432692307692307 0.014423076923076924 0.03365384615384615
0 0.003605769230769231 0.21634615384615385 0.007211538461538462 0.04326923076923077
0 0.007211538461538462 0.22716346153846154 0.014423076923076924 0.036057692307692304
0 0.006009615384615385 0.28125 0.01201923076923077 0.04807692307692308
0 0.3581730769230769 0.07451923076923077 0.039663461538461536 0.025240384615384616
0 0.5456730769230769 0.1935096153846154 0.036057692307692304 0.046875
0 0.6802884615384616 0.4206730769230769 0.020432692307692308 0.07451923076923077
0 0.6790865384615384 0.38822115384615385 0.03125 0.040865384615384616
0 0.7584134615384616 0.3894230769230769 0.010817307692307692 0.03365384615384615
0 0.8798076923076923 0.38461538461538464 0.03125 0.04807692307692308
0 0.22235576923076922 0.8509615384615384 0.03125 0.042067307692307696
0 0.5456730769230769 0.890625 0.021634615384615384 0.04447115384615385