0 0.009615384615384616 0.004807692307692308 0.019230769230769232 0.009615384615384616
0 0.1466346153846154 0.07572115384615384 0.03365384615384615 0.038461538461538464
0 0.25721153846153844 0.3293269230769231 0.021634615384615384 0.07932692307692307
0 0.45913461538461536 0.28725961538461536 0.019230769230769232 0.04567307692307692
0 0.13581730769230768 0.39903846153846156 0.016826923076923076 0.019230769230769232
0 0.5961538461538461 0.007211538461538462 0.038461538461538464 0.014423076923076924
0 0.007211538461538462 0.6826923076923077 0.014423076923076924 0.052884615384615384
0 0.8882211538461539 0.84375 0.03125 0.04567307692307692
0 0.4795673076923077 0.9903846153846154 0.021634615384615384 0.019230769230769232
0 0.6117788461538461 0.45072115384615385 0.038461538461538464 0.030048076923076924
0 0.5985576923076923 0.4230769230769231 0.037259615384615384 0.027644230769230768