0 0.5721153846153846 0.3737980769230769 0.04326923076923077 0.01201923076923077
0 0.22956730769230768 0.004807692307692308 0.040865384615384616 0.009615384615384616
0 0.6081730769230769 0.004807692307692308 0.019230769230769232 0.009615384615384616
0 0.6069711538461539 0.009615384615384616 0.016826923076923076 0.019230769230769232
0 0.6033653846153846 0.2439903846153846 0.009615384615384616 0.07932692307692307
0 0.7908653846153846 0.203125 0.03245192307692308 0.04567307692307692
0 0.7752403846153846 0.3713942307692308 0.03125 0.016826923076923076
0 0.6021634615384616 0.3293269230769231 0.007211538461538462 0.04807692307692308
0 0.6057692307692307 0.36658653846153844 0.014423076923076924 0.026442307692307692
0 0.15625 0.4675480769230769 0.039663461538461536 0.03485576923076923
0 0.030048076923076924 0.48677884615384615 0.04567307692307692 0.040865384615384616
0 0.07572115384615384 0.5144230769230769 0.02403846153846154 0.06370192307692307
0 0.007211538461538462 0.390625 0.014423076923076924 0.021634615384615384
0 0.002403846153846154 0.5132211538461539 0.004807692307692308 0.05048076923076923
0 0.008413461538461538 0.5757211538461539 0.016826923076923076 0.03125
0 0.004807692307692308 0.5420673076923077 0.009615384615384616 0.055288461538461536
0 0.008413461538461538 0.3870192307692308 0.016826923076923076 0.014423076923076924
0 0.008413461538461538 0.7067307692307693 0.016826923076923076 0.038461538461538464
0 0.018028846153846152 0.9483173076923077 0.036057692307692304 0.036057692307692304
0 0.22235576923076922 0.6802884615384616 0.01201923076923077 0.036057692307692304
0 0.25841346153846156 0.6598557692307693 0.038461538461538464 0.03485576923076923
0 0.007211538461538462 0.9867788461538461 0.014423076923076924 0.026442307692307692
0 0.003605769230769231 0.9879807692307693 0.007211538461538462 0.02403846153846154
0 0.6069711538461539 0.4879807692307692 0.016826923076923076 0.028846153846153848
0 0.8858173076923077 0.9735576923076923 0.01201923076923077 0.052884615384615384