0 0.009615384615384616 0.007211538461538462 0.019230769230769232 0.014423076923076924
0 0.003605769230769231 0.018028846153846152 0.007211538461538462 0.036057692307692304
0 0.006009615384615385 0.004807692307692308 0.01201923076923077 0.009615384615384616
0 0.01201923076923077 0.30528846153846156 0.02403846153846154 0.028846153846153848
0 0.09254807692307693 0.010817307692307692 0.040865384615384616 0.021634615384615384
0 0.5540865384615384 0.014423076923076924 0.021634615384615384 0.028846153846153848
0 0.5132211538461539 0.01201923076923077 0.007211538461538462 0.02403846153846154
0 0.8689903846153846 0.0673076923076923 0.03125 0.056490384615384616
0 0.9939903846153846 0.29086538461538464 0.01201923076923077 0.052884615384615384
0 0.8221153846153846 0.007211538461538462 0.04326923076923077 0.014423076923076924
0 0.2764423076923077 0.3449519230769231 0.028846153846153848 0.03125
0 0.14783653846153846 0.6766826923076923 0.042067307692307696 0.02403846153846154
0 0.21754807692307693 0.8257211538461539 0.03245192307692308 0.021634615384615384
0 0.20793269230769232 0.8701923076923077 0.03485576923076923 0.054086538461538464
0 0.013221153846153846 0.7211538461538461 0.026442307692307692 0.028846153846153848
0 0.008413461538461538 0.6298076923076923 0.016826923076923076 0.03365384615384615
0 0.002403846153846154 0.6838942307692307 0.004807692307692308 0.05048076923076923
0 0.003605769230769231 0.8509615384615384 0.007211538461538462 0.04807692307692308
0 0.008413461538461538 0.8641826923076923 0.016826923076923076 0.040865384615384616
0 0.007211538461538462 0.4326923076923077 0.014423076923076924 0.04807692307692308
0 0.01201923076923077 0.9350961538461539 0.02403846153846154 0.028846153846153848
0 0.9519230769230769 0.5733173076923077 0.04567307692307692 0.028846153846153848
0 0.7860576923076923 0.6117788461538461 0.05889423076923077 0.025240384615384616
0 0.7115384615384616 0.546875 0.030048076923076924 0.030048076923076924
0 0.6610576923076923 0.5588942307692307 0.016826923076923076 0.051682692307692304
0 0.6574519230769231 0.7584134615384616 0.01201923076923077 0.054086538461538464
0 0.5949519230769231 0.7776442307692307 0.037259615384615384 0.039663461538461536
0 0.5192307692307693 0.828125 0.019230769230769232 0.03125
0 0.515625 0.3389423076923077 0.01201923076923077 0.019230769230769232
0 0.9891826923076923 0.7632211538461539 0.021634615384615384 0.055288461538461536
0 0.5949519230769231 0.9555288461538461 0.03125 0.03485576923076923