0 0.15745192307692307 0.5396634615384616 0.04326923076923077 0.030048076923076924
0 0.01201923076923077 0.4543269230769231 0.02403846153846154 0.052884615384615384
0 0.11177884615384616 0.4362980769230769 0.03365384615384615 0.040865384615384616
0 0.057692307692307696 0.40625 0.036057692307692304 0.02283653846153846
0 0.09014423076923077 0.125 0.018028846153846152 0.04567307692307692
0 0.01201923076923077 0.1201923076923077 0.02403846153846154 0.02403846153846154
0 0.007211538461538462 0.4579326923076923 0.014423076923076924 0.05048076923076923
0 0.2127403846153846 0.006009615384615385 0.036057692307692304 0.01201923076923077
0 0.31490384615384615 0.007211538461538462 0.04326923076923077 0.014423076923076924
0 0.42427884615384615 0.004807692307692308 0.026442307692307692 0.009615384615384616
0 0.4519230769230769 0.009615384615384616 0.014423076923076924 0.019230769230769232
0 0.007211538461538462 0.7391826923076923 0.014423076923076924 0.06009615384615385
0 0.8509615384615384 0.004807692307692308 0.028846153846153848 0.009615384615384616
0 0.6129807692307693 0.3329326923076923 0.06370192307692307 0.027644230769230768
0 0.6610576923076923 0.3317307692307692 0.03245192307692308 0.03485576923076923
0 0.7451923076923077 0.3004807692307692 0.039663461538461536 0.025240384615384616
0 0.5180288461538461 0.20673076923076922 0.016826923076923076 0.028846153846153848
0 0.5132211538461539 0.328125 0.007211538461538462 0.05048076923076923
0 0.515625 0.42427884615384615 0.01201923076923077 0.04567307692307692
0 0.5168269230769231 0.41947115384615385 0.014423076923076924 0.04567307692307692
0 0.5180288461538461 0.010817307692307692 0.016826923076923076 0.021634615384615384
0 0.5192307692307693 0.5540865384615384 0.019230769230769232 0.03125
0 0.8377403846153846 0.484375 0.016826923076923076 0.056490384615384616
0 0.6322115384615384 0.4951923076923077 0.013221153846153846 0.06490384615384616
0 0.546875 0.7596153846153846 0.03365384615384615 0.028846153846153848
0 0.7992788461538461 0.47475961538461536 0.016826923076923076 0.039663461538461536
0 0.10096153846153846 0.9146634615384616 0.036057692307692304 0.040865384615384616
0 0.9038461538461539 0.859375 0.038461538461538464 0.030048076923076924
0 0.9495192307692307 0.8533653846153846 0.04326923076923077 0.03365384615384615