0 0.009615384615384616 0.17908653846153846 0.019230769230769232 0.026442307692307692
0 0.007211538461538462 0.2980769230769231 0.014423076923076924 0.02403846153846154
0 0.028846153846153848 0.01201923076923077 0.02403846153846154 0.02403846153846154
0 0.41947115384615385 0.006009615384615385 0.040865384615384616 0.01201923076923077
0 0.6081730769230769 0.06850961538461539 0.036057692307692304 0.046875
0 0.7427884615384616 0.2956730769230769 0.020432692307692308 0.07451923076923077
0 0.7415865384615384 0.26322115384615385 0.03125 0.040865384615384616
0 0.8209134615384616 0.2644230769230769 0.010817307692307692 0.03365384615384615
0 0.9423076923076923 0.25961538461538464 0.03125 0.04807692307692308
0 0.9242788461538461 0.43990384615384615 0.04567307692307692 0.030048076923076924
0 0.6225961538461539 0.42788461538461536 0.036057692307692304 0.03125
0 0.7512019230769231 0.4423076923076923 0.03125 0.03365384615384615
0 0.41947115384615385 0.4338942307692308 0.026442307692307692 0.05048076923076923
0 0.009615384615384616 0.4675480769230769 0.019230769230769232 0.016826923076923076
0 0.008413461538461538 0.47475961538461536 0.016826923076923076 0.03125
0 0.007211538461538462 0.6790865384615384 0.014423076923076924 0.036057692307692304
0 0.009615384615384616 0.8966346153846154 0.019230769230769232 0.03365384615384615
0 0.4375 0.9122596153846154 0.021634615384615384 0.0733173076923077
0 0.5072115384615384 0.5865384615384616 0.020432692307692308 0.046875
0 0.6298076923076923 0.46634615384615385 0.038461538461538464 0.014423076923076924
0 0.7560096153846154 0.4651442307692308 0.040865384615384616 0.01201923076923077
0 0.8461538461538461 0.4639423076923077 0.028846153846153848 0.009615384615384616
0 0.8882211538461539 0.46875 0.016826923076923076 0.019230769230769232
0 0.33774038461538464 0.5504807692307693 0.016826923076923076 0.019230769230769232
0 0.33653846153846156 0.9435096153846154 0.014423076923076924 0.055288461538461536
0 0.5949519230769231 0.984375 0.021634615384615384 0.03125
0 0.984375 0.9543269230769231 0.03125 0.052884615384615384