0 0.046875 0.1935096153846154 0.025240384615384616 0.056490384615384616
0 0.18028846153846154 0.08653846153846154 0.027644230769230768 0.02403846153846154
0 0.008413461538461538 0.33052884615384615 0.016826923076923076 0.04567307692307692
0 0.671875 0.007211538461538462 0.04567307692307692 0.014423076923076924
0 0.765625 0.006009615384615385 0.03125 0.01201923076923077
0 0.8245192307692307 0.2848557692307692 0.05048076923076923 0.021634615384615384
0 0.6802884615384616 0.1935096153846154 0.057692307692307696 0.039663461538461536
0 0.3016826923076923 0.5264423076923077 0.010817307692307692 0.04807692307692308
0 0.16706730769230768 0.5444711538461539 0.028846153846153848 0.02403846153846154
0 0.1346153846153846 0.5853365384615384 0.028846153846153848 0.042067307692307696
0 0.003605769230769231 0.5829326923076923 0.007211538461538462 0.05048076923076923
0 0.6262019230769231 0.9194711538461539 0.03125 0.05048076923076923
0 0.41346153846153844 0.7788461538461539 0.028846153846153848 0.04807692307692308
0 0.4026442307692308 0.7980769230769231 0.007211538461538462 0.057692307692307696
0 0.4338942307692308 0.8533653846153846 0.02283653846153846 0.052884615384615384
0 0.4074519230769231 0.84375 0.016826923076923076 0.02403846153846154
0 0.4098557692307692 0.8858173076923077 0.021634615384615384 0.04567307692307692
0 0.4014423076923077 0.984375 0.004807692307692308 0.03125
0 0.4074519230769231 0.875 0.016826923076923076 0.028846153846153848
0 0.4014423076923077 0.9375 0.004807692307692308 0.052884615384615384
0 0.4074519230769231 0.7043269230769231 0.016826923076923076 0.028846153846153848
0 0.4050480769230769 0.4338942307692308 0.01201923076923077 0.01201923076923077
0 0.40625 0.5612980769230769 0.014423076923076924 0.05048076923076923
0 0.4074519230769231 0.44591346153846156 0.016826923076923076 0.03125
0 0.5420673076923077 0.4326923076923077 0.03125 0.009615384615384616
0 0.8125 0.43509615384615385 0.028846153846153848 0.014423076923076924
0 0.8473557692307693 0.4326923076923077 0.036057692307692304 0.009615384615384616
0 0.40865384615384615 0.8521634615384616 0.019230769230769232 0.03125
0 0.40865384615384615 0.984375 0.019230769230769232 0.03125