0 0.009615384615384616 0.3293269230769231 0.019230769230769232 0.04326923076923077
0 0.01201923076923077 0.006009615384615385 0.02403846153846154 0.01201923076923077
0 0.03125 0.1971153846153846 0.026442307692307692 0.052884615384615384
0 0.22235576923076922 0.013221153846153846 0.021634615384615384 0.026442307692307692
0 0.546875 0.078125 0.016826923076923076 0.026442307692307692
0 0.546875 0.1466346153846154 0.016826923076923076 0.04807692307692308
0 0.6911057692307693 0.29447115384615385 0.028846153846153848 0.051682692307692304
0 0.7848557692307693 0.43149038461538464 0.026442307692307692 0.036057692307692304
0 0.8257211538461539 0.44471153846153844 0.04567307692307692 0.009615384615384616
0 0.20673076923076922 0.4567307692307692 0.038461538461538464 0.014423076923076924
0 0.25240384615384615 0.4579326923076923 0.04326923076923077 0.016826923076923076
0 0.35336538461538464 0.4567307692307692 0.02403846153846154 0.014423076923076924
0 0.036057692307692304 0.45552884615384615 0.038461538461538464 0.01201923076923077
0 0.11177884615384616 0.45913461538461536 0.021634615384615384 0.019230769230769232
0 0.021634615384615384 0.6742788461538461 0.04326923076923077 0.04567307692307692
0 0.1658653846153846 0.7680288461538461 0.051682692307692304 0.027644230769230768
0 0.5444711538461539 0.46033653846153844 0.01201923076923077 0.021634615384615384
0 0.5492788461538461 0.4567307692307692 0.021634615384615384 0.014423076923076924
0 0.6117788461538461 0.671875 0.020432692307692308 0.06971153846153846
0 0.8305288461538461 0.6141826923076923 0.03125 0.04807692307692308
0 0.6201923076923077 0.6117788461538461 0.02403846153846154 0.05048076923076923
0 0.8293269230769231 0.7644230769230769 0.038461538461538464 0.03485576923076923
0 0.546875 0.7103365384615384 0.016826923076923076 0.03125
0 0.6394230769230769 0.7860576923076923 0.03365384615384615 0.039663461538461536
0 0.546875 0.7752403846153846 0.016826923076923076 0.04567307692307692