0 0.1346153846153846 0.014423076923076924 0.019230769230769232 0.028846153846153848
0 0.007211538461538462 0.021634615384615384 0.014423076923076924 0.02403846153846154
0 0.5180288461538461 0.007211538461538462 0.040865384615384616 0.014423076923076924
0 0.71875 0.004807692307692308 0.04326923076923077 0.009615384615384616
0 0.7475961538461539 0.08774038461538461 0.03365384615384615 0.040865384615384616
0 0.35096153846153844 0.3786057692307692 0.004807692307692308 0.040865384615384616
0 0.3557692307692308 0.009615384615384616 0.014423076923076924 0.019230769230769232
0 0.009615384615384616 0.4050480769230769 0.019230769230769232 0.01201923076923077
0 0.25841346153846156 0.5817307692307693 0.051682692307692304 0.039663461538461536
0 0.10336538461538461 0.453125 0.026442307692307692 0.04567307692307692
0 0.1502403846153846 0.7175480769230769 0.039663461538461536 0.02403846153846154
0 0.21514423076923078 0.6766826923076923 0.025240384615384616 0.051682692307692304
0 0.14182692307692307 0.8112980769230769 0.04326923076923077 0.03485576923076923
0 0.009615384615384616 0.7692307692307693 0.019230769230769232 0.04807692307692308
0 0.007211538461538462 0.8389423076923077 0.014423076923076924 0.028846153846153848
0 0.5168269230769231 0.6189903846153846 0.030048076923076924 0.052884615384615384