0 0.5612980769230769 0.05048076923076923 0.007211538461538462 0.07692307692307693
0 0.5649038461538461 0.01201923076923077 0.014423076923076924 0.02403846153846154
0 0.6646634615384616 0.004807692307692308 0.03125 0.009615384615384616
0 0.7572115384615384 0.014423076923076924 0.028846153846153848 0.028846153846153848
0 0.5649038461538461 0.009615384615384616 0.014423076923076924 0.019230769230769232
0 0.5673076923076923 0.006009615384615385 0.019230769230769232 0.01201923076923077
0 0.5625 0.1658653846153846 0.009615384615384616 0.0625
0 0.5649038461538461 0.10817307692307693 0.014423076923076924 0.03365384615384615
0 0.7415865384615384 0.17908653846153846 0.03245192307692308 0.051682692307692304
0 0.013221153846153846 0.5408653846153846 0.026442307692307692 0.028846153846153848
0 0.2764423076923077 0.5324519230769231 0.038461538461538464 0.02283653846153846
0 0.3942307692307692 0.5264423076923077 0.02403846153846154 0.018028846153846152
0 0.5 0.5264423076923077 0.03365384615384615 0.025240384615384616
0 0.2536057692307692 0.8052884615384616 0.014423076923076924 0.04807692307692308
0 0.20793269230769232 0.7644230769230769 0.026442307692307692 0.025240384615384616
0 0.17908653846153846 0.921875 0.028846153846153848 0.04447115384615385
0 0.18509615384615385 0.9338942307692307 0.02403846153846154 0.04567307692307692
0 0.14302884615384615 0.9867788461538461 0.05048076923076923 0.026442307692307692
0 0.5661057692307693 0.47475961538461536 0.016826923076923076 0.01201923076923077
0 0.5673076923076923 0.703125 0.019230769230769232 0.036057692307692304
0 0.5685096153846154 0.7860576923076923 0.021634615384615384 0.057692307692307696
0 0.5661057692307693 0.8040865384615384 0.016826923076923076 0.06009615384615385
0 0.5697115384615384 0.7704326923076923 0.02403846153846154 0.026442307692307692
0 0.6646634615384616 0.47836538461538464 0.016826923076923076 0.019230769230769232
0 0.6550480769230769 0.9699519230769231 0.03365384615384615 0.042067307692307696
0 0.5612980769230769 0.9435096153846154 0.007211538461538462 0.06009615384615385
0 0.5600961538461539 0.8269230769230769 0.004807692307692308 0.052884615384615384
0 0.5612980769230769 0.7980769230769231 0.007211538461538462 0.057692307692307696
0 0.5661057692307693 0.8677884615384616 0.016826923076923076 0.02403846153846154
0 0.5685096153846154 0.9879807692307693 0.021634615384615384 0.02403846153846154