0 0.004807692307692308 0.0985576923076923 0.009615384615384616 0.057692307692307696
0 0.003605769230769231 0.17427884615384615 0.007211538461538462 0.05048076923076923
0 0.25600961538461536 0.2980769230769231 0.03125 0.056490384615384616
0 0.38461538461538464 0.5024038461538461 0.019230769230769232 0.014423076923076924
0 0.2091346153846154 0.20192307692307693 0.04326923076923077 0.030048076923076924
0 0.7283653846153846 0.296875 0.038461538461538464 0.042067307692307696
0 0.7283653846153846 0.35697115384615385 0.025240384615384616 0.046875
0 0.6574519230769231 0.09495192307692307 0.05048076923076923 0.036057692307692304
0 0.5793269230769231 0.09615384615384616 0.03365384615384615 0.028846153846153848
0 0.9266826923076923 0.40024038461538464 0.038461538461538464 0.030048076923076924
0 0.44471153846153844 0.5168269230769231 0.038461538461538464 0.014423076923076924
0 0.328125 0.5336538461538461 0.019230769230769232 0.04447115384615385
0 0.03365384615384615 0.515625 0.04326923076923077 0.01201923076923077
0 0.3137019230769231 0.7740384615384616 0.02283653846153846 0.04447115384615385
0 0.41346153846153844 0.9194711538461539 0.040865384615384616 0.04447115384615385
0 0.2776442307692308 0.8737980769230769 0.037259615384615384 0.06971153846153846
0 0.25841346153846156 0.8233173076923077 0.03125 0.02283653846153846
0 0.18509615384615385 0.9290865384615384 0.030048076923076924 0.036057692307692304
0 0.3173076923076923 0.9519230769230769 0.028846153846153848 0.05048076923076923
0 0.6262019230769231 0.515625 0.040865384615384616 0.01201923076923077
0 0.75 0.5132211538461539 0.028846153846153848 0.007211538461538462
0 0.8918269230769231 0.5144230769230769 0.03365384615384615 0.009615384615384616
0 0.5985576923076923 0.5216346153846154 0.019230769230769232 0.02403846153846154
0 0.5504807692307693 0.5168269230769231 0.02403846153846154 0.014423076923076924
0 0.5432692307692307 0.6286057692307693 0.009615384615384616 0.04567307692307692
0 0.5492788461538461 0.6478365384615384 0.021634615384615384 0.026442307692307692
0 0.5504807692307693 0.7572115384615384 0.02403846153846154 0.0625
0 0.5456730769230769 0.7764423076923077 0.014423076923076924 0.03365384615384615
0 0.5480769230769231 0.9326923076923077 0.019230769230769232 0.028846153846153848
0 0.6081730769230769 0.8497596153846154 0.046875 0.02403846153846154
0 0.7644230769230769 0.9170673076923077 0.021634615384615384 0.051682692307692304