0 0.11658653846153846 0.006009615384615385 0.040865384615384616 0.01201923076923077
0 0.2247596153846154 0.007211538461538462 0.026442307692307692 0.014423076923076924
0 0.31850961538461536 0.004807692307692308 0.040865384615384616 0.009615384615384616
0 0.010817307692307692 0.006009615384615385 0.021634615384615384 0.01201923076923077
0 0.008413461538461538 0.007211538461538462 0.016826923076923076 0.014423076923076924
0 0.06129807692307692 0.07091346153846154 0.015625 0.042067307692307696
0 0.08653846153846154 0.15985576923076922 0.02283653846153846 0.04567307692307692
0 0.02403846153846154 0.24879807692307693 0.04567307692307692 0.039663461538461536
0 0.01201923076923077 0.2956730769230769 0.02403846153846154 0.03365384615384615
0 0.1622596153846154 0.3798076923076923 0.03125 0.056490384615384616
0 0.35096153846153844 0.29447115384615385 0.03485576923076923 0.05048076923076923
0 0.003605769230769231 0.4411057692307692 0.007211538461538462 0.036057692307692304
0 0.5108173076923077 0.007211538461538462 0.021634615384615384 0.014423076923076924
0 0.6237980769230769 0.008413461538461538 0.040865384615384616 0.016826923076923076
0 0.5048076923076923 0.01201923076923077 0.009615384615384616 0.02403846153846154
0 0.5108173076923077 0.26322115384615385 0.021634615384615384 0.04567307692307692
0 0.5456730769230769 0.359375 0.04326923076923077 0.042067307692307696
0 0.6514423076923077 0.006009615384615385 0.038461538461538464 0.01201923076923077
0 0.5084134615384616 0.006009615384615385 0.016826923076923076 0.01201923076923077
0 0.5084134615384616 0.2247596153846154 0.016826923076923076 0.026442307692307692
0 0.5048076923076923 0.2512019230769231 0.009615384615384616 0.04567307692307692
0 0.5096153846153846 0.1971153846153846 0.019230769230769232 0.038461538461538464
0 0.7932692307692307 0.004807692307692308 0.028846153846153848 0.009615384615384616
0 0.8365384615384616 0.008413461538461538 0.028846153846153848 0.016826923076923076
0 0.7836538461538461 0.6262019230769231 0.04567307692307692 0.028846153846153848
0 0.8774038461538461 0.6298076923076923 0.03125 0.02403846153846154
0 0.9350961538461539 0.9891826923076923 0.05048076923076923 0.021634615384615384
0 0.7908653846153846 0.8978365384615384 0.057692307692307696 0.039663461538461536