0 0.11899038461538461 0.016826923076923076 0.037259615384615384 0.028846153846153848
0 0.42908653846153844 0.5024038461538461 0.01201923076923077 0.052884615384615384
0 0.5540865384615384 0.006009615384615385 0.040865384615384616 0.01201923076923077
0 0.5420673076923077 0.01201923076923077 0.016826923076923076 0.02403846153846154
0 0.8365384615384616 0.003605769230769231 0.028846153846153848 0.007211538461538462
0 0.8834134615384616 0.006009615384615385 0.040865384615384616 0.01201923076923077
0 0.9206730769230769 0.203125 0.040865384615384616 0.030048076923076924
0 0.9459134615384616 0.17548076923076922 0.020432692307692308 0.03125
0 0.6237980769230769 0.22355769230769232 0.04567307692307692 0.052884615384615384
0 0.5997596153846154 0.20432692307692307 0.04447115384615385 0.040865384615384616
0 0.5240384615384616 0.2283653846153846 0.04326923076923077 0.03365384615384615
0 0.6081730769230769 0.30649038461538464 0.027644230769230768 0.030048076923076924
0 0.44591346153846156 0.4423076923076923 0.01201923076923077 0.04807692307692308
0 0.4723557692307692 0.008413461538461538 0.026442307692307692 0.016826923076923076
0 0.20793269230769232 0.7055288461538461 0.028846153846153848 0.028846153846153848
0 0.007211538461538462 0.7091346153846154 0.014423076923076924 0.03365384615384615
0 0.008413461538461538 0.6514423076923077 0.016826923076923076 0.02403846153846154
0 0.007211538461538462 0.6526442307692307 0.014423076923076924 0.03125
0 0.15865384615384615 0.8377403846153846 0.018028846153846152 0.042067307692307696
0 0.22956730769230768 0.9663461538461539 0.03125 0.04447115384615385
0 0.004807692307692308 0.9459134615384616 0.009615384615384616 0.040865384615384616
0 0.45072115384615385 0.5372596153846154 0.021634615384615384 0.016826923076923076
0 0.44711538461538464 0.5673076923076923 0.014423076923076924 0.04326923076923077
0 0.6262019230769231 0.7235576923076923 0.042067307692307696 0.04447115384615385
0 0.6237980769230769 0.8822115384615384 0.020432692307692308 0.05889423076923077
0 0.45072115384615385 0.9879807692307693 0.021634615384615384 0.02403846153846154
0 0.4423076923076923 0.9182692307692307 0.004807692307692308 0.04807692307692308
0 0.44711538461538464 0.9170673076923077 0.014423076923076924 0.06009615384615385
0 0.44711538461538464 0.7223557692307693 0.014423076923076924 0.06009615384615385
0 0.44591346153846156 0.7271634615384616 0.01201923076923077 0.055288461538461536
0 0.5048076923076923 0.703125 0.021634615384615384 0.030048076923076924