0 0.41947115384615385 0.1201923076923077 0.039663461538461536 0.028846153846153848
0 0.7367788461538461 0.2932692307692308 0.038461538461538464 0.028846153846153848
0 0.41225961538461536 0.3737980769230769 0.037259615384615384 0.025240384615384616
0 0.42788461538461536 0.5661057692307693 0.030048076923076924 0.06971153846153846
0 0.4639423076923077 0.5384615384615384 0.026442307692307692 0.03485576923076923
0 0.45552884615384615 0.6923076923076923 0.040865384615384616 0.030048076923076924
0 0.30528846153846156 0.6538461538461539 0.030048076923076924 0.016826923076923076
0 0.0829326923076923 0.49038461538461536 0.03245192307692308 0.02283653846153846
0 0.042067307692307696 0.21875 0.036057692307692304 0.021634615384615384
0 0.8990384615384616 0.5360576923076923 0.020432692307692308 0.04567307692307692
0 0.29447115384615385 0.9170673076923077 0.042067307692307696 0.028846153846153848