0 0.25961538461538464 0.12139423076923077 0.04326923076923077 0.027644230769230768
0 0.5661057692307693 0.11177884615384616 0.039663461538461536 0.02283653846153846
0 0.6947115384615384 0.10576923076923077 0.03125 0.016826923076923076
0 0.8197115384615384 0.10336538461538461 0.042067307692307696 0.027644230769230768
0 0.5492788461538461 0.3293269230769231 0.015625 0.052884615384615384
0 0.49759615384615385 0.3269230769230769 0.021634615384615384 0.054086538461538464
0 0.4831730769230769 0.4831730769230769 0.03485576923076923 0.016826923076923076
0 0.5757211538461539 0.6790865384615384 0.04927884615384615 0.03125
0 0.7331730769230769 0.6838942307692307 0.020432692307692308 0.052884615384615384
0 0.30408653846153844 0.7451923076923077 0.039663461538461536 0.039663461538461536
0 0.2860576923076923 0.6358173076923077 0.030048076923076924 0.04807692307692308
0 0.42427884615384615 0.5769230769230769 0.054086538461538464 0.04567307692307692
0 0.12139423076923077 0.8737980769230769 0.036057692307692304 0.03125
0 0.6778846153846154 0.9807692307692307 0.03125 0.038461538461538464