0 0.23317307692307693 0.12740384615384615 0.040865384615384616 0.027644230769230768
0 0.21995192307692307 0.21995192307692307 0.016826923076923076 0.051682692307692304
0 0.515625 0.09495192307692307 0.030048076923076924 0.015625
0 0.5625 0.11538461538461539 0.040865384615384616 0.02403846153846154
0 0.5985576923076923 0.453125 0.040865384615384616 0.030048076923076924
0 0.6237980769230769 0.4254807692307692 0.020432692307692308 0.03125
0 0.3016826923076923 0.4735576923076923 0.04567307692307692 0.052884615384615384
0 0.2776442307692308 0.4543269230769231 0.04447115384615385 0.040865384615384616
0 0.20192307692307693 0.47836538461538464 0.04326923076923077 0.03365384615384615
0 0.2860576923076923 0.5564903846153846 0.027644230769230768 0.030048076923076924
0 0.08413461538461539 0.6923076923076923 0.02403846153846154 0.04807692307692308
0 0.6069711538461539 0.8822115384615384 0.016826923076923076 0.04567307692307692
0 0.15144230769230768 0.06370192307692307 0.027644230769230768 0.036057692307692304