0 0.3605769230769231 0.44711538461538464 0.06129807692307692 0.025240384615384616
0 0.3629807692307692 0.46274038461538464 0.052884615384615384 0.01201923076923077
0 0.5396634615384616 0.4170673076923077 0.040865384615384616 0.030048076923076924
0 0.28725961538461536 0.45913461538461536 0.021634615384615384 0.019230769230769232
0 0.21634615384615385 0.3605769230769231 0.019230769230769232 0.040865384615384616
0 0.5961538461538461 0.13221153846153846 0.014423076923076924 0.038461538461538464
0 0.6322115384615384 0.1141826923076923 0.03125 0.02283653846153846
0 0.9411057692307693 0.10817307692307693 0.046875 0.027644230769230768
0 0.5973557692307693 0.41947115384615385 0.016826923076923076 0.036057692307692304
0 0.5949519230769231 0.25 0.01201923076923077 0.052884615384615384
0 0.5997596153846154 0.13341346153846154 0.021634615384615384 0.021634615384615384
0 0.24639423076923078 0.6802884615384616 0.019230769230769232 0.04807692307692308
0 0.08774038461538461 0.6682692307692307 0.03365384615384615 0.028846153846153848
0 0.8533653846153846 0.47596153846153844 0.04807692307692308 0.014423076923076924
0 0.9483173076923077 0.6274038461538461 0.04326923076923077 0.04447115384615385
0 0.6021634615384616 0.47475961538461536 0.026442307692307692 0.01201923076923077
0 0.5949519230769231 0.8473557692307693 0.01201923076923077 0.04567307692307692
0 0.9326923076923077 0.5889423076923077 0.037259615384615384 0.027644230769230768
0 0.9951923076923077 0.6141826923076923 0.009615384615384616 0.04567307692307692
0 0.9951923076923077 0.5600961538461539 0.009615384615384616 0.038461538461538464