0 0.051682692307692304 0.010817307692307692 0.026442307692307692 0.021634615384615384
0 0.010817307692307692 0.007211538461538462 0.021634615384615384 0.014423076923076924
0 0.1310096153846154 0.2512019230769231 0.020432692307692308 0.06971153846153846
0 0.34975961538461536 0.1935096153846154 0.03125 0.04807692307692308
0 0.13942307692307693 0.19110576923076922 0.02403846153846154 0.05048076923076923
0 0.3485576923076923 0.34375 0.038461538461538464 0.03485576923076923
0 0.015625 0.28966346153846156 0.03125 0.03125
0 0.15865384615384615 0.36538461538461536 0.03365384615384615 0.039663461538461536
0 0.008413461538461538 0.3545673076923077 0.016826923076923076 0.04567307692307692
0 0.42908653846153844 0.008413461538461538 0.021634615384615384 0.016826923076923076
0 0.4254807692307692 0.01201923076923077 0.014423076923076924 0.02403846153846154
0 0.7391826923076923 0.15865384615384615 0.042067307692307696 0.04447115384615385
0 0.7367788461538461 0.3173076923076923 0.020432692307692308 0.05889423076923077
0 0.47716346153846156 0.4230769230769231 0.046875 0.02403846153846154
0 0.4206730769230769 0.35336538461538464 0.004807692307692308 0.04807692307692308
0 0.4254807692307692 0.35216346153846156 0.014423076923076924 0.06009615384615385
0 0.5348557692307693 0.15865384615384615 0.028846153846153848 0.06009615384615385
0 0.5240384615384616 0.16346153846153846 0.02403846153846154 0.054086538461538464
0 0.6177884615384616 0.13822115384615385 0.021634615384615384 0.030048076923076924
0 0.09134615384615384 0.6045673076923077 0.038461538461538464 0.01201923076923077
0 0.2932692307692308 0.6033653846153846 0.038461538461538464 0.009615384615384616
0 0.1141826923076923 0.6177884615384616 0.03245192307692308 0.030048076923076924
0 0.23918269230769232 0.7091346153846154 0.028846153846153848 0.028846153846153848
0 0.14903846153846154 0.8521634615384616 0.028846153846153848 0.07091346153846154
0 0.1814903846153846 0.9543269230769231 0.04447115384615385 0.036057692307692304
0 0.007211538461538462 0.8918269230769231 0.014423076923076924 0.02403846153846154
0 0.008413461538461538 0.6045673076923077 0.016826923076923076 0.01201923076923077
0 0.6947115384615384 0.6069711538461539 0.04326923076923077 0.016826923076923076
0 0.7680288461538461 0.6045673076923077 0.040865384615384616 0.01201923076923077
0 0.9098557692307693 0.6057692307692307 0.05048076923076923 0.014423076923076924
0 0.5745192307692307 0.6201923076923077 0.028846153846153848 0.03365384615384615
0 0.42788461538461536 0.6322115384615384 0.019230769230769232 0.02403846153846154
0 0.4423076923076923 0.9242788461538461 0.03365384615384615 0.036057692307692304
0 0.4891826923076923 0.9699519230769231 0.03125 0.06009615384615385
0 0.4266826923076923 0.609375 0.016826923076923076 0.021634615384615384