0 0.07211538461538461 0.10697115384615384 0.036057692307692304 0.040865384615384616
0 0.14423076923076922 0.4026442307692308 0.026442307692307692 0.039663461538461536
0 0.008413461538461538 0.48677884615384615 0.016826923076923076 0.040865384615384616
0 0.49158653846153844 0.13581730769230768 0.04326923076923077 0.025240384615384616
0 0.9146634615384616 0.008413461538461538 0.04567307692307692 0.016826923076923076
0 0.8088942307692307 0.21033653846153846 0.021634615384615384 0.036057692307692304
0 0.7884615384615384 0.4375 0.014423076923076924 0.05889423076923077
0 0.7596153846153846 0.5264423076923077 0.04927884615384615 0.03125
0 0.6502403846153846 0.5408653846153846 0.021634615384615384 0.014423076923076924
0 0.2764423076923077 0.5612980769230769 0.019230769230769232 0.026442307692307692
0 0.2692307692307692 0.65625 0.019230769230769232 0.057692307692307696
0 0.3449519230769231 0.7728365384615384 0.042067307692307696 0.03485576923076923
0 0.004807692307692308 0.8137019230769231 0.009615384615384616 0.05048076923076923
0 0.23677884615384615 0.984375 0.04567307692307692 0.03125
0 0.9387019230769231 0.5540865384615384 0.040865384615384616 0.01201923076923077
0 0.7091346153846154 0.5540865384615384 0.04807692307692308 0.01201923076923077
0 0.47716346153846156 0.5552884615384616 0.016826923076923076 0.014423076923076924
0 0.8822115384615384 0.5576923076923077 0.014423076923076924 0.019230769230769232
0 0.9074519230769231 0.5588942307692307 0.021634615384615384 0.021634615384615384
0 0.8461538461538461 0.6045673076923077 0.04567307692307692 0.039663461538461536
0 0.8245192307692307 0.6526442307692307 0.04447115384615385 0.03485576923076923
0 0.984375 0.7355769230769231 0.03125 0.056490384615384616
0 0.6201923076923077 0.8076923076923077 0.018028846153846152 0.057692307692307696
0 0.7512019230769231 0.8197115384615384 0.04326923076923077 0.027644230769230768
0 0.5853365384615384 0.9350961538461539 0.038461538461538464 0.025240384615384616