0 0.009615384615384616 0.004807692307692308 0.019230769230769232 0.009615384615384616
0 0.008413461538461538 0.009615384615384616 0.016826923076923076 0.019230769230769232
0 0.004807692307692308 0.042067307692307696 0.009615384615384616 0.07932692307692307
0 0.11899038461538461 0.01201923076923077 0.03125 0.02403846153846154
0 0.10576923076923077 0.17668269230769232 0.030048076923076924 0.030048076923076924
0 0.003605769230769231 0.12740384615384615 0.007211538461538462 0.04807692307692308
0 0.007211538461538462 0.1778846153846154 0.014423076923076924 0.052884615384615384
0 0.007211538461538462 0.21995192307692307 0.014423076923076924 0.04567307692307692
0 0.006009615384615385 0.21634615384615385 0.01201923076923077 0.04807692307692308
0 0.4074519230769231 0.004807692307692308 0.03125 0.009615384615384616
0 0.9387019230769231 0.013221153846153846 0.03125 0.026442307692307692
0 0.8942307692307693 0.008413461538461538 0.028846153846153848 0.016826923076923076
0 0.8401442307692307 0.010817307692307692 0.03125 0.021634615384615384
0 0.8076923076923077 0.009615384615384616 0.028846153846153848 0.019230769230769232
0 0.7764423076923077 0.013221153846153846 0.014423076923076924 0.026442307692307692
0 0.640625 0.007211538461538462 0.03125 0.014423076923076924
0 0.4951923076923077 0.09495192307692307 0.014423076923076924 0.021634615384615384
0 0.49399038461538464 0.013221153846153846 0.01201923076923077 0.026442307692307692
0 0.49399038461538464 0.009615384615384616 0.01201923076923077 0.019230769230769232
0 0.47596153846153844 0.35216346153846156 0.02403846153846154 0.026442307692307692
0 0.43509615384615385 0.3473557692307692 0.028846153846153848 0.016826923076923076
0 0.38100961538461536 0.34975961538461536 0.03125 0.021634615384615384
0 0.3485576923076923 0.3485576923076923 0.028846153846153848 0.019230769230769232
0 0.3173076923076923 0.35216346153846156 0.014423076923076924 0.026442307692307692
0 0.18269230769230768 0.42788461538461536 0.03125 0.03125
0 0.007211538461538462 0.6141826923076923 0.014423076923076924 0.021634615384615384
0 0.006009615384615385 0.5264423076923077 0.01201923076923077 0.038461538461538464
0 0.006009615384615385 0.4543269230769231 0.01201923076923077 0.038461538461538464
0 0.49759615384615385 0.39903846153846156 0.019230769230769232 0.028846153846153848
0 0.7872596153846154 0.5721153846153846 0.038461538461538464 0.028846153846153848
0 0.4963942307692308 0.6514423076923077 0.016826923076923076 0.02403846153846154
0 0.4951923076923077 0.8449519230769231 0.014423076923076924 0.06971153846153846
0 0.5144230769230769 0.8173076923076923 0.026442307692307692 0.03485576923076923
0 0.5072115384615384 0.9699519230769231 0.038461538461538464 0.03125
0 0.4951923076923077 0.9314903846153846 0.014423076923076924 0.016826923076923076
0 0.4951923076923077 0.7680288461538461 0.014423076923076924 0.021634615384615384
0 0.4963942307692308 0.4963942307692308 0.016826923076923076 0.021634615384615384
0 0.9495192307692307 0.8149038461538461 0.020432692307692308 0.04567307692307692