0 0.1502403846153846 0.007211538461538462 0.040865384615384616 0.014423076923076924
0 0.18870192307692307 0.1875 0.037259615384615384 0.02283653846153846
0 0.15985576923076922 0.18028846153846154 0.020432692307692308 0.042067307692307696
0 0.22716346153846154 0.23677884615384615 0.028846153846153848 0.025240384615384616
0 0.25721153846153844 0.22596153846153846 0.021634615384615384 0.02283653846153846
0 0.2980769230769231 0.25841346153846156 0.018028846153846152 0.02283653846153846
0 0.2403846153846154 0.3161057692307692 0.04326923076923077 0.052884615384615384
0 0.2548076923076923 0.3389423076923077 0.019230769230769232 0.046875
0 0.18269230769230768 0.3473557692307692 0.040865384615384616 0.03485576923076923
0 0.12259615384615384 0.35336538461538464 0.03125 0.038461538461538464
0 0.3016826923076923 0.49399038461538464 0.036057692307692304 0.05048076923076923
0 0.030048076923076924 0.24639423076923078 0.03125 0.030048076923076924
0 0.4254807692307692 0.006009615384615385 0.038461538461538464 0.01201923076923077
0 0.875 0.006009615384615385 0.04326923076923077 0.01201923076923077
0 0.8257211538461539 0.013221153846153846 0.021634615384615384 0.026442307692307692
0 0.7403846153846154 0.010817307692307692 0.028846153846153848 0.021634615384615384
0 0.6778846153846154 0.20192307692307693 0.04927884615384615 0.051682692307692304
0 0.7391826923076923 0.15264423076923078 0.021634615384615384 0.046875
0 0.8161057692307693 0.2932692307692308 0.054086538461538464 0.028846153846153848
0 0.9603365384615384 0.47596153846153844 0.021634615384615384 0.057692307692307696
0 0.46274038461538464 0.41225961538461536 0.03125 0.04807692307692308
0 0.16466346153846154 0.5408653846153846 0.021634615384615384 0.02403846153846154
0 0.24278846153846154 0.7764423076923077 0.02283653846153846 0.04807692307692308
0 0.23798076923076922 0.8485576923076923 0.027644230769230768 0.0733173076923077
0 0.27283653846153844 0.9254807692307693 0.013221153846153846 0.054086538461538464
0 0.12980769230769232 0.8605769230769231 0.03365384615384615 0.046875
0 0.16346153846153846 0.9423076923076923 0.019230769230769232 0.05889423076923077
0 0.010817307692307692 0.9519230769230769 0.021634615384615384 0.02403846153846154
0 0.19110576923076922 0.9867788461538461 0.026442307692307692 0.026442307692307692
0 0.01201923076923077 0.5372596153846154 0.02403846153846154 0.016826923076923076
0 0.6983173076923077 0.5360576923076923 0.04567307692307692 0.014423076923076924
0 0.7920673076923077 0.5348557692307693 0.03125 0.01201923076923077
0 0.8509615384615384 0.8641826923076923 0.05048076923076923 0.021634615384615384
0 0.7067307692307693 0.7728365384615384 0.057692307692307696 0.039663461538461536