0 0.15625 0.171875 0.021634615384615384 0.04447115384615385
0 0.5132211538461539 0.06129807692307692 0.007211538461538462 0.05048076923076923
0 0.5168269230769231 0.04447115384615385 0.014423076923076924 0.06009615384615385
0 0.546875 0.006009615384615385 0.036057692307692304 0.01201923076923077
0 0.625 0.009615384615384616 0.03365384615384615 0.019230769230769232
0 0.6526442307692307 0.013221153846153846 0.026442307692307692 0.026442307692307692
0 0.5973557692307693 0.009615384615384616 0.036057692307692304 0.019230769230769232
0 0.9591346153846154 0.007211538461538462 0.04326923076923077 0.014423076923076924
0 0.7043269230769231 0.4074519230769231 0.040865384615384616 0.039663461538461536
0 0.5168269230769231 0.1466346153846154 0.014423076923076924 0.02403846153846154
0 0.5144230769230769 0.039663461538461536 0.009615384615384616 0.040865384615384616
0 0.40865384615384615 0.5192307692307693 0.04807692307692308 0.019230769230769232
0 0.28125 0.5192307692307693 0.028846153846153848 0.019230769230769232
0 0.021634615384615384 0.5144230769230769 0.038461538461538464 0.009615384615384616
0 0.12620192307692307 0.8125 0.02403846153846154 0.05889423076923077
0 0.22956730769230768 0.7740384615384616 0.015625 0.06971153846153846
0 0.3016826923076923 0.8076923076923077 0.020432692307692308 0.054086538461538464
0 0.39663461538461536 0.8389423076923077 0.036057692307692304 0.051682692307692304
0 0.27524038461538464 0.6790865384615384 0.014423076923076924 0.036057692307692304
0 0.5180288461538461 0.5168269230769231 0.016826923076923076 0.014423076923076924
0 0.5168269230769231 0.5432692307692307 0.014423076923076924 0.02403846153846154
0 0.5168269230769231 0.8329326923076923 0.014423076923076924 0.040865384615384616
0 0.6598557692307693 0.5204326923076923 0.026442307692307692 0.021634615384615384
0 0.6911057692307693 0.5168269230769231 0.036057692307692304 0.014423076923076924