0 0.010817307692307692 0.007211538461538462 0.021634615384615384 0.014423076923076924
0 0.06610576923076923 0.004807692307692308 0.040865384615384616 0.009615384615384616
0 0.09615384615384616 0.01201923076923077 0.019230769230769232 0.02403846153846154
0 0.06129807692307692 0.06370192307692307 0.021634615384615384 0.046875
0 0.06129807692307692 0.2247596153846154 0.016826923076923076 0.05048076923076923
0 0.1971153846153846 0.265625 0.010817307692307692 0.03485576923076923
0 0.09134615384615384 0.3942307692307692 0.04326923076923077 0.052884615384615384
0 0.007211538461538462 0.47475961538461536 0.014423076923076924 0.040865384615384616
0 0.003605769230769231 0.5480769230769231 0.007211538461538462 0.057692307692307696
0 0.007211538461538462 0.5769230769230769 0.014423076923076924 0.04326923076923077
0 0.003605769230769231 0.5757211538461539 0.007211538461538462 0.04567307692307692
0 0.21033653846153846 0.5564903846153846 0.036057692307692304 0.036057692307692304
0 0.006009615384615385 0.38822115384615385 0.01201923076923077 0.04567307692307692
0 0.006009615384615385 0.5036057692307693 0.01201923076923077 0.040865384615384616
0 0.010817307692307692 0.5841346153846154 0.021634615384615384 0.028846153846153848
0 0.7163461538461539 0.19831730769230768 0.039663461538461536 0.03485576923076923
0 0.5901442307692307 0.21754807692307693 0.04567307692307692 0.040865384615384616
0 0.6358173076923077 0.24519230769230768 0.02403846153846154 0.06370192307692307
0 0.453125 0.11298076923076923 0.028846153846153848 0.040865384615384616
0 0.4855769230769231 0.24519230769230768 0.013221153846153846 0.051682692307692304
0 0.4495192307692308 0.30649038461538464 0.036057692307692304 0.03125
0 0.35697115384615385 0.27403846153846156 0.02283653846153846 0.054086538461538464
0 0.2932692307692308 0.007211538461538462 0.03365384615384615 0.014423076923076924
0 0.24879807692307693 0.4387019230769231 0.037259615384615384 0.039663461538461536
0 0.7824519230769231 0.4110576923076923 0.01201923076923077 0.036057692307692304
0 0.8185096153846154 0.390625 0.038461538461538464 0.03485576923076923
0 0.1622596153846154 0.734375 0.019230769230769232 0.04807692307692308
0 0.21033653846153846 0.7067307692307693 0.036057692307692304 0.02403846153846154
0 0.036057692307692304 0.9411057692307693 0.03125 0.03365384615384615
0 0.09615384615384616 0.9170673076923077 0.021634615384615384 0.03365384615384615
0 0.009615384615384616 0.7271634615384616 0.019230769230769232 0.026442307692307692
0 0.7331730769230769 0.6069711538461539 0.04326923076923077 0.016826923076923076
0 0.8064903846153846 0.6045673076923077 0.040865384615384616 0.01201923076923077
0 0.9483173076923077 0.6057692307692307 0.05048076923076923 0.014423076923076924
0 0.6129807692307693 0.6069711538461539 0.028846153846153848 0.016826923076923076
0 0.41225961538461536 0.6045673076923077 0.040865384615384616 0.01201923076923077
0 0.4807692307692308 0.859375 0.03365384615384615 0.036057692307692304
0 0.5288461538461539 0.90625 0.030048076923076924 0.05889423076923077
0 0.6742788461538461 0.9747596153846154 0.046875 0.03365384615384615
0 0.23677884615384615 0.609375 0.016826923076923076 0.021634615384615384