0 0.1875 0.04326923076923077 0.039663461538461536 0.028846153846153848
0 0.4855769230769231 0.234375 0.038461538461538464 0.028846153846153848
0 0.2247596153846154 0.3485576923076923 0.037259615384615384 0.02283653846153846
0 0.19591346153846154 0.34134615384615385 0.020432692307692308 0.042067307692307696
0 0.26322115384615385 0.39783653846153844 0.028846153846153848 0.025240384615384616
0 0.2932692307692308 0.3870192307692308 0.021634615384615384 0.02283653846153846
0 0.33413461538461536 0.41947115384615385 0.018028846153846152 0.02283653846153846
0 0.2764423076923077 0.47716346153846156 0.04326923076923077 0.052884615384615384
0 0.29086538461538464 0.5 0.019230769230769232 0.046875
0 0.21875 0.5084134615384616 0.040865384615384616 0.03485576923076923
0 0.15865384615384615 0.5144230769230769 0.03125 0.038461538461538464
0 0.06610576923076923 0.4074519230769231 0.03125 0.030048076923076924
0 0.7584134615384616 0.006009615384615385 0.016826923076923076 0.01201923076923077
0 0.7596153846153846 0.17668269230769232 0.019230769230769232 0.036057692307692304
0 0.7608173076923077 0.25961538461538464 0.021634615384615384 0.057692307692307696
0 0.7584134615384616 0.2776442307692308 0.016826923076923076 0.06009615384615385
0 0.7620192307692307 0.2439903846153846 0.02403846153846154 0.026442307692307692
0 0.7536057692307693 0.009615384615384616 0.007211538461538462 0.019230769230769232
0 0.7584134615384616 0.4423076923076923 0.016826923076923076 0.04326923076923077
0 0.7536057692307693 0.4170673076923077 0.007211538461538462 0.06009615384615385
0 0.7524038461538461 0.3004807692307692 0.004807692307692308 0.052884615384615384
0 0.7536057692307693 0.27163461538461536 0.007211538461538462 0.057692307692307696
0 0.7584134615384616 0.34134615384615385 0.016826923076923076 0.02403846153846154
0 0.7608173076923077 0.46875 0.021634615384615384 0.038461538461538464
0 0.14423076923076922 0.7163461538461539 0.042067307692307696 0.02403846153846154
0 0.26802884615384615 0.625 0.03125 0.036057692307692304
0 0.27163461538461536 0.6069711538461539 0.019230769230769232 0.016826923076923076