0 0.07451923076923077 0.007211538461538462 0.04807692307692308 0.014423076923076924
0 0.39302884615384615 0.008413461538461538 0.040865384615384616 0.016826923076923076
0 0.23918269230769232 0.01201923076923077 0.021634615384615384 0.02403846153846154
0 0.16947115384615385 0.3076923076923077 0.04326923076923077 0.04447115384615385
0 0.31490384615384615 0.4026442307692308 0.04326923076923077 0.042067307692307696
0 0.008413461538461538 0.006009615384615385 0.016826923076923076 0.01201923076923077
0 0.006009615384615385 0.5276442307692307 0.01201923076923077 0.04567307692307692
0 0.15384615384615385 0.2692307692307692 0.037259615384615384 0.027644230769230768
0 0.22355769230769232 0.2956730769230769 0.021634615384615384 0.04567307692307692
0 0.23317307692307693 0.24158653846153846 0.039663461538461536 0.039663461538461536
0 0.8064903846153846 0.006009615384615385 0.040865384615384616 0.01201923076923077
0 0.9146634615384616 0.007211538461538462 0.026442307692307692 0.014423076923076924
0 0.5769230769230769 0.006009615384615385 0.04807692307692308 0.01201923076923077
0 0.4266826923076923 0.007211538461538462 0.016826923076923076 0.014423076923076924
0 0.75 0.009615384615384616 0.014423076923076924 0.019230769230769232
0 0.7764423076923077 0.039663461538461536 0.02283653846153846 0.04567307692307692
0 0.7139423076923077 0.12860576923076922 0.04567307692307692 0.039663461538461536
0 0.6923076923076923 0.17668269230769232 0.04447115384615385 0.03485576923076923
0 0.8521634615384616 0.25961538461538464 0.03125 0.056490384615384616
0 0.4879807692307692 0.3317307692307692 0.018028846153846152 0.057692307692307696
0 0.6189903846153846 0.34375 0.04326923076923077 0.027644230769230768
0 0.90625 0.5360576923076923 0.028846153846153848 0.04326923076923077
0 0.453125 0.45913461538461536 0.038461538461538464 0.025240384615384616
0 0.009615384615384616 0.5637019230769231 0.019230769230769232 0.01201923076923077
0 0.008413461538461538 0.6418269230769231 0.016826923076923076 0.04807692307692308
0 0.004807692307692308 0.8689903846153846 0.009615384615384616 0.07451923076923077
0 0.007211538461538462 0.8377403846153846 0.014423076923076924 0.040865384615384616
0 0.002403846153846154 0.8389423076923077 0.004807692307692308 0.03365384615384615
0 0.11538461538461539 0.8341346153846154 0.03125 0.04807692307692308
0 0.390625 0.5625 0.036057692307692304 0.009615384615384616
0 0.008413461538461538 0.9927884615384616 0.016826923076923076 0.014423076923076924
0 0.46274038461538464 0.5637019230769231 0.040865384615384616 0.01201923076923077
0 0.6502403846153846 0.5757211538461539 0.036057692307692304 0.036057692307692304
0 0.7860576923076923 0.7980769230769231 0.020432692307692308 0.07451923076923077
0 0.7848557692307693 0.765625 0.03125 0.040865384615384616
0 0.8641826923076923 0.7668269230769231 0.010817307692307692 0.03365384615384615
0 0.984375 0.7620192307692307 0.03125 0.04807692307692308
0 0.9675480769230769 0.9423076923076923 0.04567307692307692 0.030048076923076924
0 0.6658653846153846 0.9302884615384616 0.036057692307692304 0.03125
0 0.7944711538461539 0.9495192307692307 0.03125 0.040865384615384616
0 0.7415865384615384 0.9807692307692307 0.036057692307692304 0.038461538461538464
0 0.7608173076923077 0.9939903846153846 0.036057692307692304 0.01201923076923077
0 0.4639423076923077 0.9447115384615384 0.027644230769230768 0.06490384615384616