0 0.30408653846153844 0.5072115384615384 0.016826923076923076 0.02403846153846154
0 0.11778846153846154 0.4362980769230769 0.04326923076923077 0.019230769230769232
0 0.28365384615384615 0.007211538461538462 0.038461538461538464 0.014423076923076924
0 0.2704326923076923 0.006009615384615385 0.036057692307692304 0.01201923076923077
0 0.7512019230769231 0.051682692307692304 0.030048076923076924 0.051682692307692304
0 0.7608173076923077 0.23197115384615385 0.020432692307692308 0.04807692307692308
0 0.8293269230769231 0.3137019230769231 0.04447115384615385 0.027644230769230768
0 0.4807692307692308 0.38221153846153844 0.027644230769230768 0.038461538461538464
0 0.484375 0.004807692307692308 0.03125 0.009615384615384616
0 0.37259615384615385 0.014423076923076924 0.009615384615384616 0.028846153846153848
0 0.25600961538461536 0.5540865384615384 0.019230769230769232 0.036057692307692304
0 0.18629807692307693 0.5228365384615384 0.040865384615384616 0.007211538461538462
0 0.010817307692307692 0.5264423076923077 0.021634615384615384 0.014423076923076924
0 0.007211538461538462 0.8485576923076923 0.014423076923076924 0.028846153846153848
0 0.23798076923076922 0.9206730769230769 0.013221153846153846 0.05048076923076923
0 0.009615384615384616 0.9158653846153846 0.019230769230769232 0.028846153846153848
0 0.6298076923076923 0.5264423076923077 0.04807692307692308 0.014423076923076924
0 0.9483173076923077 0.5276442307692307 0.040865384615384616 0.016826923076923076
0 0.7944711538461539 0.53125 0.021634615384615384 0.02403846153846154
0 0.7247596153846154 0.7403846153846154 0.04326923076923077 0.04447115384615385
0 0.8701923076923077 0.8353365384615384 0.04326923076923077 0.042067307692307696
0 0.9759615384615384 0.5252403846153846 0.038461538461538464 0.01201923076923077
0 0.3798076923076923 0.5252403846153846 0.02403846153846154 0.01201923076923077
0 0.3737980769230769 0.9603365384615384 0.01201923076923077 0.04567307692307692
0 0.7091346153846154 0.7019230769230769 0.037259615384615384 0.027644230769230768
0 0.7788461538461539 0.7283653846153846 0.021634615384615384 0.04567307692307692
0 0.7884615384615384 0.6742788461538461 0.039663461538461536 0.039663461538461536