0 0.24158653846153846 0.12379807692307693 0.04447115384615385 0.030048076923076924
0 0.484375 0.11658653846153846 0.040865384615384616 0.021634615384615384
0 0.515625 0.12740384615384615 0.019230769230769232 0.04807692307692308
0 0.4795673076923077 0.2127403846153846 0.021634615384615384 0.046875
0 0.9555288461538461 0.12620192307692307 0.03125 0.042067307692307696
0 0.4795673076923077 0.3737980769230769 0.016826923076923076 0.05048076923076923
0 0.6153846153846154 0.41466346153846156 0.010817307692307692 0.03485576923076923
0 0.5096153846153846 0.5432692307692307 0.04326923076923077 0.052884615384615384
0 0.33533653846153844 0.6237980769230769 0.03125 0.040865384615384616
0 0.3329326923076923 0.6983173076923077 0.016826923076923076 0.056490384615384616
0 0.35697115384615385 0.7307692307692307 0.030048076923076924 0.051682692307692304
0 0.3918269230769231 0.7283653846153846 0.016826923076923076 0.052884615384615384
0 0.6370192307692307 0.7055288461538461 0.04927884615384615 0.036057692307692304
0 0.7271634615384616 0.8004807692307693 0.04447115384615385 0.03485576923076923
0 0.9435096153846154 0.9002403846153846 0.040865384615384616 0.038461538461538464
0 0.09615384615384616 0.5384615384615384 0.027644230769230768 0.04567307692307692
0 0.078125 0.6538461538461539 0.02403846153846154 0.040865384615384616
0 0.21033653846153846 0.7415865384615384 0.04326923076923077 0.04447115384615385