0 0.009615384615384616 0.006009615384615385 0.019230769230769232 0.01201923076923077
0 0.36899038461538464 0.5516826923076923 0.04326923076923077 0.02403846153846154
0 0.3449519230769231 0.6394230769230769 0.021634615384615384 0.057692307692307696
0 0.008413461538461538 0.5240384615384616 0.016826923076923076 0.02403846153846154
0 0.02403846153846154 0.6754807692307693 0.03365384615384615 0.03365384615384615
0 0.004807692307692308 0.5324519230769231 0.009615384615384616 0.055288461538461536
0 0.04447115384615385 0.008413461538461538 0.03125 0.016826923076923076
0 0.04807692307692308 0.007211538461538462 0.019230769230769232 0.014423076923076924
0 0.4182692307692308 0.15865384615384615 0.019230769230769232 0.028846153846153848
0 0.41586538461538464 0.5300480769230769 0.014423076923076924 0.04567307692307692
0 0.008413461538461538 0.9158653846153846 0.016826923076923076 0.028846153846153848
0 0.39783653846153844 0.7896634615384616 0.021634615384615384 0.03125
0 0.7007211538461539 0.7115384615384616 0.021634615384615384 0.02403846153846154
0 0.9903846153846154 0.7451923076923077 0.019230769230769232 0.04807692307692308
0 0.7788461538461539 0.7379807692307693 0.02283653846153846 0.04807692307692308
0 0.7740384615384616 0.8100961538461539 0.027644230769230768 0.0733173076923077
0 0.8088942307692307 0.8870192307692307 0.013221153846153846 0.054086538461538464
0 0.9867788461538461 0.8870192307692307 0.026442307692307692 0.03365384615384615
0 0.6658653846153846 0.8221153846153846 0.03365384615384615 0.046875
0 0.6995192307692307 0.9038461538461539 0.019230769230769232 0.05889423076923077
0 0.4735576923076923 0.9134615384615384 0.04447115384615385 0.02403846153846154
0 0.7271634615384616 0.9555288461538461 0.026442307692307692 0.040865384615384616
0 0.4206730769230769 0.7079326923076923 0.02403846153846154 0.016826923076923076