0 0.5841346153846154 0.11177884615384616 0.040865384615384616 0.025240384615384616
0 0.7079326923076923 0.10336538461538461 0.028846153846153848 0.018028846153846152
0 0.8497596153846154 0.10336538461538461 0.03485576923076923 0.021634615384615384
0 0.5564903846153846 0.2764423076923077 0.018028846153846152 0.05048076923076923
0 0.5060096153846154 0.3233173076923077 0.026442307692307692 0.028846153846153848
0 0.4891826923076923 0.46153846153846156 0.02283653846153846 0.04447115384615385
0 0.5012019230769231 0.4807692307692308 0.03485576923076923 0.027644230769230768
0 0.41947115384615385 0.5889423076923077 0.05048076923076923 0.0625
0 0.3161057692307692 0.609375 0.03125 0.03365384615384615
0 0.28125 0.765625 0.038461538461538464 0.030048076923076924
0 0.22115384615384615 0.13221153846153846 0.03245192307692308 0.021634615384615384
0 0.5649038461538461 0.6814903846153846 0.046875 0.02403846153846154
0 0.7211538461538461 0.7487980769230769 0.021634615384615384 0.051682692307692304