0 0.234375 0.01201923076923077 0.026442307692307692 0.02403846153846154
0 0.0625 0.10697115384615384 0.03365384615384615 0.03125
0 0.2127403846153846 0.23557692307692307 0.040865384615384616 0.03365384615384615
0 0.10336538461538461 0.30528846153846156 0.03365384615384615 0.036057692307692304
0 0.12379807692307693 0.3004807692307692 0.026442307692307692 0.038461538461538464
0 0.21634615384615385 0.3557692307692308 0.04326923076923077 0.040865384615384616
0 0.14903846153846154 0.34975961538461536 0.036057692307692304 0.02283653846153846
0 0.025240384615384616 0.3737980769230769 0.02283653846153846 0.052884615384615384
0 0.47716346153846156 0.24158653846153846 0.019230769230769232 0.057692307692307696
0 0.46634615384615385 0.4254807692307692 0.03125 0.036057692307692304
0 0.4639423076923077 0.4723557692307692 0.013221153846153846 0.046875
0 0.3798076923076923 0.5036057692307693 0.014423076923076924 0.01201923076923077
0 0.25841346153846156 0.006009615384615385 0.03125 0.01201923076923077
0 0.5961538461538461 0.01201923076923077 0.014423076923076924 0.02403846153846154
0 0.5973557692307693 0.008413461538461538 0.016826923076923076 0.016826923076923076
0 0.5997596153846154 0.07451923076923077 0.021634615384615384 0.02403846153846154
0 0.7127403846153846 0.140625 0.03485576923076923 0.038461538461538464
0 0.7235576923076923 0.002403846153846154 0.04807692307692308 0.004807692307692308
0 0.5925480769230769 0.4855769230769231 0.007211538461538462 0.04807692307692308
0 0.47836538461538464 0.6646634615384616 0.030048076923076924 0.052884615384615384
0 0.4326923076923077 0.5540865384615384 0.028846153846153848 0.036057692307692304
0 0.3786057692307692 0.5276442307692307 0.03125 0.036057692307692304
0 0.3473557692307692 0.5360576923076923 0.028846153846153848 0.042067307692307696
0 0.3161057692307692 0.6045673076923077 0.014423076923076924 0.054086538461538464
0 0.18028846153846154 0.8221153846153846 0.03125 0.03125
0 0.006009615384615385 0.9206730769230769 0.01201923076923077 0.038461538461538464
0 0.006009615384615385 0.8485576923076923 0.01201923076923077 0.038461538461538464
0 0.5973557692307693 0.515625 0.016826923076923076 0.01201923076923077
0 0.6538461538461539 0.5144230769230769 0.038461538461538464 0.009615384615384616
0 0.7716346153846154 0.5132211538461539 0.02403846153846154 0.007211538461538462
0 0.8774038461538461 0.515625 0.03365384615384615 0.01201923076923077
0 0.6310096153846154 0.6081730769230769 0.014423076923076924 0.04807692307692308
0 0.5949519230769231 0.5661057692307693 0.01201923076923077 0.026442307692307692
0 0.5961538461538461 0.7235576923076923 0.014423076923076924 0.04326923076923077
0 0.5949519230769231 0.7367788461538461 0.01201923076923077 0.04567307692307692
0 0.6009615384615384 0.7956730769230769 0.02403846153846154 0.038461538461538464
0 0.6850961538461539 0.890625 0.040865384615384616 0.038461538461538464
0 0.8461538461538461 0.8473557692307693 0.027644230769230768 0.05048076923076923
0 0.5985576923076923 0.96875 0.019230769230769232 0.028846153846153848
0 0.5949519230769231 0.9014423076923077 0.01201923076923077 0.04807692307692308