0 0.4266826923076923 0.007211538461538462 0.04567307692307692 0.014423076923076924
0 0.37259615384615385 0.006009615384615385 0.02403846153846154 0.01201923076923077
0 0.2247596153846154 0.07932692307692307 0.010817307692307692 0.04807692307692308
0 0.09014423076923077 0.09735576923076923 0.028846153846153848 0.02403846153846154
0 0.057692307692307696 0.13822115384615385 0.028846153846153848 0.042067307692307696
0 0.003605769230769231 0.13581730769230768 0.007211538461538462 0.05048076923076923
0 0.37259615384615385 0.3870192307692308 0.037259615384615384 0.040865384615384616
0 0.47716346153846156 0.3161057692307692 0.016826923076923076 0.040865384615384616
0 0.47475961538461536 0.6105769230769231 0.01201923076923077 0.038461538461538464
0 0.8677884615384616 0.15384615384615385 0.02283653846153846 0.04807692307692308
0 0.33413461538461536 0.7451923076923077 0.03365384615384615 0.019230769230769232
0 0.009615384615384616 0.7836538461538461 0.019230769230769232 0.028846153846153848
0 0.006009615384615385 0.9867788461538461 0.01201923076923077 0.026442307692307692
0 0.9206730769230769 0.6742788461538461 0.04326923076923077 0.01201923076923077
0 0.9555288461538461 0.7175480769230769 0.016826923076923076 0.04807692307692308
0 0.9206730769230769 0.8197115384615384 0.01201923076923077 0.054086538461538464
0 0.9278846153846154 0.9471153846153846 0.028846153846153848 0.04567307692307692
0 0.703125 0.6923076923076923 0.026442307692307692 0.04807692307692308