0 0.375 0.025240384615384616 0.06370192307692307 0.027644230769230768
0 0.4230769230769231 0.02403846153846154 0.03245192307692308 0.03485576923076923
0 0.5060096153846154 0.006009615384615385 0.040865384615384616 0.01201923076923077
0 0.24879807692307693 0.007211538461538462 0.036057692307692304 0.014423076923076924
0 0.25600961538461536 0.02283653846153846 0.016826923076923076 0.04567307692307692
0 0.234375 0.11778846153846154 0.027644230769230768 0.046875
0 0.14302884615384615 0.11177884615384616 0.030048076923076924 0.04567307692307692
0 0.0673076923076923 0.006009615384615385 0.03365384615384615 0.01201923076923077
0 0.039663461538461536 0.24639423076923078 0.039663461538461536 0.03125
0 0.3942307692307692 0.1875 0.013221153846153846 0.06490384615384616
0 0.3088942307692308 0.4519230769230769 0.03365384615384615 0.028846153846153848
0 0.5612980769230769 0.16706730769230768 0.016826923076923076 0.039663461538461536
0 0.12740384615384615 0.5408653846153846 0.03365384615384615 0.02403846153846154
0 0.4963942307692308 0.5408653846153846 0.021634615384615384 0.02403846153846154
0 0.4795673076923077 0.7079326923076923 0.013221153846153846 0.054086538461538464
0 0.26802884615384615 0.8125 0.020432692307692308 0.03125
0 0.3641826923076923 0.9819711538461539 0.04807692307692308 0.02283653846153846
0 0.015625 0.5408653846153846 0.03125 0.02403846153846154
0 0.7596153846153846 0.7043269230769231 0.025240384615384616 0.04567307692307692
0 0.5901442307692307 0.6358173076923077 0.021634615384615384 0.03125
0 0.8461538461538461 0.9795673076923077 0.02403846153846154 0.040865384615384616