0 0.19591346153846154 0.007211538461538462 0.040865384615384616 0.014423076923076924
0 0.39663461538461536 0.004807692307692308 0.04326923076923077 0.009615384615384616
0 0.4254807692307692 0.2512019230769231 0.03365384615384615 0.040865384615384616
0 0.007211538461538462 0.009615384615384616 0.014423076923076924 0.019230769230769232
0 0.6887019230769231 0.006009615384615385 0.021634615384615384 0.01201923076923077
0 0.6814903846153846 0.18870192307692307 0.007211538461538462 0.04567307692307692
0 0.6850961538461539 0.18269230769230768 0.014423076923076924 0.028846153846153848
0 0.6826923076923077 0.007211538461538462 0.009615384615384616 0.014423076923076924
0 0.04807692307692308 0.4987980769230769 0.02403846153846154 0.021634615384615384
0 0.13701923076923078 0.5432692307692307 0.030048076923076924 0.03485576923076923
0 0.13341346153846154 0.59375 0.020432692307692308 0.07572115384615384
0 0.2824519230769231 0.5228365384615384 0.030048076923076924 0.019230769230769232
0 0.35096153846153844 0.5444711538461539 0.027644230769230768 0.05048076923076923
0 0.3485576923076923 0.7127403846153846 0.03125 0.04807692307692308
0 0.003605769230769231 0.6610576923076923 0.007211538461538462 0.057692307692307696
0 0.008413461538461538 0.7067307692307693 0.016826923076923076 0.057692307692307696
0 0.009615384615384616 0.49399038461538464 0.019230769230769232 0.01201923076923077
0 0.6634615384615384 0.49278846153846156 0.028846153846153848 0.009615384615384616
0 0.6923076923076923 0.9002403846153846 0.028846153846153848 0.026442307692307692
0 0.6911057692307693 0.9170673076923077 0.026442307692307692 0.01201923076923077
0 0.6875 0.8701923076923077 0.019230769230769232 0.028846153846153848
0 0.6838942307692307 0.9855769230769231 0.01201923076923077 0.019230769230769232
0 0.6826923076923077 0.9302884615384616 0.009615384615384616 0.052884615384615384
0 0.6826923076923077 0.8137019230769231 0.009615384615384616 0.040865384615384616
0 0.8040865384615384 0.5252403846153846 0.02403846153846154 0.025240384615384616