0 0.4026442307692308 0.3076923076923077 0.01201923076923077 0.052884615384615384
0 0.40024038461538464 0.5120192307692307 0.016826923076923076 0.04807692307692308
0 0.007211538461538462 0.18269230769230768 0.014423076923076924 0.052884615384615384
0 0.4182692307692308 0.006009615384615385 0.019230769230769232 0.01201923076923077
0 0.7403846153846154 0.006009615384615385 0.04326923076923077 0.01201923076923077
0 0.6911057692307693 0.013221153846153846 0.021634615384615384 0.026442307692307692
0 0.6057692307692307 0.08052884615384616 0.028846153846153848 0.04567307692307692
0 0.5432692307692307 0.2980769230769231 0.04927884615384615 0.051682692307692304
0 0.6045673076923077 0.24879807692307693 0.021634615384615384 0.046875
0 0.6814903846153846 0.3894230769230769 0.054086538461538464 0.028846153846153848
0 0.8257211538461539 0.5721153846153846 0.021634615384615384 0.057692307692307696
0 0.41586538461538464 0.5072115384615384 0.014423076923076924 0.04807692307692308
0 0.03125 0.6286057692307693 0.03365384615384615 0.021634615384615384
0 0.010817307692307692 0.6262019230769231 0.021634615384615384 0.016826923076923076
0 0.22956730769230768 0.625 0.036057692307692304 0.014423076923076924
0 0.3545673076923077 0.6346153846153846 0.038461538461538464 0.030048076923076924
0 0.36899038461538464 0.9026442307692307 0.015625 0.04567307692307692
0 0.06370192307692307 0.9723557692307693 0.040865384615384616 0.02403846153846154
0 0.4543269230769231 0.8125 0.037259615384615384 0.027644230769230768
0 0.4182692307692308 0.8798076923076923 0.019230769230769232 0.04807692307692308