0 0.03245192307692308 0.006009615384615385 0.036057692307692304 0.01201923076923077
0 0.008413461538461538 0.01201923076923077 0.016826923076923076 0.02403846153846154
0 0.38221153846153844 0.4230769230769231 0.040865384615384616 0.02283653846153846
0 0.23197115384615385 0.3112980769230769 0.03125 0.030048076923076924
0 0.45072115384615385 0.008413461538461538 0.021634615384615384 0.016826923076923076
0 0.8725961538461539 0.4567307692307692 0.038461538461538464 0.025240384615384616
0 0.44711538461538464 0.4362980769230769 0.014423076923076924 0.026442307692307692
0 0.44350961538461536 0.375 0.007211538461538462 0.052884615384615384
0 0.12379807692307693 0.4855769230769231 0.04567307692307692 0.014423076923076924
0 0.052884615384615384 0.7463942307692307 0.03125 0.030048076923076924
0 0.009615384615384616 0.8125 0.019230769230769232 0.028846153846153848
0 0.45072115384615385 0.48677884615384615 0.021634615384615384 0.016826923076923076
0 0.4495192307692308 0.5877403846153846 0.019230769230769232 0.03125
0 0.6081730769230769 0.4879807692307692 0.03365384615384615 0.019230769230769232
0 0.6646634615384616 0.4891826923076923 0.03125 0.021634615384615384
0 0.6009615384615384 0.49158653846153844 0.038461538461538464 0.026442307692307692
0 0.7367788461538461 0.9399038461538461 0.018028846153846152 0.06009615384615385