0 0.5408653846153846 0.05889423076923077 0.04567307692307692 0.028846153846153848
0 0.375 0.09735576923076923 0.05889423076923077 0.025240384615384616
0 0.3004807692307692 0.03245192307692308 0.030048076923076924 0.030048076923076924
0 0.25 0.04447115384615385 0.016826923076923076 0.051682692307692304
0 0.24639423076923078 0.2439903846153846 0.01201923076923077 0.054086538461538464
0 0.18389423076923078 0.26322115384615385 0.037259615384615384 0.039663461538461536
0 0.054086538461538464 0.3137019230769231 0.040865384615384616 0.03125
0 0.030048076923076924 0.007211538461538462 0.026442307692307692 0.014423076923076924
0 0.6838942307692307 0.007211538461538462 0.03125 0.014423076923076924
0 0.5865384615384616 0.25 0.036057692307692304 0.056490384615384616
0 0.5997596153846154 0.18870192307692307 0.010817307692307692 0.036057692307692304
0 0.18389423076923078 0.4411057692307692 0.03125 0.03485576923076923
0 0.7379807692307693 0.006009615384615385 0.019230769230769232 0.01201923076923077
0 0.734375 0.030048076923076924 0.01201923076923077 0.03125
0 0.7331730769230769 0.203125 0.009615384615384616 0.05048076923076923
0 0.734375 0.23798076923076922 0.01201923076923077 0.07211538461538461
0 0.7379807692307693 0.35096153846153844 0.019230769230769232 0.028846153846153848
0 0.7355769230769231 0.1466346153846154 0.014423076923076924 0.019230769230769232
0 0.7379807692307693 0.5576923076923077 0.019230769230769232 0.03365384615384615
0 0.7391826923076923 0.5865384615384616 0.021634615384615384 0.014423076923076924
0 0.859375 0.5841346153846154 0.040865384615384616 0.009615384615384616
0 0.8894230769230769 0.5913461538461539 0.019230769230769232 0.02403846153846154
0 0.8545673076923077 0.5901442307692307 0.021634615384615384 0.021634615384615384
0 0.8545673076923077 0.7367788461538461 0.016826923076923076 0.05048076923076923
0 0.9903846153846154 0.7776442307692307 0.010817307692307692 0.03485576923076923
0 0.8846153846153846 0.90625 0.04326923076923077 0.052884615384615384
0 0.7355769230769231 0.9831730769230769 0.014423076923076924 0.03365384615384615
0 0.734375 0.9002403846153846 0.01201923076923077 0.04567307692307692