0 0.5757211538461539 0.11298076923076923 0.046875 0.038461538461538464
0 0.7259615384615384 0.109375 0.04447115384615385 0.03365384615384615
0 0.8161057692307693 0.10096153846153846 0.027644230769230768 0.02283653846153846
0 0.859375 0.19951923076923078 0.015625 0.046875
0 0.4483173076923077 0.3125 0.030048076923076924 0.042067307692307696
0 0.18870192307692307 0.25721153846153844 0.037259615384615384 0.02283653846153846
0 0.2920673076923077 0.6778846153846154 0.02403846153846154 0.05889423076923077
0 0.3954326923076923 0.6394230769230769 0.015625 0.06971153846153846
0 0.4675480769230769 0.6730769230769231 0.020432692307692308 0.054086538461538464
0 0.5625 0.7043269230769231 0.036057692307692304 0.051682692307692304
0 0.0889423076923077 0.9603365384615384 0.027644230769230768 0.04807692307692308
0 0.4411057692307692 0.5444711538461539 0.014423076923076924 0.036057692307692304