0 0.27283653846153844 0.27884615384615385 0.06129807692307692 0.02403846153846154
0 0.28125 0.3016826923076923 0.05048076923076923 0.016826923076923076
0 0.19591346153846154 0.25600961538461536 0.015625 0.04567307692307692
0 0.13942307692307693 0.21394230769230768 0.019230769230769232 0.042067307692307696
0 0.010817307692307692 0.006009615384615385 0.021634615384615384 0.01201923076923077
0 0.1466346153846154 0.4362980769230769 0.019230769230769232 0.04567307692307692
0 0.1045673076923077 0.4543269230769231 0.03125 0.009615384615384616
0 0.37740384615384615 0.004807692307692308 0.019230769230769232 0.009615384615384616
0 0.5384615384615384 0.009615384615384616 0.03365384615384615 0.019230769230769232
0 0.6490384615384616 0.18509615384615385 0.021634615384615384 0.07932692307692307
0 0.8581730769230769 0.14302884615384615 0.03245192307692308 0.04567307692307692
0 0.84375 0.31850961538461536 0.030048076923076924 0.030048076923076924
0 0.5276442307692307 0.2704326923076923 0.016826923076923076 0.046875
0 0.375 0.31971153846153844 0.014423076923076924 0.052884615384615384
0 0.6057692307692307 0.3629807692307692 0.03245192307692308 0.046875
0 0.6382211538461539 0.359375 0.026442307692307692 0.04807692307692308
0 0.010817307692307692 0.5252403846153846 0.021634615384615384 0.03125
0 0.07572115384615384 0.4675480769230769 0.040865384615384616 0.016826923076923076
0 0.004807692307692308 0.5252403846153846 0.009615384615384616 0.05048076923076923
0 0.010817307692307692 0.8497596153846154 0.021634615384615384 0.04567307692307692
0 0.010817307692307692 0.9447115384615384 0.021634615384615384 0.04326923076923077
0 0.10336538461538461 0.4651442307692308 0.038461538461538464 0.01201923076923077
0 0.008413461538461538 0.4651442307692308 0.016826923076923076 0.01201923076923077
0 0.008413461538461538 0.8112980769230769 0.016826923076923076 0.026442307692307692
0 0.004807692307692308 0.8377403846153846 0.009615384615384616 0.04567307692307692
0 0.009615384615384616 0.7836538461538461 0.019230769230769232 0.038461538461538464
0 0.24519230769230768 0.4639423076923077 0.028846153846153848 0.009615384615384616
0 0.28846153846153844 0.4675480769230769 0.028846153846153848 0.016826923076923076
0 0.671875 0.9014423076923077 0.037259615384615384 0.04807692307692308
0 0.6370192307692307 0.921875 0.016826923076923076 0.056490384615384616
0 0.6947115384615384 0.9747596153846154 0.02403846153846154 0.05048076923076923
0 0.5877403846153846 0.9675480769230769 0.036057692307692304 0.025240384615384616
0 0.5901442307692307 0.9927884615384616 0.04567307692307692 0.014423076923076924
0 0.4182692307692308 0.9915865384615384 0.03365384615384615 0.016826923076923076
0 0.4579326923076923 0.828125 0.03365384615384615 0.027644230769230768
0 0.3737980769230769 0.546875 0.01201923076923077 0.026442307692307692
0 0.375 0.6838942307692307 0.014423076923076924 0.05048076923076923
0 0.6550480769230769 0.5697115384615384 0.036057692307692304 0.030048076923076924
0 0.8052884615384616 0.5288461538461539 0.03245192307692308 0.021634615384615384
0 0.37740384615384615 0.9747596153846154 0.019230769230769232 0.03125