0 0.009615384615384616 0.007211538461538462 0.019230769230769232 0.014423076923076924
0 0.09735576923076923 0.14423076923076922 0.038461538461538464 0.028846153846153848
0 0.008413461538461538 0.22355769230769232 0.016826923076923076 0.02403846153846154
0 0.007211538461538462 0.4170673076923077 0.014423076923076924 0.06971153846153846
0 0.006009615384615385 0.38822115384615385 0.01201923076923077 0.036057692307692304
0 0.009615384615384616 0.5420673076923077 0.019230769230769232 0.03125
0 0.007211538461538462 0.5036057692307693 0.014423076923076924 0.016826923076923076
0 0.007211538461538462 0.3401442307692308 0.014423076923076924 0.021634615384615384
0 0.008413461538461538 0.06850961538461539 0.016826923076923076 0.021634615384615384
0 0.25961538461538464 0.3870192307692308 0.020432692307692308 0.04567307692307692
0 0.40625 0.004807692307692308 0.04326923076923077 0.009615384615384616
0 0.6454326923076923 0.07932692307692307 0.039663461538461536 0.025240384615384616
0 0.4230769230769231 0.17307692307692307 0.02283653846153846 0.038461538461538464
0 0.5288461538461539 0.2860576923076923 0.028846153846153848 0.04447115384615385
0 0.4495192307692308 0.40024038461538464 0.039663461538461536 0.052884615384615384
0 0.48677884615384615 0.5 0.046875 0.03485576923076923
0 0.3485576923076923 0.019230769230769232 0.019230769230769232 0.028846153846153848
0 0.34615384615384615 0.45913461538461536 0.014423076923076924 0.019230769230769232
0 0.9699519230769231 0.4675480769230769 0.010817307692307692 0.04567307692307692
0 0.2536057692307692 0.8966346153846154 0.037259615384615384 0.04807692307692308
0 0.21875 0.9170673076923077 0.016826923076923076 0.056490384615384616
0 0.2776442307692308 0.9711538461538461 0.02283653846153846 0.052884615384615384
0 0.16947115384615385 0.9627403846153846 0.036057692307692304 0.025240384615384616
0 0.171875 0.9903846153846154 0.04567307692307692 0.019230769230769232
0 0.008413461538461538 0.9891826923076923 0.016826923076923076 0.021634615384615384
0 0.039663461538461536 0.8233173076923077 0.03365384615384615 0.027644230769230768
0 0.006009615384615385 0.6742788461538461 0.01201923076923077 0.01201923076923077
0 0.007211538461538462 0.6862980769230769 0.014423076923076924 0.036057692307692304
0 0.23677884615384615 0.6754807692307693 0.036057692307692304 0.014423076923076924
0 0.009615384615384616 0.9699519230769231 0.019230769230769232 0.03125
0 0.8353365384615384 0.8810096153846154 0.03125 0.05048076923076923
0 0.6189903846153846 0.7403846153846154 0.037259615384615384 0.04807692307692308
0 0.5841346153846154 0.7608173076923077 0.016826923076923076 0.056490384615384616
0 0.6430288461538461 0.8149038461538461 0.02283653846153846 0.052884615384615384
0 0.5348557692307693 0.8064903846153846 0.036057692307692304 0.025240384615384616
0 0.5384615384615384 0.8485576923076923 0.04447115384615385 0.04447115384615385
0 0.5360576923076923 0.9519230769230769 0.013221153846153846 0.042067307692307696
0 0.36658653846153844 0.8377403846153846 0.03365384615384615 0.028846153846153848
0 0.40384615384615385 0.9002403846153846 0.013221153846153846 0.052884615384615384
0 0.40384615384615385 0.6742788461538461 0.03365384615384615 0.01201923076923077
0 0.3449519230769231 0.6742788461538461 0.01201923076923077 0.01201923076923077
0 0.34615384615384615 0.6802884615384616 0.014423076923076924 0.02403846153846154
0 0.6021634615384616 0.6754807692307693 0.036057692307692304 0.014423076923076924
0 0.7512019230769231 0.6730769230769231 0.03125 0.009615384615384616
0 0.3485576923076923 0.8137019230769231 0.019230769230769232 0.03125
0 0.3485576923076923 0.9567307692307693 0.019230769230769232 0.052884615384615384