0 0.3293269230769231 0.004807692307692308 0.03365384615384615 0.009615384615384616
0 0.009615384615384616 0.006009615384615385 0.019230769230769232 0.01201923076923077
0 0.01201923076923077 0.33052884615384615 0.02403846153846154 0.040865384615384616
0 0.006009615384615385 0.203125 0.01201923076923077 0.04567307692307692
0 0.16346153846153846 0.30528846153846156 0.036057692307692304 0.039663461538461536
0 0.17548076923076922 0.5084134615384616 0.021634615384615384 0.056490384615384616
0 0.009615384615384616 0.46634615384615385 0.019230769230769232 0.02403846153846154
0 0.006009615384615385 0.4254807692307692 0.01201923076923077 0.052884615384615384
0 0.010817307692307692 0.5600961538461539 0.021634615384615384 0.03365384615384615
0 0.009615384615384616 0.5192307692307693 0.019230769230769232 0.04807692307692308
0 0.007211538461538462 0.5889423076923077 0.014423076923076924 0.028846153846153848
0 0.5180288461538461 0.009615384615384616 0.016826923076923076 0.019230769230769232
0 0.5144230769230769 0.24158653846153846 0.009615384615384616 0.05048076923076923
0 0.8461538461538461 0.01201923076923077 0.014423076923076924 0.02403846153846154
0 0.8473557692307693 0.008413461538461538 0.036057692307692304 0.016826923076923076
0 0.8930288461538461 0.010817307692307692 0.03125 0.021634615384615384
0 0.7512019230769231 0.004807692307692308 0.03125 0.009615384615384616
0 0.875 0.010817307692307692 0.028846153846153848 0.021634615384615384
0 0.9807692307692307 0.6358173076923077 0.038461538461538464 0.03125
0 0.007211538461538462 0.9615384615384616 0.014423076923076924 0.052884615384615384
0 0.7427884615384616 0.6887019230769231 0.02403846153846154 0.021634615384615384
0 0.8581730769230769 0.8942307692307693 0.02403846153846154 0.039663461538461536
0 0.6057692307692307 0.6899038461538461 0.02403846153846154 0.02403846153846154
0 0.8701923076923077 0.6826923076923077 0.02403846153846154 0.009615384615384616