0 0.008413461538461538 0.01201923076923077 0.016826923076923076 0.02403846153846154
0 0.21394230769230768 0.01201923076923077 0.028846153846153848 0.02403846153846154
0 0.31009615384615385 0.10336538461538461 0.025240384615384616 0.038461538461538464
0 0.35096153846153844 0.125 0.04447115384615385 0.025240384615384616
0 0.12259615384615384 0.3173076923076923 0.040865384615384616 0.02283653846153846
0 0.007211538461538462 0.20432692307692307 0.014423076923076924 0.028846153846153848
0 0.9122596153846154 0.27163461538461536 0.03125 0.04567307692307692
0 0.6346153846153846 0.007211538461538462 0.038461538461538464 0.014423076923076924
0 0.6213942307692307 0.006009615384615385 0.036057692307692304 0.01201923076923077
0 0.3737980769230769 0.5264423076923077 0.026442307692307692 0.05048076923076923
0 0.20192307692307693 0.6646634615384616 0.03365384615384615 0.03125
0 0.35216346153846156 0.7932692307692307 0.040865384615384616 0.03365384615384615
0 0.24278846153846154 0.8629807692307693 0.03365384615384615 0.036057692307692304
0 0.26322115384615385 0.8581730769230769 0.026442307692307692 0.038461538461538464
0 0.3557692307692308 0.9134615384615384 0.04326923076923077 0.040865384615384616
0 0.28846153846153844 0.9074519230769231 0.036057692307692304 0.02283653846153846
0 0.16466346153846154 0.9314903846153846 0.02283653846153846 0.052884615384615384
0 0.39903846153846156 0.45913461538461536 0.03125 0.02403846153846154
0 0.5516826923076923 0.7439903846153846 0.026442307692307692 0.04567307692307692
0 0.7007211538461539 0.8533653846153846 0.056490384615384616 0.03485576923076923
0 0.8942307692307693 0.8233173076923077 0.036057692307692304 0.036057692307692304
0 0.8473557692307693 0.9170673076923077 0.025240384615384616 0.028846153846153848
0 0.5853365384615384 0.9831730769230769 0.036057692307692304 0.03365384615384615
0 0.6418269230769231 0.9242788461538461 0.028846153846153848 0.042067307692307696
0 0.4387019230769231 0.515625 0.021634615384615384 0.026442307692307692