0 0.1658653846153846 0.06129807692307692 0.04326923076923077 0.027644230769230768
0 0.46033653846153844 0.05048076923076923 0.016826923076923076 0.02403846153846154
0 0.45552884615384615 0.2692307692307692 0.015625 0.052884615384615384
0 0.40384615384615385 0.2668269230769231 0.021634615384615384 0.054086538461538464
0 0.3894230769230769 0.4230769230769231 0.03485576923076923 0.016826923076923076
0 0.19230769230769232 0.5757211538461539 0.030048076923076924 0.04807692307692308
0 0.33052884615384615 0.5168269230769231 0.054086538461538464 0.04567307692307692
0 0.5288461538461539 0.04567307692307692 0.025240384615384616 0.04807692307692308
0 0.5216346153846154 0.05889423076923077 0.02403846153846154 0.042067307692307696
0 0.8846153846153846 0.4206730769230769 0.03485576923076923 0.036057692307692304
0 0.49158653846153844 0.11298076923076923 0.03485576923076923 0.02283653846153846
0 0.46033653846153844 0.6262019230769231 0.016826923076923076 0.016826923076923076
0 0.35336538461538464 0.6262019230769231 0.028846153846153848 0.016826923076923076
0 0.15264423076923078 0.6237980769230769 0.040865384615384616 0.01201923076923077
0 0.22115384615384615 0.859375 0.03365384615384615 0.036057692307692304
0 0.2692307692307692 0.90625 0.030048076923076924 0.05889423076923077
0 0.41466346153846156 0.9747596153846154 0.046875 0.03365384615384615
0 0.008413461538461538 0.6286057692307693 0.016826923076923076 0.021634615384615384
0 0.6586538461538461 0.6262019230769231 0.038461538461538464 0.016826923076923076
0 0.8245192307692307 0.6237980769230769 0.04326923076923077 0.01201923076923077
0 0.6814903846153846 0.625 0.040865384615384616 0.014423076923076924
0 0.8389423076923077 0.6225961538461539 0.038461538461538464 0.009615384615384616
0 0.7235576923076923 0.6538461538461539 0.028846153846153848 0.07211538461538461
0 0.7536057692307693 0.7439903846153846 0.046875 0.028846153846153848
0 0.47596153846153844 0.6237980769230769 0.014423076923076924 0.01201923076923077
0 0.515625 0.6971153846153846 0.02283653846153846 0.039663461538461536