0 0.7668269230769231 0.09615384615384616 0.03365384615384615 0.019230769230769232
0 0.9795673076923077 0.10216346153846154 0.040865384615384616 0.037259615384615384
0 0.05048076923076923 0.13581730769230768 0.040865384615384616 0.027644230769230768
0 0.40024038461538464 0.47596153846153844 0.051682692307692304 0.039663461538461536
0 0.24519230769230768 0.3473557692307692 0.026442307692307692 0.04567307692307692
0 0.6009615384615384 0.4495192307692308 0.036057692307692304 0.039663461538461536
0 0.6129807692307693 0.6526442307692307 0.021634615384615384 0.056490384615384616
0 0.2920673076923077 0.6117788461538461 0.039663461538461536 0.02403846153846154
0 0.35697115384615385 0.5709134615384616 0.025240384615384616 0.051682692307692304
0 0.28365384615384615 0.7055288461538461 0.04326923076923077 0.03485576923076923
0 0.09375 0.6634615384615384 0.038461538461538464 0.04807692307692308
0 0.038461538461538464 0.734375 0.03125 0.027644230769230768