0 0.4266826923076923 0.009615384615384616 0.03125 0.019230769230769232
0 0.4543269230769231 0.010817307692307692 0.014423076923076924 0.021634615384615384
0 0.11778846153846154 0.006009615384615385 0.03365384615384615 0.01201923076923077
0 0.07692307692307693 0.038461538461538464 0.03485576923076923 0.036057692307692304
0 0.5060096153846154 0.1141826923076923 0.01201923076923077 0.04567307692307692
0 0.5540865384615384 0.22355769230769232 0.056490384615384616 0.03485576923076923
0 0.7475961538461539 0.1935096153846154 0.036057692307692304 0.036057692307692304
0 0.7007211538461539 0.28725961538461536 0.025240384615384616 0.028846153846153848
0 0.7560096153846154 0.3918269230769231 0.04326923076923077 0.03125
0 0.5084134615384616 0.359375 0.016826923076923076 0.04567307692307692
0 0.5072115384615384 0.2932692307692308 0.014423076923076924 0.04326923076923077
0 0.5108173076923077 0.44471153846153844 0.021634615384615384 0.04326923076923077
0 0.5096153846153846 0.41346153846153844 0.019230769230769232 0.04807692307692308
0 0.5096153846153846 0.5036057692307693 0.019230769230769232 0.03125
0 0.5108173076923077 0.006009615384615385 0.021634615384615384 0.01201923076923077
0 0.8930288461538461 0.003605769230769231 0.03125 0.007211538461538462
0 0.2704326923076923 0.6887019230769231 0.03125 0.040865384615384616
0 0.203125 0.6790865384615384 0.016826923076923076 0.021634615384615384
0 0.15144230769230768 0.6814903846153846 0.019230769230769232 0.026442307692307692
0 0.16466346153846154 0.6778846153846154 0.016826923076923076 0.019230769230769232
0 0.20552884615384615 0.6826923076923077 0.03125 0.028846153846153848
0 0.23918269230769232 0.7295673076923077 0.015625 0.04567307692307692
0 0.22716346153846154 0.7572115384615384 0.010817307692307692 0.046875
0 0.006009615384615385 0.6826923076923077 0.01201923076923077 0.028846153846153848
0 0.003605769230769231 0.9807692307692307 0.007211538461538462 0.038461538461538464
0 0.007211538461538462 0.9891826923076923 0.014423076923076924 0.021634615384615384
0 0.1935096153846154 0.8125 0.015625 0.042067307692307696
0 0.027644230769230768 0.9723557692307693 0.021634615384615384 0.039663461538461536
0 0.7331730769230769 0.7247596153846154 0.040865384615384616 0.019230769230769232
0 0.6959134615384616 0.9891826923076923 0.036057692307692304 0.021634615384615384
0 0.5084134615384616 0.8329326923076923 0.016826923076923076 0.021634615384615384