0 0.10817307692307693 0.12980769230769232 0.015625 0.056490384615384616
0 0.140625 0.203125 0.015625 0.052884615384615384
0 0.026442307692307692 0.18269230769230768 0.013221153846153846 0.06009615384615385
0 0.008413461538461538 0.056490384615384616 0.016826923076923076 0.040865384615384616
0 0.008413461538461538 0.3137019230769231 0.016826923076923076 0.036057692307692304
0 0.006009615384615385 0.17668269230769232 0.01201923076923077 0.026442307692307692
0 0.15264423076923078 0.4375 0.015625 0.056490384615384616
0 0.46033653846153844 0.0985576923076923 0.039663461538461536 0.028846153846153848
0 0.7776442307692307 0.27163461538461536 0.038461538461538464 0.028846153846153848
0 0.453125 0.35216346153846156 0.037259615384615384 0.025240384615384616
0 0.46875 0.5444711538461539 0.030048076923076924 0.06971153846153846
0 0.5048076923076923 0.5168269230769231 0.026442307692307692 0.03485576923076923
0 0.34975961538461536 0.6310096153846154 0.021634615384615384 0.016826923076923076
0 0.34615384615384615 0.4675480769230769 0.014423076923076924 0.021634615384615384
0 0.3473557692307692 0.19591346153846154 0.016826923076923076 0.021634615384615384
0 0.9399038461538461 0.5144230769230769 0.020432692307692308 0.04567307692307692
0 0.010817307692307692 0.6550480769230769 0.021634615384615384 0.01201923076923077
0 0.003605769230769231 0.6814903846153846 0.007211538461538462 0.04567307692307692
0 0.007211538461538462 0.6754807692307693 0.014423076923076924 0.028846153846153848
0 0.052884615384615384 0.65625 0.019230769230769232 0.014423076923076924
0 0.7884615384615384 0.65625 0.038461538461538464 0.014423076923076924
0 0.8341346153846154 0.6574519230769231 0.04326923076923077 0.016826923076923076
0 0.9350961538461539 0.65625 0.02403846153846154 0.014423076923076924
0 0.6177884615384616 0.8533653846153846 0.038461538461538464 0.02403846153846154
0 0.6947115384615384 0.859375 0.020432692307692308 0.040865384615384616