0 0.2403846153846154 0.007211538461538462 0.038461538461538464 0.014423076923076924
0 0.06971153846153846 0.006009615384615385 0.0625 0.01201923076923077
0 0.078125 0.003605769230769231 0.05048076923076923 0.007211538461538462
0 0.003605769230769231 0.010817307692307692 0.007211538461538462 0.021634615384615384
0 0.004807692307692308 0.009615384615384616 0.009615384615384616 0.019230769230769232
0 0.010817307692307692 0.004807692307692308 0.021634615384615384 0.009615384615384616
0 0.004807692307692308 0.13822115384615385 0.009615384615384616 0.06009615384615385
0 0.007211538461538462 0.16466346153846154 0.014423076923076924 0.040865384615384616
0 0.010817307692307692 0.1814903846153846 0.021634615384615384 0.036057692307692304
0 0.27163461538461536 0.06971153846153846 0.026442307692307692 0.021634615384615384
0 0.2800480769230769 0.12980769230769232 0.030048076923076924 0.05889423076923077
0 0.9290865384615384 0.013221153846153846 0.016826923076923076 0.026442307692307692
0 0.9615384615384616 0.013221153846153846 0.014423076923076924 0.026442307692307692
0 0.8473557692307693 0.014423076923076924 0.01201923076923077 0.028846153846153848
0 0.6838942307692307 0.009615384615384616 0.036057692307692304 0.019230769230769232
0 0.578125 0.109375 0.016826923076923076 0.036057692307692304
0 0.5757211538461539 0.006009615384615385 0.01201923076923077 0.01201923076923077
0 0.9735576923076923 0.22716346153846154 0.014423076923076924 0.04567307692307692
0 0.08052884615384616 0.3713942307692308 0.04326923076923077 0.03485576923076923
0 0.22115384615384615 0.5396634615384616 0.03125 0.04447115384615385
0 0.5637019230769231 0.6935096153846154 0.01201923076923077 0.04567307692307692
0 0.31850961538461536 0.9591346153846154 0.046875 0.02403846153846154
0 0.25 0.8894230769230769 0.013221153846153846 0.04807692307692308
0 0.057692307692307696 0.8894230769230769 0.03125 0.06009615384615385
0 0.3762019230769231 0.6947115384615384 0.028846153846153848 0.06009615384615385
0 0.36538461538461536 0.6995192307692307 0.02403846153846154 0.054086538461538464
0 0.45913461538461536 0.6742788461538461 0.021634615384615384 0.030048076923076924
0 0.5889423076923077 0.3894230769230769 0.025240384615384616 0.04567307692307692
0 0.5805288461538461 0.32091346153846156 0.021634615384615384 0.03125
0 0.6670673076923077 0.7295673076923077 0.020432692307692308 0.06971153846153846
0 0.8858173076923077 0.671875 0.03125 0.04807692307692308
0 0.6754807692307693 0.6694711538461539 0.02403846153846154 0.05048076923076923
0 0.8846153846153846 0.8221153846153846 0.038461538461538464 0.03485576923076923
0 0.578125 0.7680288461538461 0.016826923076923076 0.03125
0 0.6947115384615384 0.84375 0.03365384615384615 0.039663461538461536
0 0.578125 0.8329326923076923 0.016826923076923076 0.04567307692307692