0 0.34615384615384615 0.007211538461538462 0.038461538461538464 0.014423076923076924
0 0.3918269230769231 0.008413461538461538 0.04326923076923077 0.016826923076923076
0 0.17548076923076922 0.16105769230769232 0.038461538461538464 0.02403846153846154
0 0.25240384615384615 0.16706730769230768 0.020432692307692308 0.040865384615384616
0 0.15745192307692307 0.42788461538461536 0.051682692307692304 0.04567307692307692
0 0.30528846153846156 0.5204326923076923 0.051682692307692304 0.027644230769230768
0 0.8701923076923077 0.008413461538461538 0.04326923076923077 0.016826923076923076
0 0.9435096153846154 0.006009615384615385 0.040865384615384616 0.01201923076923077
0 0.75 0.008413461538461538 0.028846153846153848 0.016826923076923076
0 0.5492788461538461 0.006009615384615385 0.040865384615384616 0.01201923076923077
0 0.6177884615384616 0.2920673076923077 0.03365384615384615 0.036057692307692304
0 0.6658653846153846 0.3389423076923077 0.030048076923076924 0.05889423076923077
0 0.8112980769230769 0.4074519230769231 0.046875 0.03365384615384615
0 0.4675480769230769 0.010817307692307692 0.016826923076923076 0.021634615384615384
0 0.45072115384615385 0.5625 0.01201923076923077 0.028846153846153848
0 0.4266826923076923 0.5516826923076923 0.040865384615384616 0.007211538461538462
0 0.3942307692307692 0.5625 0.014423076923076924 0.028846153846153848
0 0.27163461538461536 0.7427884615384616 0.019230769230769232 0.04807692307692308
0 0.13581730769230768 0.78125 0.03125 0.040865384615384616
0 0.04567307692307692 0.9026442307692307 0.03245192307692308 0.016826923076923076
0 0.006009615384615385 0.8413461538461539 0.01201923076923077 0.03365384615384615
0 0.004807692307692308 0.7560096153846154 0.009615384615384616 0.040865384615384616
0 0.6466346153846154 0.5588942307692307 0.028846153846153848 0.021634615384615384
0 0.6911057692307693 0.5516826923076923 0.03125 0.007211538461538462
0 0.9014423076923077 0.6730769230769231 0.013221153846153846 0.057692307692307696
0 0.6298076923076923 0.671875 0.040865384615384616 0.036057692307692304
0 0.5336538461538461 0.5540865384615384 0.038461538461538464 0.01201923076923077
0 0.5216346153846154 0.7067307692307693 0.02283653846153846 0.040865384615384616
0 0.5264423076923077 0.7427884615384616 0.03365384615384615 0.03485576923076923
0 0.46153846153846156 0.7872596153846154 0.004807692307692308 0.06009615384615385
0 0.6262019230769231 0.7908653846153846 0.057692307692307696 0.025240384615384616
0 0.5685096153846154 0.8040865384615384 0.038461538461538464 0.03125