0 0.039663461538461536 0.5072115384615384 0.021634615384615384 0.04326923076923077
0 0.4567307692307692 0.5216346153846154 0.019230769230769232 0.014423076923076924
0 0.002403846153846154 0.4074519230769231 0.004807692307692308 0.040865384615384616
0 0.9459134615384616 0.003605769230769231 0.040865384615384616 0.007211538461538462
0 0.6117788461538461 0.007211538461538462 0.04567307692307692 0.014423076923076924
0 0.5396634615384616 0.007211538461538462 0.03125 0.014423076923076924
0 0.9951923076923077 0.019230769230769232 0.009615384615384616 0.038461538461538464
0 0.9170673076923077 0.5072115384615384 0.046875 0.02403846153846154
0 0.4879807692307692 0.01201923076923077 0.019230769230769232 0.02403846153846154
0 0.009615384615384616 0.5348557692307693 0.019230769230769232 0.01201923076923077
0 0.10576923076923077 0.5348557692307693 0.04326923076923077 0.01201923076923077
0 0.38341346153846156 0.5348557692307693 0.04567307692307692 0.01201923076923077
0 0.056490384615384616 0.5420673076923077 0.021634615384615384 0.026442307692307692
0 0.007211538461538462 0.5396634615384616 0.014423076923076924 0.021634615384615384
0 0.01201923076923077 0.7103365384615384 0.02403846153846154 0.05048076923076923
0 0.004807692307692308 0.6610576923076923 0.009615384615384616 0.04807692307692308
0 0.046875 0.8028846153846154 0.054086538461538464 0.028846153846153848
0 0.19110576923076922 0.9783653846153846 0.021634615384615384 0.04326923076923077
0 0.007211538461538462 0.9206730769230769 0.014423076923076924 0.04807692307692308
0 0.6742788461538461 0.5408653846153846 0.03125 0.02403846153846154
0 0.48677884615384615 0.5372596153846154 0.016826923076923076 0.016826923076923076
0 0.5901442307692307 0.6069711538461539 0.04447115384615385 0.02283653846153846
0 0.9026442307692307 0.671875 0.03485576923076923 0.038461538461538464
0 0.9134615384615384 0.53125 0.04807692307692308 0.004807692307692308