0 0.014423076923076924 0.008413461538461538 0.028846153846153848 0.016826923076923076
0 0.17548076923076922 0.006009615384615385 0.04326923076923077 0.01201923076923077
0 0.03245192307692308 0.007211538461538462 0.040865384615384616 0.014423076923076924
0 0.18990384615384615 0.004807692307692308 0.038461538461538464 0.009615384615384616
0 0.07572115384615384 0.12620192307692307 0.027644230769230768 0.07692307692307693
0 0.10336538461538461 0.21514423076923078 0.04807692307692308 0.026442307692307692
0 0.007211538461538462 0.006009615384615385 0.014423076923076924 0.01201923076923077
0 0.004807692307692308 0.16947115384615385 0.009615384615384616 0.040865384615384616
0 0.9002403846153846 0.18269230769230768 0.018028846153846152 0.04567307692307692
0 0.6875 0.17908653846153846 0.04807692307692308 0.025240384615384616
0 0.22596153846153846 0.3762019230769231 0.03125 0.042067307692307696
0 0.15504807692307693 0.48197115384615385 0.036057692307692304 0.04567307692307692
0 0.6286057692307693 0.6466346153846154 0.021634615384615384 0.04807692307692308
0 0.5384615384615384 0.9723557692307693 0.04326923076923077 0.05048076923076923
0 0.40024038461538464 0.8509615384615384 0.030048076923076924 0.039663461538461536
0 0.6490384615384616 0.23557692307692307 0.019230769230769232 0.014423076923076924
0 0.8581730769230769 0.359375 0.038461538461538464 0.028846153846153848
0 0.6478365384615384 0.4723557692307692 0.016826923076923076 0.021634615384615384
0 0.6442307692307693 0.4651442307692308 0.009615384615384616 0.040865384615384616
0 0.6466346153846154 0.5216346153846154 0.014423076923076924 0.02403846153846154
0 0.6658653846153846 0.5120192307692307 0.021634615384615384 0.02283653846153846
0 0.7067307692307693 0.5444711538461539 0.018028846153846152 0.02283653846153846
0 0.6550480769230769 0.6009615384615384 0.03125 0.052884615384615384
0 0.6634615384615384 0.625 0.019230769230769232 0.046875
0 0.6490384615384616 0.6322115384615384 0.019230769230769232 0.03365384615384615
0 0.6466346153846154 0.6394230769230769 0.014423076923076924 0.038461538461538464
0 0.7139423076923077 0.78125 0.040865384615384616 0.051682692307692304
0 0.7788461538461539 0.78125 0.04326923076923077 0.02403846153846154
0 0.8605769230769231 0.7560096153846154 0.037259615384615384 0.030048076923076924
0 0.8161057692307693 0.8149038461538461 0.02403846153846154 0.05889423076923077
0 0.6478365384615384 0.8305288461538461 0.016826923076923076 0.03125
0 0.6466346153846154 0.53125 0.014423076923076924 0.028846153846153848