0 0.3161057692307692 0.009615384615384616 0.026442307692307692 0.019230769230769232
0 0.19951923076923078 0.009615384615384616 0.028846153846153848 0.019230769230769232
0 0.04447115384615385 0.3485576923076923 0.02403846153846154 0.05889423076923077
0 0.14783653846153846 0.31009615384615385 0.015625 0.06971153846153846
0 0.21995192307692307 0.34375 0.020432692307692308 0.054086538461538464
0 0.3125 0.3737980769230769 0.03365384615384615 0.05048076923076923
0 0.1935096153846154 0.21514423076923078 0.014423076923076924 0.036057692307692304
0 0.38822115384615385 0.08413461538461539 0.037259615384615384 0.030048076923076924
0 0.4170673076923077 0.27283653846153844 0.03125 0.02283653846153846
0 0.47716346153846156 0.5625 0.03125 0.040865384615384616
0 0.7776442307692307 0.010817307692307692 0.026442307692307692 0.021634615384615384
0 0.8088942307692307 0.109375 0.036057692307692304 0.030048076923076924
0 0.004807692307692308 0.6189903846153846 0.009615384615384616 0.021634615384615384
0 0.018028846153846152 0.6165865384615384 0.03125 0.016826923076923076
0 0.014423076923076924 0.6262019230769231 0.019230769230769232 0.036057692307692304
0 0.16346153846153846 0.6129807692307693 0.028846153846153848 0.009615384615384616
0 0.23197115384615385 0.6201923076923077 0.026442307692307692 0.02403846153846154
0 0.23076923076923078 0.7127403846153846 0.03125 0.04807692307692308
0 0.003605769230769231 0.6610576923076923 0.007211538461538462 0.057692307692307696
0 0.008413461538461538 0.7067307692307693 0.016826923076923076 0.057692307692307696
0 0.009615384615384616 0.6141826923076923 0.019230769230769232 0.01201923076923077
0 0.5709134615384616 0.6189903846153846 0.026442307692307692 0.021634615384615384
0 0.3401442307692308 0.6153846153846154 0.021634615384615384 0.014423076923076924
0 0.6502403846153846 0.8040865384615384 0.020432692307692308 0.06971153846153846
0 0.8689903846153846 0.7463942307692307 0.03125 0.04807692307692308
0 0.6586538461538461 0.7439903846153846 0.02403846153846154 0.05048076923076923
0 0.8677884615384616 0.8966346153846154 0.038461538461538464 0.03485576923076923
0 0.5324519230769231 0.8425480769230769 0.037259615384615384 0.03125
0 0.6778846153846154 0.9182692307692307 0.03365384615384615 0.039663461538461536
0 0.34615384615384615 0.9074519230769231 0.03365384615384615 0.04567307692307692