0 0.32572115384615385 0.006009615384615385 0.040865384615384616 0.01201923076923077
0 0.4495192307692308 0.003605769230769231 0.028846153846153848 0.007211538461538462
0 0.29927884615384615 0.040865384615384616 0.018028846153846152 0.05048076923076923
0 0.24879807692307693 0.08774038461538461 0.026442307692307692 0.028846153846153848
0 0.23197115384615385 0.22596153846153846 0.02283653846153846 0.04447115384615385
0 0.2439903846153846 0.24519230769230768 0.03485576923076923 0.027644230769230768
0 0.1622596153846154 0.35336538461538464 0.05048076923076923 0.0625
0 0.05889423076923077 0.3737980769230769 0.03125 0.03365384615384615
0 0.02403846153846154 0.5300480769230769 0.038461538461538464 0.030048076923076924
0 0.3076923076923077 0.44591346153846156 0.046875 0.02403846153846154
0 0.4639423076923077 0.5132211538461539 0.021634615384615384 0.051682692307692304
0 0.6826923076923077 0.11177884615384616 0.036057692307692304 0.027644230769230768
0 0.9495192307692307 0.10216346153846154 0.038461538461538464 0.02283653846153846
0 0.9266826923076923 0.375 0.014423076923076924 0.04807692307692308
0 0.8810096153846154 0.33413461538461536 0.026442307692307692 0.025240384615384616
0 0.8521634615384616 0.49158653846153844 0.028846153846153848 0.04447115384615385
0 0.8581730769230769 0.5036057692307693 0.02403846153846154 0.04567307692307692
0 0.8173076923076923 0.5625 0.04927884615384615 0.038461538461538464
0 0.9795673076923077 0.65625 0.040865384615384616 0.038461538461538464
0 0.7223557692307693 0.7295673076923077 0.040865384615384616 0.016826923076923076
0 0.6466346153846154 0.6694711538461539 0.026442307692307692 0.04807692307692308
0 0.04807692307692308 0.7427884615384616 0.038461538461538464 0.009615384615384616
0 0.042067307692307696 0.7451923076923077 0.036057692307692304 0.014423076923076924
0 0.453125 0.7463942307692307 0.03125 0.016826923076923076
0 0.44711538461538464 0.7475961538461539 0.038461538461538464 0.019230769230769232
0 0.5276442307692307 0.7463942307692307 0.021634615384615384 0.016826923076923076
0 0.3125 0.7512019230769231 0.038461538461538464 0.026442307692307692
0 0.9939903846153846 0.7512019230769231 0.01201923076923077 0.026442307692307692
0 0.859375 0.7451923076923077 0.03125 0.014423076923076924
0 0.6310096153846154 0.7427884615384616 0.03125 0.009615384615384616
0 0.5444711538461539 0.7475961538461539 0.01201923076923077 0.019230769230769232
0 0.5444711538461539 0.7475961538461539 0.01201923076923077 0.019230769230769232