0 0.008413461538461538 0.009615384615384616 0.016826923076923076 0.019230769230769232
0 0.006009615384615385 0.23557692307692307 0.01201923076923077 0.038461538461538464
0 0.008413461538461538 0.32091346153846156 0.016826923076923076 0.040865384615384616
0 0.39783653846153844 0.01201923076923077 0.021634615384615384 0.02403846153846154
0 0.8257211538461539 0.014423076923076924 0.026442307692307692 0.028846153846153848
0 0.5685096153846154 0.007211538461538462 0.040865384615384616 0.014423076923076924
0 0.4723557692307692 0.265625 0.007211538461538462 0.040865384615384616
0 0.4795673076923077 0.2932692307692308 0.021634615384615384 0.019230769230769232
0 0.06129807692307692 0.5240384615384616 0.040865384615384616 0.009615384615384616
0 0.43509615384615385 0.5240384615384616 0.038461538461538464 0.009615384615384616
0 0.41346153846153844 0.5288461538461539 0.03365384615384615 0.019230769230769232
0 0.46274038461538464 0.5300480769230769 0.01201923076923077 0.021634615384615384
0 0.025240384615384616 0.5276442307692307 0.036057692307692304 0.016826923076923076
0 0.007211538461538462 0.5612980769230769 0.014423076923076924 0.021634615384615384
0 0.008413461538461538 0.5240384615384616 0.016826923076923076 0.009615384615384616
0 0.057692307692307696 0.7560096153846154 0.04567307692307692 0.03365384615384615
0 0.009615384615384616 0.9411057692307693 0.019230769230769232 0.040865384615384616
0 0.4831730769230769 0.6021634615384616 0.028846153846153848 0.026442307692307692
0 0.5745192307692307 0.8581730769230769 0.040865384615384616 0.03485576923076923
0 0.7319711538461539 0.9399038461538461 0.046875 0.057692307692307696
0 0.7920673076923077 0.9591346153846154 0.03365384615384615 0.06009615384615385
0 0.8533653846153846 0.9254807692307693 0.04807692307692308 0.027644230769230768
0 0.9855769230769231 0.578125 0.016826923076923076 0.038461538461538464
0 0.6370192307692307 0.9771634615384616 0.014423076923076924 0.04567307692307692
0 0.5048076923076923 0.9519230769230769 0.018028846153846152 0.057692307692307696