0 0.203125 0.23317307692307693 0.018028846153846152 0.05889423076923077
0 0.007211538461538462 0.2764423076923077 0.014423076923076924 0.02403846153846154
0 0.7620192307692307 0.3076923076923077 0.038461538461538464 0.02283653846153846
0 0.7992788461538461 0.004807692307692308 0.040865384615384616 0.009615384615384616
0 0.009615384615384616 0.4362980769230769 0.019230769230769232 0.021634615384615384
0 0.1466346153846154 0.5661057692307693 0.03365384615384615 0.038461538461538464
0 0.25721153846153844 0.8197115384615384 0.021634615384615384 0.07932692307692307
0 0.46634615384615385 0.7776442307692307 0.03245192307692308 0.04567307692307692
0 0.4519230769230769 0.953125 0.030048076923076924 0.030048076923076924
0 0.13581730769230768 0.9050480769230769 0.016826923076923076 0.046875
0 0.007211538461538462 0.9543269230769231 0.014423076923076924 0.052884615384615384
0 0.2127403846153846 0.9867788461538461 0.03125 0.026442307692307692
0 0.24639423076923078 0.984375 0.026442307692307692 0.03125
0 0.4987980769230769 0.46033653846153844 0.021634615384615384 0.036057692307692304
0 0.49158653846153844 0.9519230769230769 0.007211538461538462 0.052884615384615384