0 0.09014423076923077 0.01201923076923077 0.026442307692307692 0.02403846153846154
0 0.008413461538461538 0.039663461538461536 0.016826923076923076 0.03125
0 0.06850961538461539 0.16826923076923078 0.040865384615384616 0.03365384615384615
0 0.008413461538461538 0.23677884615384615 0.016826923076923076 0.036057692307692304
0 0.006009615384615385 0.23317307692307693 0.01201923076923077 0.038461538461538464
0 0.07211538461538461 0.28846153846153844 0.04326923076923077 0.040865384615384616
0 0.010817307692307692 0.28125 0.021634615384615384 0.02403846153846154
0 0.004807692307692308 0.30528846153846156 0.009615384615384616 0.052884615384615384
0 0.3329326923076923 0.17427884615384615 0.019230769230769232 0.057692307692307696
0 0.32211538461538464 0.3581730769230769 0.03125 0.036057692307692304
0 0.31971153846153844 0.4050480769230769 0.013221153846153846 0.046875
0 0.23677884615384615 0.4543269230769231 0.015625 0.04567307692307692
0 0.1141826923076923 0.006009615384615385 0.03125 0.01201923076923077
0 0.7139423076923077 0.008413461538461538 0.014423076923076924 0.016826923076923076
0 0.6875 0.008413461538461538 0.019230769230769232 0.016826923076923076
0 0.6875 0.008413461538461538 0.019230769230769232 0.016826923076923076
0 0.6887019230769231 0.11538461538461539 0.016826923076923076 0.056490384615384616
0 0.6887019230769231 0.08173076923076923 0.021634615384615384 0.02403846153846154
0 0.004807692307692308 0.6754807692307693 0.009615384615384616 0.04807692307692308
0 0.008413461538461538 0.6634615384615384 0.016826923076923076 0.028846153846153848
0 0.6069711538461539 0.9735576923076923 0.016826923076923076 0.052884615384615384
0 0.8533653846153846 0.5072115384615384 0.028846153846153848 0.014423076923076924
0 0.6850961538461539 0.5084134615384616 0.014423076923076924 0.016826923076923076
0 0.6862980769230769 0.5060096153846154 0.016826923076923076 0.01201923076923077
0 0.6850961538461539 0.5072115384615384 0.014423076923076924 0.014423076923076924
0 0.8040865384615384 0.5096153846153846 0.016826923076923076 0.019230769230769232
0 0.8762019230769231 0.6201923076923077 0.03125 0.04447115384615385
0 0.8822115384615384 0.6682692307692307 0.02283653846153846 0.03365384615384615
0 0.8617788461538461 0.7127403846153846 0.051682692307692304 0.02283653846153846
0 0.6826923076923077 0.5997596153846154 0.009615384615384616 0.040865384615384616
0 0.6838942307692307 0.8425480769230769 0.01201923076923077 0.03125
0 0.6862980769230769 0.8617788461538461 0.016826923076923076 0.040865384615384616
0 0.8978365384615384 0.8870192307692307 0.027644230769230768 0.04567307692307692
0 0.9254807692307693 0.7427884615384616 0.028846153846153848 0.02283653846153846
0 0.8473557692307693 0.75 0.026442307692307692 0.040865384615384616