0 0.20432692307692307 0.004807692307692308 0.04326923076923077 0.009615384615384616
0 0.4423076923076923 0.006009615384615385 0.038461538461538464 0.01201923076923077
0 0.22115384615384615 0.07692307692307693 0.02283653846153846 0.038461538461538464
0 0.3269230769230769 0.18990384615384615 0.028846153846153848 0.04447115384615385
0 0.24759615384615385 0.30408653846153844 0.039663461538461536 0.052884615384615384
0 0.2848557692307692 0.40384615384615385 0.046875 0.03485576923076923
0 0.009615384615384616 0.006009615384615385 0.019230769230769232 0.01201923076923077
0 0.06850961538461539 0.3629807692307692 0.03125 0.019230769230769232
0 0.5336538461538461 0.046875 0.009615384615384616 0.05048076923076923
0 0.7007211538461539 0.34975961538461536 0.03125 0.04807692307692308
0 0.5336538461538461 0.34134615384615385 0.009615384615384616 0.04807692307692308
0 0.5348557692307693 0.41225961538461536 0.01201923076923077 0.07451923076923077
0 0.53125 0.4891826923076923 0.004807692307692308 0.055288461538461536
0 0.6983173076923077 0.49158653846153844 0.040865384615384616 0.03485576923076923
0 0.5372596153846154 0.42427884615384615 0.016826923076923076 0.04567307692307692
0 0.5336538461538461 0.5060096153846154 0.009615384615384616 0.06009615384615385
0 0.5396634615384616 0.5168269230769231 0.021634615384615384 0.02403846153846154
0 0.5348557692307693 0.5588942307692307 0.01201923076923077 0.040865384615384616
0 0.5408653846153846 0.008413461538461538 0.02403846153846154 0.016826923076923076
0 0.006009615384615385 0.9723557692307693 0.01201923076923077 0.040865384615384616
0 0.3016826923076923 0.7896634615384616 0.040865384615384616 0.019230769230769232
0 0.8052884615384616 0.8509615384615384 0.020432692307692308 0.046875
0 0.9290865384615384 0.6682692307692307 0.037259615384615384 0.028846153846153848
0 0.5661057692307693 0.8161057692307693 0.036057692307692304 0.019230769230769232