0 0.20432692307692307 0.01201923076923077 0.02403846153846154 0.02403846153846154
0 0.01201923076923077 0.004807692307692308 0.02403846153846154 0.009615384615384616
0 0.006009615384615385 0.010817307692307692 0.01201923076923077 0.021634615384615384
0 0.007211538461538462 0.028846153846153848 0.014423076923076924 0.028846153846153848
0 0.003605769230769231 0.10096153846153846 0.007211538461538462 0.052884615384615384
0 0.20432692307692307 0.30649038461538464 0.04326923076923077 0.027644230769230768
0 0.18509615384615385 0.5240384615384616 0.03365384615384615 0.02403846153846154
0 0.008413461538461538 0.5216346153846154 0.016826923076923076 0.02403846153846154
0 0.40865384615384615 0.6646634615384616 0.030048076923076924 0.052884615384615384
0 0.3629807692307692 0.5661057692307693 0.028846153846153848 0.016826923076923076
0 0.3088942307692308 0.5685096153846154 0.03125 0.021634615384615384
0 0.2764423076923077 0.5673076923076923 0.028846153846153848 0.019230769230769232
0 0.24639423076923078 0.6045673076923077 0.014423076923076924 0.054086538461538464
0 0.11057692307692307 0.8221153846153846 0.03125 0.03125
0 0.006009615384615385 0.9206730769230769 0.01201923076923077 0.038461538461538464
0 0.006009615384615385 0.8485576923076923 0.01201923076923077 0.038461538461538464
0 0.7091346153846154 0.5757211538461539 0.04567307692307692 0.028846153846153848
0 0.8028846153846154 0.5793269230769231 0.03125 0.02403846153846154
0 0.8605769230769231 0.9387019230769231 0.05048076923076923 0.021634615384615384
0 0.7163461538461539 0.8473557692307693 0.057692307692307696 0.039663461538461536