0 0.009615384615384616 0.006009615384615385 0.019230769230769232 0.01201923076923077
0 0.003605769230769231 0.040865384615384616 0.007211538461538462 0.052884615384615384
0 0.007211538461538462 0.003605769230769231 0.014423076923076924 0.007211538461538462
0 0.037259615384615384 0.006009615384615385 0.040865384615384616 0.01201923076923077
0 0.07451923076923077 0.27524038461538464 0.040865384615384616 0.030048076923076924
0 0.09975961538461539 0.24759615384615385 0.020432692307692308 0.03125
0 0.010817307692307692 0.2956730769230769 0.021634615384615384 0.052884615384615384
0 0.010817307692307692 0.27524038461538464 0.021634615384615384 0.040865384615384616
0 0.010817307692307692 0.3004807692307692 0.021634615384615384 0.03365384615384615
0 0.006009615384615385 0.3713942307692308 0.01201923076923077 0.016826923076923076
0 0.006009615384615385 0.008413461538461538 0.01201923076923077 0.016826923076923076
0 0.4362980769230769 0.30528846153846156 0.016826923076923076 0.03365384615384615
0 0.7103365384615384 0.013221153846153846 0.021634615384615384 0.026442307692307692
0 0.203125 0.421875 0.042067307692307696 0.03365384615384615
0 0.2764423076923077 0.41586538461538464 0.040865384615384616 0.025240384615384616
0 0.4098557692307692 0.4110576923076923 0.036057692307692304 0.028846153846153848
0 0.08173076923076923 0.5697115384615384 0.028846153846153848 0.03365384615384615
0 0.009615384615384616 0.5817307692307693 0.019230769230769232 0.02403846153846154
0 0.008413461538461538 0.8737980769230769 0.016826923076923076 0.036057692307692304
0 0.007211538461538462 0.9194711538461539 0.014423076923076924 0.06009615384615385
0 0.14182692307692307 0.9855769230769231 0.04807692307692308 0.028846153846153848
0 0.008413461538461538 0.47716346153846156 0.016826923076923076 0.04567307692307692
0 0.7764423076923077 0.3870192307692308 0.038461538461538464 0.014423076923076924
0 0.8221153846153846 0.38822115384615385 0.04326923076923077 0.016826923076923076
0 0.9230769230769231 0.3870192307692308 0.02403846153846154 0.014423076923076924
0 0.6057692307692307 0.5 0.038461538461538464 0.02403846153846154
0 0.6826923076923077 0.5060096153846154 0.020432692307692308 0.040865384615384616
0 0.5877403846153846 0.7668269230769231 0.051682692307692304 0.04567307692307692
0 0.7355769230769231 0.859375 0.051682692307692304 0.027644230769230768