0 0.12379807692307693 0.009615384615384616 0.036057692307692304 0.019230769230769232
0 0.25721153846153844 0.004807692307692308 0.052884615384615384 0.009615384615384616
0 0.009615384615384616 0.019230769230769232 0.019230769230769232 0.028846153846153848
0 0.003605769230769231 0.5360576923076923 0.007211538461538462 0.04326923076923077
0 0.32211538461538464 0.28125 0.03365384615384615 0.028846153846153848
0 0.46875 0.2932692307692308 0.019230769230769232 0.028846153846153848
0 0.46153846153846156 0.36538461538461536 0.004807692307692308 0.052884615384615384
0 0.9903846153846154 0.5600961538461539 0.019230769230769232 0.04326923076923077
0 0.6634615384615384 0.06129807692307692 0.03485576923076923 0.025240384615384616
0 0.41466346153846156 0.6742788461538461 0.040865384615384616 0.01201923076923077
0 0.18509615384615385 0.6742788461538461 0.04807692307692308 0.01201923076923077
0 0.008413461538461538 0.6754807692307693 0.016826923076923076 0.014423076923076924
0 0.359375 0.8762019230769231 0.015625 0.042067307692307696
0 0.38461538461538464 0.9651442307692307 0.02283653846153846 0.04567307692307692
0 0.4651442307692308 0.6802884615384616 0.01201923076923077 0.02403846153846154
0 0.4675480769230769 0.6754807692307693 0.016826923076923076 0.014423076923076924
0 0.46875 0.6766826923076923 0.019230769230769232 0.016826923076923076
0 0.4675480769230769 0.6766826923076923 0.016826923076923076 0.016826923076923076
0 0.4651442307692308 0.6778846153846154 0.01201923076923077 0.019230769230769232
0 0.4699519230769231 0.6778846153846154 0.021634615384615384 0.019230769230769232
0 0.4639423076923077 0.6814903846153846 0.009615384615384616 0.026442307692307692
0 0.6586538461538461 0.6826923076923077 0.019230769230769232 0.028846153846153848
0 0.6478365384615384 0.6766826923076923 0.03125 0.016826923076923076
0 0.6466346153846154 0.7079326923076923 0.013221153846153846 0.046875
0 0.5637019230769231 0.7572115384615384 0.015625 0.04567307692307692
0 0.46634615384615385 0.6742788461538461 0.014423076923076924 0.01201923076923077