0 0.10576923076923077 0.004807692307692308 0.04326923076923077 0.009615384615384616
0 0.3449519230769231 0.10817307692307693 0.039663461538461536 0.025240384615384616
0 0.12259615384615384 0.20192307692307693 0.02283653846153846 0.038461538461538464
0 0.2283653846153846 0.31490384615384615 0.028846153846153848 0.04447115384615385
0 0.14903846153846154 0.42908653846153844 0.039663461538461536 0.052884615384615384
0 0.18629807692307693 0.5288461538461539 0.046875 0.03485576923076923
0 0.009615384615384616 0.04807692307692308 0.019230769230769232 0.028846153846153848
0 0.007211538461538462 0.4879807692307692 0.014423076923076924 0.019230769230769232
0 0.8689903846153846 0.3942307692307692 0.037259615384615384 0.04807692307692308
0 0.8341346153846154 0.41466346153846156 0.016826923076923076 0.056490384615384616
0 0.8930288461538461 0.46875 0.02283653846153846 0.052884615384615384
0 0.7848557692307693 0.46033653846153844 0.036057692307692304 0.025240384615384616
0 0.7884615384615384 0.5024038461538461 0.04447115384615385 0.04447115384615385
0 0.7860576923076923 0.6057692307692307 0.013221153846153846 0.042067307692307696
0 0.6165865384615384 0.49158653846153844 0.03365384615384615 0.028846153846153848
0 0.6538461538461539 0.5540865384615384 0.013221153846153846 0.052884615384615384
0 0.6550480769230769 0.32091346153846156 0.03365384615384615 0.027644230769230768
0 0.5949519230769231 0.039663461538461536 0.01201923076923077 0.026442307692307692
0 0.5961538461538461 0.17668269230769232 0.014423076923076924 0.05048076923076923
0 0.8521634615384616 0.0625 0.036057692307692304 0.030048076923076924
0 0.9927884615384616 0.020432692307692308 0.014423076923076924 0.021634615384615384
0 0.5985576923076923 0.4675480769230769 0.019230769230769232 0.03125
0 0.5985576923076923 0.6105769230769231 0.019230769230769232 0.052884615384615384
0 0.010817307692307692 0.8822115384615384 0.021634615384615384 0.028846153846153848
0 0.20793269230769232 0.8737980769230769 0.039663461538461536 0.02283653846153846
0 0.33653846153846156 0.8677884615384616 0.03125 0.016826923076923076
0 0.46153846153846156 0.8653846153846154 0.042067307692307696 0.027644230769230768
0 0.9519230769230769 0.796875 0.028846153846153848 0.016826923076923076
0 0.8221153846153846 0.7944711538461539 0.04326923076923077 0.01201923076923077
0 0.8918269230769231 0.7932692307692307 0.03365384615384615 0.009615384615384616
0 0.8834134615384616 0.8293269230769231 0.03485576923076923 0.054086538461538464
0 0.671875 0.7956730769230769 0.055288461538461536 0.014423076923076924
0 0.5973557692307693 0.796875 0.016826923076923076 0.016826923076923076
0 0.5925480769230769 0.8112980769230769 0.007211538461538462 0.04567307692307692
0 0.5973557692307693 0.8233173076923077 0.016826923076923076 0.040865384615384616
0 0.5961538461538461 0.8004807692307693 0.014423076923076924 0.02403846153846154
0 0.6009615384615384 0.8942307692307693 0.02403846153846154 0.028846153846153848