0 0.43028846153846156 0.0829326923076923 0.040865384615384616 0.025240384615384616
0 0.5540865384615384 0.07451923076923077 0.028846153846153848 0.018028846153846152
0 0.4026442307692308 0.24759615384615385 0.018028846153846152 0.05048076923076923
0 0.35216346153846156 0.29447115384615385 0.026442307692307692 0.028846153846153848
0 0.0673076923076923 0.10336538461538461 0.03245192307692308 0.021634615384615384
0 0.7283653846153846 0.006009615384615385 0.038461538461538464 0.01201923076923077
0 0.8605769230769231 0.008413461538461538 0.04326923076923077 0.016826923076923076
0 0.7163461538461539 0.016826923076923076 0.03245192307692308 0.03125
0 0.5769230769230769 0.007211538461538462 0.014423076923076924 0.014423076923076924
0 0.5769230769230769 0.008413461538461538 0.014423076923076924 0.016826923076923076
0 0.578125 0.006009615384615385 0.016826923076923076 0.01201923076923077
0 0.5769230769230769 0.007211538461538462 0.014423076923076924 0.014423076923076924
0 0.5769230769230769 0.109375 0.014423076923076924 0.04567307692307692
0 0.5745192307692307 0.15865384615384615 0.009615384615384616 0.03365384615384615
0 0.5817307692307693 0.20192307692307693 0.02403846153846154 0.02403846153846154
0 0.5745192307692307 0.09014423076923077 0.009615384615384616 0.040865384615384616
0 0.5757211538461539 0.3329326923076923 0.01201923076923077 0.03125
0 0.578125 0.35216346153846156 0.016826923076923076 0.040865384615384616
0 0.6899038461538461 0.3161057692307692 0.014423076923076924 0.054086538461538464
0 0.5757211538461539 0.36658653846153844 0.01201923076923077 0.026442307692307692
0 0.5769230769230769 0.23197115384615385 0.014423076923076924 0.021634615384615384
0 0.5757211538461539 0.23918269230769232 0.01201923076923077 0.040865384615384616
0 0.010817307692307692 0.38822115384615385 0.021634615384615384 0.016826923076923076
0 0.009615384615384616 0.421875 0.019230769230769232 0.03125
0 0.15625 0.3894230769230769 0.03365384615384615 0.019230769230769232
0 0.2127403846153846 0.390625 0.03125 0.021634615384615384
0 0.14903846153846154 0.39302884615384615 0.038461538461538464 0.026442307692307692
0 0.2848557692307692 0.7740384615384616 0.018028846153846152 0.06009615384615385
0 0.9146634615384616 0.3870192307692308 0.040865384615384616 0.014423076923076924
0 0.953125 0.6538461538461539 0.037259615384615384 0.02283653846153846
0 0.9242788461538461 0.6466346153846154 0.020432692307692308 0.042067307692307696
0 0.9879807692307693 0.7019230769230769 0.02403846153846154 0.02403846153846154
0 0.9915865384615384 0.78125 0.016826923076923076 0.052884615384615384
0 0.9471153846153846 0.8137019230769231 0.040865384615384616 0.03485576923076923
0 0.8870192307692307 0.8197115384615384 0.03125 0.038461538461538464
0 0.7944711538461539 0.7127403846153846 0.03125 0.030048076923076924