0 0.004807692307692308 0.018028846153846152 0.009615384615384616 0.036057692307692304
0 0.008413461538461538 0.007211538461538462 0.016826923076923076 0.014423076923076924
0 0.5132211538461539 0.18629807692307693 0.02283653846153846 0.04447115384615385
0 0.4879807692307692 0.09375 0.019230769230769232 0.02403846153846154
0 0.12980769230769232 0.41586538461538464 0.04326923076923077 0.014423076923076924
0 0.30408653846153844 0.41466346153846156 0.040865384615384616 0.01201923076923077
0 0.0733173076923077 0.5456730769230769 0.018028846153846152 0.057692307692307696
0 0.08653846153846154 0.6887019230769231 0.036057692307692304 0.030048076923076924
0 0.40024038461538464 0.7487980769230769 0.03365384615384615 0.038461538461538464
0 0.1935096153846154 0.8810096153846154 0.030048076923076924 0.06009615384615385
0 0.009615384615384616 0.9471153846153846 0.019230769230769232 0.03365384615384615
0 0.026442307692307692 0.7740384615384616 0.052884615384615384 0.04326923076923077
0 0.8713942307692307 0.41586538461538464 0.03125 0.014423076923076924
0 0.4879807692307692 0.4170673076923077 0.019230769230769232 0.016826923076923076
0 0.4855769230769231 0.4206730769230769 0.014423076923076924 0.02403846153846154
0 0.59375 0.5504807692307693 0.03485576923076923 0.030048076923076924
0 0.5673076923076923 0.6850961538461539 0.025240384615384616 0.05889423076923077
0 0.8966346153846154 0.7872596153846154 0.03125 0.03125