0 0.009615384615384616 0.04807692307692308 0.019230769230769232 0.02403846153846154
0 0.3737980769230769 0.09975961538461539 0.021634615384615384 0.054086538461538464
0 0.28846153846153844 0.29927884615384615 0.028846153846153848 0.04567307692307692
0 0.9206730769230769 0.007211538461538462 0.038461538461538464 0.014423076923076924
0 0.9663461538461539 0.008413461538461538 0.04326923076923077 0.016826923076923076
0 0.75 0.006009615384615385 0.038461538461538464 0.01201923076923077
0 0.8257211538461539 0.009615384615384616 0.021634615384615384 0.019230769230769232
0 0.7307692307692307 0.010817307692307692 0.052884615384615384 0.021634615384615384
0 0.8798076923076923 0.056490384615384616 0.051682692307692304 0.027644230769230768
0 0.2848557692307692 0.6538461538461539 0.010817307692307692 0.04807692307692308
0 0.1502403846153846 0.671875 0.028846153846153848 0.02403846153846154
0 0.11778846153846154 0.7127403846153846 0.028846153846153848 0.042067307692307696
0 0.003605769230769231 0.7103365384615384 0.007211538461538462 0.05048076923076923
0 0.7644230769230769 0.6478365384615384 0.04567307692307692 0.028846153846153848
0 0.8581730769230769 0.6514423076923077 0.03125 0.02403846153846154
0 0.7716346153846154 0.9194711538461539 0.057692307692307696 0.039663461538461536