0 0.23317307692307693 0.13822115384615385 0.021634615384615384 0.0733173076923077
0 0.3016826923076923 0.010817307692307692 0.021634615384615384 0.021634615384615384
0 0.06370192307692307 0.004807692307692308 0.036057692307692304 0.009615384615384616
0 0.13221153846153846 0.17067307692307693 0.016826923076923076 0.054086538461538464
0 0.6442307692307693 0.01201923076923077 0.02403846153846154 0.02403846153846154
0 0.3605769230769231 0.04567307692307692 0.02403846153846154 0.02403846153846154
0 0.3545673076923077 0.2956730769230769 0.01201923076923077 0.04326923076923077
0 0.010817307692307692 0.37259615384615385 0.021634615384615384 0.009615384615384616
0 0.056490384615384616 0.5048076923076923 0.039663461538461536 0.025240384615384616
0 0.004807692307692308 0.5985576923076923 0.009615384615384616 0.038461538461538464
0 0.007211538461538462 0.7103365384615384 0.014423076923076924 0.04567307692307692
0 0.009615384615384616 0.8245192307692307 0.019230769230769232 0.052884615384615384
0 0.010817307692307692 0.9242788461538461 0.021634615384615384 0.036057692307692304
0 0.009615384615384616 0.44471153846153844 0.019230769230769232 0.028846153846153848
0 0.007211538461538462 0.8846153846153846 0.014423076923076924 0.019230769230769232
0 0.3581730769230769 0.6081730769230769 0.019230769230769232 0.028846153846153848
0 0.4338942307692308 0.6802884615384616 0.01201923076923077 0.052884615384615384
0 0.7776442307692307 0.37740384615384615 0.036057692307692304 0.019230769230769232