0 0.006009615384615385 0.09014423076923077 0.01201923076923077 0.06009615384615385
0 0.009615384615384616 0.08533653846153846 0.019230769230769232 0.03125
0 0.003605769230769231 0.3858173076923077 0.007211538461538462 0.040865384615384616
0 0.008413461538461538 0.41346153846153844 0.016826923076923076 0.019230769230769232
0 0.8413461538461539 0.004807692307692308 0.03365384615384615 0.009615384615384616
0 0.45913461538461536 0.006009615384615385 0.019230769230769232 0.01201923076923077
0 0.47475961538461536 0.3088942307692308 0.05048076923076923 0.040865384615384616
0 0.45552884615384615 0.1814903846153846 0.01201923076923077 0.04567307692307692
0 0.6754807692307693 0.28365384615384615 0.036057692307692304 0.039663461538461536
0 0.6862980769230769 0.4723557692307692 0.021634615384615384 0.03125
0 0.45913461538461536 0.44471153846153844 0.019230769230769232 0.02403846153846154
0 0.45552884615384615 0.40384615384615385 0.01201923076923077 0.052884615384615384
0 0.008413461538461538 0.5372596153846154 0.016826923076923076 0.040865384615384616
0 0.12860576923076922 0.5024038461538461 0.051682692307692304 0.02283653846153846
0 0.009615384615384616 0.75 0.019230769230769232 0.028846153846153848
0 0.4579326923076923 0.5 0.016826923076923076 0.02403846153846154
0 0.8161057692307693 0.6237980769230769 0.028846153846153848 0.051682692307692304
0 0.9110576923076923 0.7620192307692307 0.025240384615384616 0.038461538461538464
0 0.9519230769230769 0.7836538461538461 0.04447115384615385 0.025240384615384616
0 0.7235576923076923 0.9759615384615384 0.040865384615384616 0.02283653846153846
0 0.5733173076923077 0.8641826923076923 0.03125 0.030048076923076924