0 0.2764423076923077 0.004807692307692308 0.03365384615384615 0.009615384615384616
0 0.009615384615384616 0.006009615384615385 0.019230769230769232 0.01201923076923077
0 0.01201923076923077 0.09014423076923077 0.02403846153846154 0.040865384615384616
0 0.006009615384615385 0.010817307692307692 0.01201923076923077 0.021634615384615384
0 0.11057692307692307 0.06490384615384616 0.036057692307692304 0.039663461538461536
0 0.12259615384615384 0.26802884615384615 0.021634615384615384 0.056490384615384616
0 0.009615384615384616 0.22596153846153846 0.019230769230769232 0.02403846153846154
0 0.006009615384615385 0.18509615384615385 0.01201923076923077 0.052884615384615384
0 0.010817307692307692 0.31971153846153844 0.021634615384615384 0.03365384615384615
0 0.009615384615384616 0.27884615384615385 0.019230769230769232 0.04807692307692308
0 0.007211538461538462 0.3485576923076923 0.014423076923076924 0.028846153846153848
0 0.6021634615384616 0.006009615384615385 0.040865384615384616 0.01201923076923077
0 0.7103365384615384 0.007211538461538462 0.026442307692307692 0.014423076923076924
0 0.8040865384615384 0.004807692307692308 0.040865384615384616 0.009615384615384616
0 0.4891826923076923 0.006009615384615385 0.021634615384615384 0.01201923076923077
0 0.48677884615384615 0.007211538461538462 0.016826923076923076 0.014423076923076924
0 0.546875 0.1814903846153846 0.015625 0.042067307692307696
0 0.5721153846153846 0.2704326923076923 0.02283653846153846 0.04567307692307692
0 0.5096153846153846 0.359375 0.04567307692307692 0.039663461538461536
0 0.49399038461538464 0.40625 0.03125 0.03365384615384615
0 0.8365384615384616 0.4050480769230769 0.03485576923076923 0.05048076923076923
0 0.004807692307692308 0.4795673076923077 0.009615384615384616 0.021634615384615384
0 0.007211538461538462 0.5877403846153846 0.014423076923076924 0.036057692307692304
0 0.004807692307692308 0.6382211538461539 0.009615384615384616 0.07451923076923077
0 0.13341346153846154 0.5685096153846154 0.030048076923076924 0.019230769230769232
0 0.20192307692307693 0.5901442307692307 0.027644230769230768 0.05048076923076923
0 0.19951923076923078 0.7584134615384616 0.03125 0.04807692307692308
0 0.003605769230769231 0.7067307692307693 0.007211538461538462 0.057692307692307696
0 0.008413461538461538 0.7524038461538461 0.016826923076923076 0.057692307692307696
0 0.009615384615384616 0.47475961538461536 0.019230769230769232 0.01201923076923077
0 0.7487980769230769 0.6911057692307693 0.037259615384615384 0.030048076923076924
0 0.578125 0.7259615384615384 0.06129807692307692 0.02403846153846154
0 0.5865384615384616 0.7487980769230769 0.05048076923076923 0.016826923076923076
0 0.5012019230769231 0.703125 0.015625 0.04567307692307692
0 0.4831730769230769 0.6598557692307693 0.009615384615384616 0.040865384615384616
0 0.4891826923076923 0.4735576923076923 0.021634615384615384 0.009615384615384616
0 0.4831730769230769 0.890625 0.009615384615384616 0.06009615384615385
0 0.4855769230769231 0.9170673076923077 0.014423076923076924 0.040865384615384616
0 0.4891826923076923 0.9338942307692307 0.021634615384615384 0.036057692307692304
0 0.7788461538461539 0.8221153846153846 0.026442307692307692 0.021634615384615384
0 0.7872596153846154 0.8822115384615384 0.030048076923076924 0.05889423076923077