0 0.4411057692307692 0.12379807692307693 0.019230769230769232 0.04807692307692308
0 0.49038461538461536 0.09735576923076923 0.038461538461538464 0.02283653846153846
0 0.31490384615384615 0.33052884615384615 0.03125 0.03365384615384615
0 0.375 0.30649038461538464 0.021634615384615384 0.03365384615384615
0 0.009615384615384616 0.11658653846153846 0.019230769230769232 0.026442307692307692
0 0.27524038461538464 0.5384615384615384 0.04447115384615385 0.021634615384615384
0 0.3269230769230769 0.5588942307692307 0.019230769230769232 0.040865384615384616
0 0.27403846153846156 0.5673076923076923 0.052884615384615384 0.02403846153846154
0 0.578125 0.007211538461538462 0.016826923076923076 0.014423076923076924
0 0.9362980769230769 0.007211538461538462 0.026442307692307692 0.014423076923076924
0 0.7668269230769231 0.484375 0.013221153846153846 0.057692307692307696
0 0.31490384615384615 0.8137019230769231 0.04567307692307692 0.028846153846153848
0 0.40865384615384615 0.8173076923076923 0.03125 0.02403846153846154