0 0.1045673076923077 0.2512019230769231 0.039663461538461536 0.028846153846153848
0 0.21514423076923078 0.32211538461538464 0.01201923076923077 0.052884615384615384
0 0.6634615384615384 0.007211538461538462 0.04326923076923077 0.014423076923076924
0 0.8377403846153846 0.006009615384615385 0.040865384615384616 0.01201923076923077
0 0.6057692307692307 0.014423076923076924 0.019230769230769232 0.028846153846153848
0 0.6201923076923077 0.13822115384615385 0.036057692307692304 0.030048076923076924
0 0.9338942307692307 0.19831730769230768 0.03365384615384615 0.038461538461538464
0 0.7271634615384616 0.33052884615384615 0.030048076923076924 0.06009615384615385
0 0.5132211538461539 0.39783653846153844 0.040865384615384616 0.03365384615384615
0 0.35336538461538464 0.44591346153846156 0.009615384615384616 0.026442307692307692
0 0.5588942307692307 0.2247596153846154 0.055288461538461536 0.042067307692307696
0 0.26802884615384615 0.7091346153846154 0.03125 0.040865384615384616
0 0.1778846153846154 0.8305288461538461 0.03245192307692308 0.016826923076923076
0 0.019230769230769232 0.7704326923076923 0.026442307692307692 0.03365384615384615
0 0.02403846153846154 0.6850961538461539 0.02283653846153846 0.042067307692307696
0 0.9411057692307693 0.46274038461538464 0.040865384615384616 0.007211538461538462
0 0.6069711538461539 0.46634615384615385 0.04567307692307692 0.014423076923076924
0 0.5360576923076923 0.6550480769230769 0.03125 0.030048076923076924
0 0.9927884615384616 0.7259615384615384 0.013221153846153846 0.05048076923076923
0 0.3701923076923077 0.7223557692307693 0.042067307692307696 0.027644230769230768