0 0.009615384615384616 0.006009615384615385 0.019230769230769232 0.01201923076923077
0 0.013221153846153846 0.008413461538461538 0.026442307692307692 0.016826923076923076
0 0.014423076923076924 0.007211538461538462 0.019230769230769232 0.014423076923076924
0 0.7463942307692307 0.013221153846153846 0.016826923076923076 0.026442307692307692
0 0.7788461538461539 0.013221153846153846 0.014423076923076924 0.026442307692307692
0 0.6646634615384616 0.014423076923076924 0.01201923076923077 0.028846153846153848
0 0.5096153846153846 0.009615384615384616 0.019230769230769232 0.019230769230769232
0 0.5084134615384616 0.03245192307692308 0.016826923076923076 0.036057692307692304
0 0.5060096153846154 0.006009615384615385 0.01201923076923077 0.01201923076923077
0 0.5252403846153846 0.38461538461538464 0.040865384615384616 0.028846153846153848
0 0.8473557692307693 0.38341346153846156 0.038461538461538464 0.03125
0 0.7920673076923077 0.15625 0.015625 0.056490384615384616
0 0.27884615384615385 0.4026442307692308 0.038461538461538464 0.007211538461538462
0 0.007211538461538462 0.44350961538461536 0.014423076923076924 0.03125
0 0.055288461538461536 0.5925480769230769 0.02283653846153846 0.038461538461538464
0 0.01201923076923077 0.6382211538461539 0.02403846153846154 0.07451923076923077
0 0.038461538461538464 0.765625 0.036057692307692304 0.028846153846153848
0 0.007211538461538462 0.7331730769230769 0.014423076923076924 0.028846153846153848
0 0.007211538461538462 0.5649038461538461 0.014423076923076924 0.019230769230769232
0 0.009615384615384616 0.40384615384615385 0.019230769230769232 0.009615384615384616
0 0.49278846153846156 0.6370192307692307 0.014423076923076924 0.04326923076923077
0 0.004807692307692308 0.8810096153846154 0.009615384615384616 0.05048076923076923
0 0.5048076923076923 0.47115384615384615 0.009615384615384616 0.057692307692307696
0 0.5036057692307693 0.546875 0.007211538461538462 0.05048076923076923
0 0.6814903846153846 0.6706730769230769 0.03125 0.056490384615384616
0 0.8112980769230769 0.8954326923076923 0.019230769230769232 0.054086538461538464
0 0.6346153846153846 0.5745192307692307 0.04326923076923077 0.030048076923076924