0 0.27403846153846156 0.003605769230769231 0.038461538461538464 0.007211538461538462
0 0.007211538461538462 0.025240384615384616 0.014423076923076924 0.03125
0 0.05048076923076923 0.17427884615384615 0.02283653846153846 0.038461538461538464
0 0.009615384615384616 0.21995192307692307 0.019230769230769232 0.07451923076923077
0 0.03365384615384615 0.3473557692307692 0.036057692307692304 0.028846153846153848
0 0.007211538461538462 0.31490384615384615 0.014423076923076924 0.028846153846153848
0 0.007211538461538462 0.1466346153846154 0.014423076923076924 0.019230769230769232
0 0.009615384615384616 0.004807692307692308 0.019230769230769232 0.009615384615384616
0 0.484375 0.21875 0.007211538461538462 0.04326923076923077
0 0.004807692307692308 0.46274038461538464 0.009615384615384616 0.05048076923076923
0 0.4963942307692308 0.1045673076923077 0.016826923076923076 0.026442307692307692
0 0.49759615384615385 0.359375 0.019230769230769232 0.036057692307692304
0 0.4987980769230769 0.4423076923076923 0.021634615384615384 0.057692307692307696
0 0.4963942307692308 0.46033653846153844 0.016826923076923076 0.06009615384615385
0 0.5264423076923077 0.42788461538461536 0.04807692307692308 0.027644230769230768
0 0.6586538461538461 0.08052884615384616 0.016826923076923076 0.038461538461538464
0 0.49038461538461536 0.4831730769230769 0.004807692307692308 0.052884615384615384
0 0.49158653846153844 0.4543269230769231 0.007211538461538462 0.057692307692307696
0 0.4963942307692308 0.5240384615384616 0.016826923076923076 0.02403846153846154
0 0.008413461538461538 0.5865384615384616 0.016826923076923076 0.014423076923076924
0 0.020432692307692308 0.5841346153846154 0.03125 0.009615384615384616
0 0.08052884615384616 0.7355769230769231 0.03125 0.040865384615384616
0 0.009615384615384616 0.9699519230769231 0.019230769230769232 0.03125
0 0.38100961538461536 0.5901442307692307 0.026442307692307692 0.021634615384615384
0 0.41225961538461536 0.5865384615384616 0.036057692307692304 0.014423076923076924
0 0.6057692307692307 0.5853365384615384 0.038461538461538464 0.01201923076923077
0 0.8088942307692307 0.6442307692307693 0.037259615384615384 0.021634615384615384
0 0.6286057692307693 0.7379807692307693 0.03245192307692308 0.030048076923076924
0 0.7536057692307693 0.8293269230769231 0.028846153846153848 0.028846153846153848
0 0.6634615384615384 0.9675480769230769 0.028846153846153848 0.06490384615384616
0 0.4963942307692308 0.5865384615384616 0.016826923076923076 0.014423076923076924