0 0.008413461538461538 0.3485576923076923 0.016826923076923076 0.03365384615384615
0 0.13341346153846154 0.021634615384615384 0.021634615384615384 0.04326923076923077
0 0.003605769230769231 0.47716346153846156 0.007211538461538462 0.055288461538461536
0 0.008413461538461538 0.6177884615384616 0.016826923076923076 0.04807692307692308
0 0.31490384615384615 0.6105769230769231 0.020432692307692308 0.051682692307692304
0 0.2956730769230769 0.9879807692307693 0.014423076923076924 0.02403846153846154
0 0.007211538461538462 0.796875 0.014423076923076924 0.05048076923076923
0 0.8557692307692307 0.5144230769230769 0.04326923076923077 0.009615384615384616
0 0.8713942307692307 0.5192307692307693 0.021634615384615384 0.019230769230769232
0 0.9783653846153846 0.6105769230769231 0.028846153846153848 0.04447115384615385
0 0.8990384615384616 0.7247596153846154 0.039663461538461536 0.052884615384615384
0 0.9362980769230769 0.8245192307692307 0.046875 0.03485576923076923
0 0.5384615384615384 0.515625 0.019230769230769232 0.01201923076923077
0 0.7199519230769231 0.7836538461538461 0.03125 0.019230769230769232