0 0.004807692307692308 0.014423076923076924 0.009615384615384616 0.028846153846153848
0 0.0829326923076923 0.008413461538461538 0.03125 0.016826923076923076
0 0.23317307692307693 0.17307692307692307 0.014423076923076924 0.06370192307692307
0 0.22235576923076922 0.15865384615384615 0.01201923076923077 0.051682692307692304
0 0.43028846153846156 0.15865384615384615 0.038461538461538464 0.04807692307692308
0 0.4879807692307692 0.009615384615384616 0.019230769230769232 0.019230769230769232
0 0.4891826923076923 0.17427884615384615 0.021634615384615384 0.03125
0 0.5108173076923077 0.006009615384615385 0.05048076923076923 0.01201923076923077
0 0.5444711538461539 0.013221153846153846 0.026442307692307692 0.026442307692307692
0 0.7367788461538461 0.013221153846153846 0.021634615384615384 0.026442307692307692
0 0.35336538461538464 0.4987980769230769 0.04567307692307692 0.028846153846153848
0 0.1875 0.5372596153846154 0.05889423076923077 0.025240384615384616
0 0.11298076923076923 0.4723557692307692 0.030048076923076924 0.030048076923076924
0 0.0625 0.484375 0.016826923076923076 0.051682692307692304
0 0.05889423076923077 0.6838942307692307 0.01201923076923077 0.054086538461538464
0 0.008413461538461538 0.7019230769230769 0.016826923076923076 0.038461538461538464
0 0.009615384615384616 0.7536057692307693 0.019230769230769232 0.03125
0 0.006009615384615385 0.2956730769230769 0.01201923076923077 0.014423076923076924
0 0.39903846153846156 0.6899038461538461 0.036057692307692304 0.056490384615384616
0 0.41225961538461536 0.6286057692307693 0.010817307692307692 0.036057692307692304
0 0.007211538461538462 0.8798076923076923 0.014423076923076924 0.03365384615384615
0 0.6875 0.29927884615384615 0.03365384615384615 0.021634615384615384
0 0.6598557692307693 0.296875 0.036057692307692304 0.016826923076923076
0 0.8858173076923077 0.2956730769230769 0.036057692307692304 0.014423076923076924
0 0.9951923076923077 0.48197115384615385 0.009615384615384616 0.03125
0 0.7199519230769231 0.8209134615384616 0.040865384615384616 0.02403846153846154
0 0.7151442307692307 0.9146634615384616 0.02403846153846154 0.03125
0 0.4855769230769231 0.875 0.014423076923076924 0.038461538461538464