0 0.9002403846153846 0.013221153846153846 0.03125 0.026442307692307692
0 0.8557692307692307 0.008413461538461538 0.028846153846153848 0.016826923076923076
0 0.8016826923076923 0.010817307692307692 0.03125 0.021634615384615384
0 0.7692307692307693 0.009615384615384616 0.028846153846153848 0.019230769230769232
0 0.7379807692307693 0.013221153846153846 0.014423076923076924 0.026442307692307692
0 0.6021634615384616 0.007211538461538462 0.03125 0.014423076923076924
0 0.5649038461538461 0.03245192307692308 0.014423076923076924 0.021634615384615384
0 0.5637019230769231 0.009615384615384616 0.01201923076923077 0.019230769230769232
0 0.5637019230769231 0.009615384615384616 0.01201923076923077 0.019230769230769232
0 0.010817307692307692 0.4338942307692308 0.021634615384615384 0.01201923076923077
0 0.29086538461538464 0.4326923076923077 0.038461538461538464 0.009615384615384616
0 0.41947115384615385 0.43149038461538464 0.03125 0.007211538461538462
0 0.5408653846153846 0.4338942307692308 0.03365384615384615 0.01201923076923077
0 0.27524038461538464 0.5 0.015625 0.052884615384615384
0 0.22355769230769232 0.49759615384615385 0.021634615384615384 0.054086538461538464
0 0.2091346153846154 0.6538461538461539 0.03485576923076923 0.016826923076923076
0 0.3016826923076923 0.8497596153846154 0.04927884615384615 0.03125
0 0.45913461538461536 0.8545673076923077 0.020432692307692308 0.052884615384615384
0 0.030048076923076924 0.9158653846153846 0.039663461538461536 0.039663461538461536
0 0.013221153846153846 0.8052884615384616 0.026442307692307692 0.04807692307692308
0 0.1502403846153846 0.7475961538461539 0.054086538461538464 0.04567307692307692
0 0.5612980769230769 0.8353365384615384 0.007211538461538462 0.05048076923076923
0 0.5649038461538461 0.8185096153846154 0.014423076923076924 0.06009615384615385
0 0.6141826923076923 0.4423076923076923 0.036057692307692304 0.025240384615384616
0 0.6935096153846154 0.44711538461538464 0.03365384615384615 0.038461538461538464
0 0.7211538461538461 0.46153846153846156 0.025240384615384616 0.056490384615384616
0 0.6658653846153846 0.4675480769230769 0.03485576923076923 0.040865384615384616
0 0.5649038461538461 0.9206730769230769 0.014423076923076924 0.02403846153846154
0 0.5625 0.8137019230769231 0.009615384615384616 0.040865384615384616