0 0.43509615384615385 0.421875 0.028846153846153848 0.01201923076923077
0 0.12740384615384615 0.20552884615384615 0.03245192307692308 0.039663461538461536
0 0.009615384615384616 0.09615384615384616 0.019230769230769232 0.02403846153846154
0 0.6862980769230769 0.20552884615384615 0.016826923076923076 0.040865384615384616
0 0.8581730769230769 0.04326923076923077 0.02283653846153846 0.04807692307692308
0 0.003605769230769231 0.5492788461538461 0.007211538461538462 0.05048076923076923
0 0.13822115384615385 0.5336538461538461 0.028846153846153848 0.05889423076923077
0 0.3858173076923077 0.4338942307692308 0.036057692307692304 0.01201923076923077
0 0.4639423076923077 0.4375 0.03365384615384615 0.019230769230769232
0 0.49158653846153844 0.4411057692307692 0.026442307692307692 0.026442307692307692
0 0.4362980769230769 0.4375 0.036057692307692304 0.019230769230769232
0 0.5432692307692307 0.8954326923076923 0.040865384615384616 0.039663461538461536
0 0.0985576923076923 0.6346153846153846 0.028846153846153848 0.02403846153846154
0 0.28365384615384615 0.5276442307692307 0.020432692307692308 0.040865384615384616
0 0.7776442307692307 0.49278846153846156 0.03485576923076923 0.03365384615384615
0 0.8413461538461539 0.6225961538461539 0.016826923076923076 0.054086538461538464
0 0.6826923076923077 0.9350961538461539 0.009615384615384616 0.052884615384615384