0 0.5757211538461539 0.13581730769230768 0.019230769230769232 0.04807692307692308
0 0.625 0.109375 0.038461538461538464 0.02283653846153846
0 0.7367788461538461 0.11057692307692307 0.02403846153846154 0.03365384615384615
0 0.4495192307692308 0.3425480769230769 0.03125 0.03365384615384615
0 0.5096153846153846 0.31850961538461536 0.021634615384615384 0.03365384615384615
0 0.13341346153846154 0.12980769230769232 0.038461538461538464 0.025240384615384616
0 0.4098557692307692 0.5504807692307693 0.04447115384615385 0.021634615384615384
0 0.46274038461538464 0.5745192307692307 0.020432692307692308 0.046875
0 0.4098557692307692 0.59375 0.051682692307692304 0.05048076923076923
0 0.5492788461538461 0.6875 0.051682692307692304 0.02403846153846154
0 0.16466346153846154 0.8305288461538461 0.03485576923076923 0.046875
0 0.5252403846153846 0.8076923076923077 0.010817307692307692 0.036057692307692304
0 0.6850961538461539 0.9338942307692307 0.026442307692307692 0.06009615384615385