0 0.004807692307692308 0.01201923076923077 0.009615384615384616 0.02403846153846154
0 0.109375 0.1814903846153846 0.03125 0.04807692307692308
0 0.004807692307692308 0.17307692307692307 0.009615384615384616 0.04807692307692308
0 0.006009615384615385 0.2439903846153846 0.01201923076923077 0.07451923076923077
0 0.002403846153846154 0.32091346153846156 0.004807692307692308 0.055288461538461536
0 0.10697115384615384 0.3233173076923077 0.040865384615384616 0.03485576923076923
0 0.008413461538461538 0.25600961538461536 0.016826923076923076 0.04567307692307692
0 0.004807692307692308 0.33774038461538464 0.009615384615384616 0.06009615384615385
0 0.010817307692307692 0.3485576923076923 0.021634615384615384 0.02403846153846154
0 0.01201923076923077 0.008413461538461538 0.02403846153846154 0.016826923076923076
0 0.4098557692307692 0.006009615384615385 0.021634615384615384 0.01201923076923077
0 0.5925480769230769 0.007211538461538462 0.04567307692307692 0.014423076923076924
0 0.7884615384615384 0.004807692307692308 0.04326923076923077 0.009615384615384616
0 0.8798076923076923 0.004807692307692308 0.02403846153846154 0.009615384615384616
0 0.9086538461538461 0.009615384615384616 0.014423076923076924 0.019230769230769232
0 0.48677884615384615 0.008413461538461538 0.021634615384615384 0.016826923076923076
0 0.46634615384615385 0.014423076923076924 0.014423076923076924 0.028846153846153848
0 0.4375 0.040865384615384616 0.04927884615384615 0.03125
0 0.5625 0.10817307692307693 0.04927884615384615 0.027644230769230768
0 0.44711538461538464 0.16706730769230768 0.03125 0.042067307692307696
0 0.40384615384615385 0.07211538461538461 0.009615384615384616 0.04807692307692308
0 0.9194711538461539 0.01201923076923077 0.03125 0.02403846153846154
0 0.008413461538461538 0.8233173076923077 0.016826923076923076 0.04567307692307692
0 0.009615384615384616 0.5228365384615384 0.019230769230769232 0.036057692307692304
0 0.4074519230769231 0.7139423076923077 0.016826923076923076 0.03365384615384615
0 0.5612980769230769 0.38822115384615385 0.021634615384615384 0.040865384615384616
0 0.4026442307692308 0.8425480769230769 0.007211538461538462 0.055288461538461536
0 0.96875 0.9591346153846154 0.019230769230769232 0.06490384615384616