0 0.1622596153846154 0.12620192307692307 0.038461538461538464 0.02403846153846154
0 0.6117788461538461 0.109375 0.04326923076923077 0.02403846153846154
0 0.8894230769230769 0.10096153846153846 0.04567307692307692 0.02403846153846154
0 0.5612980769230769 0.17668269230769232 0.021634615384615384 0.054086538461538464
0 0.47596153846153844 0.3762019230769231 0.028846153846153848 0.04567307692307692
0 0.41346153846153844 0.59375 0.04927884615384615 0.051682692307692304
0 0.47475961538461536 0.5444711538461539 0.021634615384615384 0.046875
0 0.5516826923076923 0.6850961538461539 0.054086538461538464 0.028846153846153848
0 0.6959134615384616 0.8677884615384616 0.021634615384615384 0.057692307692307696
0 0.19831730769230768 0.8040865384615384 0.03125 0.04807692307692308
0 0.03125 0.9639423076923077 0.028846153846153848 0.052884615384615384