0 0.5817307692307693 0.16947115384615385 0.014423076923076924 0.04567307692307692
0 0.3245192307692308 0.42908653846153844 0.025240384615384616 0.051682692307692304
0 0.1778846153846154 0.3293269230769231 0.04447115384615385 0.028846153846153848
0 0.9735576923076923 0.5072115384615384 0.019230769230769232 0.04326923076923077
0 0.5973557692307693 0.42427884615384615 0.016826923076923076 0.04567307692307692
0 0.5985576923076923 0.12379807692307693 0.019230769230769232 0.036057692307692304
0 0.42908653846153844 0.5360576923076923 0.03125 0.014423076923076924
0 0.028846153846153848 0.5372596153846154 0.038461538461538464 0.016826923076923076
0 0.007211538461538462 0.5372596153846154 0.014423076923076924 0.016826923076923076
0 0.1502403846153846 0.5360576923076923 0.036057692307692304 0.014423076923076924
0 0.125 0.6514423076923077 0.025240384615384616 0.05889423076923077
0 0.4543269230769231 0.7536057692307693 0.03125 0.03125
0 0.34615384615384615 0.9915865384615384 0.04326923076923077 0.016826923076923076
0 0.7740384615384616 0.5336538461538461 0.04326923076923077 0.009615384615384616
0 0.7908653846153846 0.6105769230769231 0.02283653846153846 0.038461538461538464
0 0.8966346153846154 0.7235576923076923 0.028846153846153848 0.04447115384615385
0 0.8173076923076923 0.8377403846153846 0.039663461538461536 0.052884615384615384
0 0.8545673076923077 0.9375 0.046875 0.03485576923076923
0 0.5985576923076923 0.5348557692307693 0.019230769230769232 0.01201923076923077
0 0.6382211538461539 0.8966346153846154 0.03125 0.019230769230769232