0 0.057692307692307696 0.006009615384615385 0.038461538461538464 0.01201923076923077
0 0.15384615384615385 0.052884615384615384 0.040865384615384616 0.03485576923076923
0 0.3112980769230769 0.1346153846153846 0.046875 0.057692307692307696
0 0.3713942307692308 0.15384615384615385 0.03365384615384615 0.06009615384615385
0 0.4326923076923077 0.1201923076923077 0.04807692307692308 0.027644230769230768
0 0.3545673076923077 0.2920673076923077 0.014423076923076924 0.06009615384615385
0 0.21754807692307693 0.17668269230769232 0.013221153846153846 0.052884615384615384
0 0.08413461538461539 0.1466346153846154 0.018028846153846152 0.057692307692307696
0 0.16706730769230768 0.21754807692307693 0.03365384615384615 0.02283653846153846
0 0.010817307692307692 0.34375 0.021634615384615384 0.038461538461538464
0 0.8137019230769231 0.14182692307692307 0.037259615384615384 0.04807692307692308
0 0.7788461538461539 0.1622596153846154 0.016826923076923076 0.056490384615384616
0 0.8377403846153846 0.21634615384615385 0.02283653846153846 0.052884615384615384
0 0.7295673076923077 0.20793269230769232 0.036057692307692304 0.025240384615384616
0 0.7331730769230769 0.25 0.04447115384615385 0.04447115384615385
0 0.7307692307692307 0.35336538461538464 0.013221153846153846 0.042067307692307696
0 0.5612980769230769 0.23918269230769232 0.03365384615384615 0.028846153846153848
0 0.5985576923076923 0.3016826923076923 0.013221153846153846 0.052884615384615384
0 0.5997596153846154 0.06850961538461539 0.03365384615384615 0.027644230769230768
0 0.49399038461538464 0.006009615384615385 0.01201923076923077 0.01201923076923077
0 0.4951923076923077 0.01201923076923077 0.014423076923076924 0.02403846153846154
0 0.796875 0.007211538461538462 0.036057692307692304 0.014423076923076924
0 0.9459134615384616 0.004807692307692308 0.03125 0.009615384615384616
0 0.5036057692307693 0.21514423076923078 0.03125 0.03125
0 0.49759615384615385 0.3581730769230769 0.019230769230769232 0.052884615384615384
0 0.14903846153846154 0.39663461538461536 0.038461538461538464 0.014423076923076924
0 0.46634615384615385 0.39663461538461536 0.038461538461538464 0.014423076923076924
0 0.14302884615384615 0.43149038461538464 0.037259615384615384 0.025240384615384616
0 0.15865384615384615 0.6237980769230769 0.030048076923076924 0.06971153846153846
0 0.19471153846153846 0.5961538461538461 0.026442307692307692 0.03485576923076923
0 0.18629807692307693 0.75 0.040865384615384616 0.030048076923076924
0 0.036057692307692304 0.7115384615384616 0.030048076923076924 0.016826923076923076
0 0.007211538461538462 0.546875 0.014423076923076924 0.021634615384615384
0 0.008413461538461538 0.3942307692307692 0.016826923076923076 0.009615384615384616
0 0.025240384615384616 0.9747596153846154 0.042067307692307696 0.028846153846153848
0 0.7379807692307693 0.45913461538461536 0.037259615384615384 0.027644230769230768
0 0.734375 0.7139423076923077 0.03125 0.030048076923076924
0 0.8100961538461539 0.8617788461538461 0.02283653846153846 0.038461538461538464
0 0.7632211538461539 0.9074519230769231 0.03125 0.07451923076923077
0 0.6177884615384616 0.9939903846153846 0.028846153846153848 0.01201923076923077
0 0.4951923076923077 0.8341346153846154 0.014423076923076924 0.019230769230769232
0 0.49759615384615385 0.5576923076923077 0.019230769230769232 0.02403846153846154