0 0.010817307692307692 0.006009615384615385 0.021634615384615384 0.01201923076923077
0 0.003605769230769231 0.046875 0.007211538461538462 0.04567307692307692
0 0.007211538461538462 0.040865384615384616 0.014423076923076924 0.028846153846153848
0 0.1875 0.007211538461538462 0.019230769230769232 0.014423076923076924
0 0.9362980769230769 0.06370192307692307 0.042067307692307696 0.02403846153846154
0 0.9939903846153846 0.2127403846153846 0.01201923076923077 0.021634615384615384
0 0.9891826923076923 0.25600961538461536 0.021634615384615384 0.055288461538461536
0 0.7848557692307693 0.109375 0.055288461538461536 0.028846153846153848
0 0.6778846153846154 0.018028846153846152 0.03365384615384615 0.03485576923076923
0 0.6598557692307693 0.07211538461538461 0.01201923076923077 0.051682692307692304
0 0.6538461538461539 0.23918269230769232 0.014423076923076924 0.046875
0 0.6478365384615384 0.2512019230769231 0.016826923076923076 0.040865384615384616
0 0.6466346153846154 0.01201923076923077 0.014423076923076924 0.02403846153846154
0 0.6514423076923077 0.31850961538461536 0.02403846153846154 0.021634615384615384
0 0.004807692307692308 0.34375 0.009615384615384616 0.028846153846153848
0 0.007211538461538462 0.3798076923076923 0.014423076923076924 0.03365384615384615
0 0.1201923076923077 0.5721153846153846 0.014423076923076924 0.06370192307692307
0 0.109375 0.5576923076923077 0.01201923076923077 0.051682692307692304
0 0.3173076923076923 0.5576923076923077 0.038461538461538464 0.04807692307692308
0 0.30408653846153844 0.7319711538461539 0.040865384615384616 0.027644230769230768
0 0.08413461538461539 0.8076923076923077 0.042067307692307696 0.030048076923076924
0 0.006009615384615385 0.7427884615384616 0.01201923076923077 0.057692307692307696
0 0.6538461538461539 0.6646634615384616 0.028846153846153848 0.026442307692307692
0 0.6526442307692307 0.6814903846153846 0.026442307692307692 0.01201923076923077
0 0.8016826923076923 0.6358173076923077 0.040865384615384616 0.030048076923076924
0 0.7908653846153846 0.75 0.02403846153846154 0.019230769230769232
0 0.8317307692307693 0.8173076923076923 0.03125 0.06009615384615385
0 0.6442307692307693 0.6947115384615384 0.009615384615384616 0.052884615384615384
0 0.6442307692307693 0.578125 0.009615384615384616 0.040865384615384616
0 0.6478365384615384 0.8197115384615384 0.016826923076923076 0.028846153846153848
0 0.6478365384615384 0.875 0.016826923076923076 0.03365384615384615
0 0.6502403846153846 0.8677884615384616 0.021634615384615384 0.04326923076923077
0 0.6466346153846154 0.9735576923076923 0.014423076923076924 0.03365384615384615
0 0.9447115384615384 0.33533653846153844 0.02403846153846154 0.01201923076923077