0 0.4014423076923077 0.11778846153846154 0.037259615384615384 0.027644230769230768
0 0.6971153846153846 0.28125 0.038461538461538464 0.016826923076923076
0 0.39783653846153844 0.37259615384615385 0.03125 0.030048076923076924
0 0.4735576923076923 0.5204326923076923 0.02283653846153846 0.038461538461538464
0 0.4266826923076923 0.5661057692307693 0.03125 0.07451923076923077
0 0.4567307692307692 0.6935096153846154 0.036057692307692304 0.028846153846153848
0 0.2824519230769231 0.6622596153846154 0.030048076923076924 0.027644230769230768
0 0.037259615384615384 0.49278846153846156 0.03245192307692308 0.019230769230769232
0 0.036057692307692304 0.21754807692307693 0.038461538461538464 0.02283653846153846
0 0.2824519230769231 0.9543269230769231 0.025240384615384616 0.052884615384615384
0 0.9158653846153846 0.5661057692307693 0.02283653846153846 0.04447115384615385
0 0.018028846153846152 0.8100961538461539 0.021634615384615384 0.05048076923076923