0 0.013221153846153846 0.3581730769230769 0.026442307692307692 0.03365384615384615
0 0.020432692307692308 0.3557692307692308 0.036057692307692304 0.028846153846153848
0 0.12860576923076922 0.31850961538461536 0.039663461538461536 0.025240384615384616
0 0.20673076923076922 0.5108173076923077 0.025240384615384616 0.052884615384615384
0 0.004807692307692308 0.33413461538461536 0.009615384615384616 0.04807692307692308
0 0.006009615384615385 0.2403846153846154 0.01201923076923077 0.03365384615384615
0 0.004807692307692308 0.46875 0.009615384615384616 0.04326923076923077
0 0.006009615384615385 0.4795673076923077 0.01201923076923077 0.05048076923076923
0 0.006009615384615385 0.056490384615384616 0.01201923076923077 0.040865384615384616
0 0.2439903846153846 0.004807692307692308 0.03125 0.009615384615384616
0 0.30649038461538464 0.006009615384615385 0.036057692307692304 0.01201923076923077
0 0.5745192307692307 0.004807692307692308 0.038461538461538464 0.009615384615384616
0 0.6923076923076923 0.003605769230769231 0.02403846153846154 0.007211538461538462
0 0.7980769230769231 0.006009615384615385 0.03365384615384615 0.01201923076923077
0 0.5504807692307693 0.01201923076923077 0.014423076923076924 0.02403846153846154
0 0.5060096153846154 0.006009615384615385 0.026442307692307692 0.01201923076923077
0 0.47716346153846156 0.07572115384615384 0.028846153846153848 0.04447115384615385
0 0.4831730769230769 0.08774038461538461 0.02403846153846154 0.04567307692307692
0 0.4423076923076923 0.1466346153846154 0.04927884615384615 0.038461538461538464
0 0.6057692307692307 0.24158653846153846 0.040865384615384616 0.038461538461538464
0 0.7668269230769231 0.19831730769230768 0.027644230769230768 0.05048076923076923
0 0.3485576923076923 0.32091346153846156 0.039663461538461536 0.030048076923076924
0 0.2764423076923077 0.25240384615384615 0.014423076923076924 0.04807692307692308
0 0.2764423076923077 0.43149038461538464 0.014423076923076924 0.03125
0 0.6790865384615384 0.5300480769230769 0.026442307692307692 0.036057692307692304
0 0.006009615384615385 0.5600961538461539 0.01201923076923077 0.02403846153846154
0 0.008413461538461538 0.5612980769230769 0.016826923076923076 0.026442307692307692
0 0.009615384615384616 0.6875 0.019230769230769232 0.03365384615384615
0 0.008413461538461538 0.7560096153846154 0.016826923076923076 0.036057692307692304
0 0.006009615384615385 0.7524038461538461 0.01201923076923077 0.038461538461538464
0 0.010817307692307692 0.8064903846153846 0.021634615384615384 0.040865384615384616
0 0.008413461538461538 0.8004807692307693 0.016826923076923076 0.02403846153846154
0 0.004807692307692308 0.8245192307692307 0.009615384615384616 0.052884615384615384
0 0.18870192307692307 0.6935096153846154 0.019230769230769232 0.057692307692307696
0 0.1778846153846154 0.8774038461538461 0.03125 0.036057692307692304
0 0.17548076923076922 0.9242788461538461 0.013221153846153846 0.046875
0 0.09254807692307693 0.9735576923076923 0.015625 0.04567307692307692
0 0.007211538461538462 0.5540865384615384 0.014423076923076924 0.01201923076923077
0 0.5012019230769231 0.5552884615384616 0.03125 0.014423076923076924
0 0.27884615384615385 0.5564903846153846 0.019230769230769232 0.016826923076923076
0 0.2764423076923077 0.5564903846153846 0.014423076923076924 0.016826923076923076
0 0.2776442307692308 0.6382211538461539 0.016826923076923076 0.03125
0 0.27524038461538464 0.7728365384615384 0.01201923076923077 0.06009615384615385
0 0.5264423076923077 0.8762019230769231 0.03125 0.03125