0 0.01201923076923077 0.33653846153846156 0.019230769230769232 0.040865384615384616
0 0.7019230769230769 0.008413461538461538 0.019230769230769232 0.016826923076923076
0 0.6334134615384616 0.003605769230769231 0.040865384615384616 0.007211538461538462
0 0.29927884615384615 0.007211538461538462 0.04567307692307692 0.014423076923076924
0 0.23557692307692307 0.007211538461538462 0.014423076923076924 0.014423076923076924
0 0.6838942307692307 0.02403846153846154 0.01201923076923077 0.04807692307692308
0 0.9362980769230769 0.3557692307692308 0.01201923076923077 0.04807692307692308
0 0.23798076923076922 0.019230769230769232 0.019230769230769232 0.028846153846153848
0 0.5168269230769231 0.38461538461538464 0.04326923076923077 0.009615384615384616
0 0.7548076923076923 0.3858173076923077 0.038461538461538464 0.01201923076923077
0 0.5336538461538461 0.4326923076923077 0.02283653846153846 0.038461538461538464
0 0.6394230769230769 0.5456730769230769 0.028846153846153848 0.04447115384615385
0 0.5600961538461539 0.6598557692307693 0.039663461538461536 0.052884615384615384
0 0.5973557692307693 0.7596153846153846 0.046875 0.03485576923076923
0 0.23798076923076922 0.3858173076923077 0.019230769230769232 0.01201923076923077
0 0.38100961538461536 0.71875 0.03125 0.019230769230769232