0 0.006009615384615385 0.010817307692307692 0.01201923076923077 0.021634615384615384
0 0.22115384615384615 0.01201923076923077 0.019230769230769232 0.02403846153846154
0 0.17908653846153846 0.15985576923076922 0.021634615384615384 0.054086538461538464
0 0.006009615384615385 0.203125 0.01201923076923077 0.040865384615384616
0 0.004807692307692308 0.01201923076923077 0.009615384615384616 0.02403846153846154
0 0.051682692307692304 0.38822115384615385 0.046875 0.02283653846153846
0 0.006009615384615385 0.004807692307692308 0.01201923076923077 0.009615384615384616
0 0.5961538461538461 0.008413461538461538 0.04326923076923077 0.016826923076923076
0 0.7704326923076923 0.006009615384615385 0.040865384615384616 0.01201923076923077
0 0.5396634615384616 0.21875 0.018028846153846152 0.057692307692307696
0 0.5528846153846154 0.36177884615384615 0.036057692307692304 0.030048076923076924
0 0.009615384615384616 0.5276442307692307 0.019230769230769232 0.021634615384615384
0 0.04567307692307692 0.6574519230769231 0.03365384615384615 0.038461538461538464
0 0.15625 0.9110576923076923 0.021634615384615384 0.07932692307692307
0 0.03485576923076923 0.9855769230769231 0.016826923076923076 0.028846153846153848
0 0.33052884615384615 0.4170673076923077 0.021634615384615384 0.016826923076923076
0 0.3293269230769231 0.4387019230769231 0.019230769230769232 0.03125
0 0.5961538461538461 0.4182692307692308 0.03365384615384615 0.019230769230769232
0 0.6526442307692307 0.41947115384615385 0.03125 0.021634615384615384
0 0.5889423076923077 0.421875 0.038461538461538464 0.026442307692307692
0 0.7247596153846154 0.7908653846153846 0.018028846153846152 0.06009615384615385