0 0.003605769230769231 0.38341346153846156 0.007211538461538462 0.05048076923076923
0 0.007211538461538462 0.36658653846153844 0.014423076923076924 0.06009615384615385
0 0.013221153846153846 0.006009615384615385 0.026442307692307692 0.01201923076923077
0 0.08653846153846154 0.009615384615384616 0.03365384615384615 0.019230769230769232
0 0.1141826923076923 0.018028846153846152 0.026442307692307692 0.036057692307692304
0 0.05889423076923077 0.018028846153846152 0.036057692307692304 0.036057692307692304
0 0.4206730769230769 0.1346153846153846 0.04326923076923077 0.030048076923076924
0 0.007211538461538462 0.46875 0.014423076923076924 0.02403846153846154
0 0.004807692307692308 0.36177884615384615 0.009615384615384616 0.040865384615384616
0 0.9459134615384616 0.007211538461538462 0.03125 0.014423076923076924
0 0.546875 0.03125 0.039663461538461536 0.03365384615384615
0 0.49399038461538464 0.2091346153846154 0.03125 0.03485576923076923
0 0.6682692307692307 0.34375 0.03485576923076923 0.030048076923076924
0 0.6418269230769231 0.47836538461538464 0.025240384615384616 0.05889423076923077
0 0.008413461538461538 0.5348557692307693 0.016826923076923076 0.01201923076923077
0 0.19471153846153846 0.5336538461538461 0.038461538461538464 0.009615384615384616
0 0.3125 0.5324519230769231 0.02403846153846154 0.007211538461538462
0 0.4182692307692308 0.5348557692307693 0.03365384615384615 0.01201923076923077
0 0.171875 0.78125 0.014423076923076924 0.04807692307692308
0 0.12620192307692307 0.7403846153846154 0.026442307692307692 0.025240384615384616
0 0.09735576923076923 0.8978365384615384 0.028846153846153848 0.04447115384615385
0 0.10336538461538461 0.9098557692307693 0.02403846153846154 0.04567307692307692
0 0.0625 0.96875 0.04927884615384615 0.038461538461538464
0 0.5997596153846154 0.5348557692307693 0.040865384615384616 0.01201923076923077
0 0.5961538461538461 0.8762019230769231 0.03485576923076923 0.025240384615384616
0 0.4831730769230769 0.8834134615384616 0.009615384615384616 0.055288461538461536
0 0.7247596153846154 0.5372596153846154 0.03125 0.016826923076923076
0 0.7283653846153846 0.5360576923076923 0.019230769230769232 0.014423076923076924