0 0.39302884615384615 0.18509615384615385 0.026442307692307692 0.05048076923076923
0 0.22115384615384615 0.3233173076923077 0.03365384615384615 0.03125
0 0.3713942307692308 0.4519230769230769 0.040865384615384616 0.03365384615384615
0 0.2620192307692308 0.5216346153846154 0.03365384615384615 0.036057692307692304
0 0.2824519230769231 0.5168269230769231 0.026442307692307692 0.038461538461538464
0 0.375 0.5721153846153846 0.04326923076923077 0.040865384615384616
0 0.3076923076923077 0.5661057692307693 0.036057692307692304 0.02283653846153846
0 0.18389423076923078 0.5901442307692307 0.02283653846153846 0.052884615384615384
0 0.6358173076923077 0.4579326923076923 0.019230769230769232 0.057692307692307696
0 0.625 0.6418269230769231 0.03125 0.036057692307692304
0 0.6225961538461539 0.6887019230769231 0.013221153846153846 0.046875
0 0.5396634615384616 0.7379807692307693 0.015625 0.04567307692307692
0 0.4182692307692308 0.11778846153846154 0.03125 0.02403846153846154