0 0.08533653846153846 0.18028846153846154 0.03365384615384615 0.04807692307692308
0 0.007211538461538462 0.359375 0.014423076923076924 0.05048076923076923
0 0.42908653846153844 0.028846153846153848 0.046875 0.03125
0 0.7463942307692307 0.008413461538461538 0.040865384615384616 0.016826923076923076
0 0.59375 0.027644230769230768 0.020432692307692308 0.05048076923076923
0 0.5228365384615384 0.35336538461538464 0.04326923076923077 0.04447115384615385
0 0.6682692307692307 0.4483173076923077 0.04326923076923077 0.042067307692307696
0 0.7740384615384616 0.006009615384615385 0.038461538461538464 0.01201923076923077
0 0.38822115384615385 0.006009615384615385 0.016826923076923076 0.01201923076923077
0 0.5072115384615384 0.31490384615384615 0.037259615384615384 0.027644230769230768
0 0.5769230769230769 0.34134615384615385 0.021634615384615384 0.04567307692307692
0 0.5865384615384616 0.28725961538461536 0.039663461538461536 0.039663461538461536
0 0.9158653846153846 0.004807692307692308 0.028846153846153848 0.009615384615384616
0 0.9591346153846154 0.008413461538461538 0.028846153846153848 0.016826923076923076
0 0.008413461538461538 0.5168269230769231 0.016826923076923076 0.014423076923076924
0 0.007211538461538462 0.7752403846153846 0.014423076923076924 0.040865384615384616
0 0.006009615384615385 0.5204326923076923 0.01201923076923077 0.021634615384615384
0 0.008413461538461538 0.5168269230769231 0.016826923076923076 0.014423076923076924
0 0.9074519230769231 0.6574519230769231 0.03125 0.05048076923076923
0 0.6899038461538461 0.5252403846153846 0.038461538461538464 0.03125
0 0.6550480769230769 0.5372596153846154 0.016826923076923076 0.055288461538461536
0 0.7151442307692307 0.5913461538461539 0.02283653846153846 0.052884615384615384
0 0.6069711538461539 0.5829326923076923 0.036057692307692304 0.025240384615384616
0 0.6105769230769231 0.625 0.04447115384615385 0.04447115384615385
0 0.6081730769230769 0.7283653846153846 0.013221153846153846 0.042067307692307696
0 0.4387019230769231 0.6141826923076923 0.03365384615384615 0.028846153846153848
0 0.47596153846153844 0.6766826923076923 0.013221153846153846 0.052884615384615384
0 0.47596153846153844 0.515625 0.03365384615384615 0.01201923076923077
0 0.3858173076923077 0.515625 0.01201923076923077 0.01201923076923077
0 0.3870192307692308 0.5216346153846154 0.014423076923076924 0.02403846153846154
0 0.6742788461538461 0.5168269230769231 0.036057692307692304 0.014423076923076924
0 0.8233173076923077 0.5144230769230769 0.03125 0.009615384615384616
0 0.3894230769230769 0.5901442307692307 0.019230769230769232 0.03125
0 0.3894230769230769 0.7331730769230769 0.019230769230769232 0.052884615384615384