0 0.003605769230769231 0.03245192307692308 0.007211538461538462 0.05048076923076923
0 0.007211538461538462 0.02283653846153846 0.014423076923076924 0.04567307692307692
0 0.15264423076923078 0.006009615384615385 0.036057692307692304 0.01201923076923077
0 0.23076923076923078 0.009615384615384616 0.03365384615384615 0.019230769230769232
0 0.25841346153846156 0.013221153846153846 0.026442307692307692 0.026442307692307692
0 0.203125 0.009615384615384616 0.036057692307692304 0.019230769230769232
0 0.5564903846153846 0.007211538461538462 0.026442307692307692 0.014423076923076924
0 0.3088942307692308 0.36899038461538464 0.040865384615384616 0.021634615384615384
0 0.007211538461538462 0.11778846153846154 0.014423076923076924 0.02403846153846154
0 0.04927884615384615 0.015625 0.021634615384615384 0.03125
0 0.5757211538461539 0.010817307692307692 0.01201923076923077 0.021634615384615384
0 0.5805288461538461 0.007211538461538462 0.021634615384615384 0.014423076923076924
0 0.640625 0.17908653846153846 0.020432692307692308 0.06971153846153846
0 0.859375 0.12139423076923077 0.03125 0.04807692307692308
0 0.6490384615384616 0.11899038461538461 0.02403846153846154 0.05048076923076923
0 0.8581730769230769 0.27163461538461536 0.038461538461538464 0.03485576923076923
0 0.578125 0.21754807692307693 0.016826923076923076 0.03125
0 0.6682692307692307 0.2932692307692308 0.03365384615384615 0.039663461538461536
0 0.578125 0.2824519230769231 0.016826923076923076 0.04567307692307692
0 0.10216346153846154 0.3858173076923077 0.036057692307692304 0.01201923076923077
0 0.39903846153846156 0.4951923076923077 0.038461538461538464 0.016826923076923076
0 0.09975961538461539 0.5865384615384616 0.03125 0.030048076923076924
0 0.17548076923076922 0.734375 0.02283653846153846 0.038461538461538464
0 0.12860576923076922 0.7800480769230769 0.03125 0.07451923076923077
0 0.15865384615384615 0.9074519230769231 0.036057692307692304 0.028846153846153848
0 0.007211538461538462 0.875 0.014423076923076924 0.028846153846153848
0 0.007211538461538462 0.7067307692307693 0.014423076923076924 0.019230769230769232
0 0.009615384615384616 0.43028846153846156 0.019230769230769232 0.02403846153846154
0 0.7463942307692307 0.4026442307692308 0.026442307692307692 0.04567307692307692
0 0.7403846153846154 0.41466346153846156 0.02403846153846154 0.042067307692307696
0 0.7103365384615384 0.46875 0.03485576923076923 0.02283653846153846