0 0.007211538461538462 0.009615384615384616 0.014423076923076924 0.019230769230769232
0 0.016826923076923076 0.010817307692307692 0.014423076923076924 0.021634615384615384
0 0.09254807692307693 0.010817307692307692 0.016826923076923076 0.021634615384615384
0 0.10096153846153846 0.009615384615384616 0.03365384615384615 0.019230769230769232
0 0.007211538461538462 0.006009615384615385 0.014423076923076924 0.01201923076923077
0 0.008413461538461538 0.008413461538461538 0.016826923076923076 0.016826923076923076
0 0.47475961538461536 0.11658653846153846 0.042067307692307696 0.030048076923076924
0 0.3737980769230769 0.38341346153846156 0.01201923076923077 0.021634615384615384
0 0.5805288461538461 0.41346153846153844 0.040865384615384616 0.028846153846153848
0 0.009615384615384616 0.5576923076923077 0.019230769230769232 0.028846153846153848
0 0.007211538461538462 0.9290865384615384 0.014423076923076924 0.04567307692307692
0 0.7055288461538461 0.4375 0.03125 0.019230769230769232
0 0.7992788461538461 0.4326923076923077 0.03125 0.009615384615384616
0 0.9146634615384616 0.6947115384615384 0.02403846153846154 0.06850961538461539
0 0.7151442307692307 0.6370192307692307 0.019230769230769232 0.06009615384615385
0 0.6862980769230769 0.5709134615384616 0.038461538461538464 0.04807692307692308
0 0.65625 0.5913461538461539 0.013221153846153846 0.054086538461538464
0 0.6177884615384616 0.6262019230769231 0.03485576923076923 0.015625
0 0.6081730769230769 0.6706730769230769 0.037259615384615384 0.0625
0 0.5168269230769231 0.4951923076923077 0.03485576923076923 0.03485576923076923
0 0.3737980769230769 0.43990384615384615 0.01201923076923077 0.02403846153846154
0 0.3786057692307692 0.4326923076923077 0.021634615384615384 0.009615384615384616
0 0.4014423076923077 0.6322115384615384 0.036057692307692304 0.042067307692307696
0 0.42788461538461536 0.671875 0.03125 0.03485576923076923
0 0.4807692307692308 0.6838942307692307 0.014423076923076924 0.042067307692307696
0 0.375 0.6935096153846154 0.014423076923076924 0.036057692307692304
0 0.3737980769230769 0.7475961538461539 0.01201923076923077 0.04807692307692308