0 0.28725961538461536 0.009615384615384616 0.03125 0.019230769230769232
0 0.38100961538461536 0.004807692307692308 0.03125 0.009615384615384616
0 0.4963942307692308 0.30288461538461536 0.02403846153846154 0.06850961538461539
0 0.296875 0.24519230769230768 0.019230769230769232 0.06009615384615385
0 0.26802884615384615 0.17908653846153846 0.038461538461538464 0.04807692307692308
0 0.23798076923076922 0.19951923076923078 0.013221153846153846 0.054086538461538464
0 0.19951923076923078 0.234375 0.03485576923076923 0.015625
0 0.18990384615384615 0.27884615384615385 0.037259615384615384 0.0625
0 0.0985576923076923 0.10336538461538461 0.03485576923076923 0.03485576923076923
0 0.006009615384615385 0.01201923076923077 0.01201923076923077 0.02403846153846154
0 0.010817307692307692 0.004807692307692308 0.021634615384615384 0.009615384615384616
0 0.008413461538461538 0.23918269230769232 0.016826923076923076 0.040865384615384616
0 0.01201923076923077 0.27884615384615385 0.02403846153846154 0.03365384615384615
0 0.0625 0.2920673076923077 0.014423076923076924 0.042067307692307696
0 0.007211538461538462 0.3016826923076923 0.014423076923076924 0.036057692307692304
0 0.006009615384615385 0.3557692307692308 0.01201923076923077 0.04807692307692308
0 0.5673076923076923 0.01201923076923077 0.04326923076923077 0.02403846153846154
0 0.7091346153846154 0.17668269230769232 0.03125 0.04447115384615385
0 0.8641826923076923 0.3317307692307692 0.028846153846153848 0.06009615384615385
0 0.8533653846153846 0.33653846153846156 0.02403846153846154 0.054086538461538464
0 0.9471153846153846 0.3112980769230769 0.021634615384615384 0.030048076923076924
0 0.3894230769230769 0.46634615384615385 0.04326923076923077 0.014423076923076924
0 0.3317307692307692 0.4735576923076923 0.019230769230769232 0.028846153846153848
0 0.34615384615384615 0.5180288461538461 0.036057692307692304 0.030048076923076924
0 0.453125 0.7103365384615384 0.030048076923076924 0.06009615384615385
0 0.23918269230769232 0.7776442307692307 0.040865384615384616 0.03365384615384615
0 0.47596153846153844 0.9507211538461539 0.03365384615384615 0.036057692307692304
0 0.07211538461538461 0.8389423076923077 0.021634615384615384 0.052884615384615384
0 0.07692307692307693 0.9122596153846154 0.039663461538461536 0.027644230769230768
0 0.2848557692307692 0.6045673076923077 0.055288461538461536 0.042067307692307696
0 0.8137019230769231 0.515625 0.04326923076923077 0.030048076923076924
0 0.9831730769230769 0.5072115384615384 0.03365384615384615 0.02403846153846154
0 0.7560096153846154 0.7307692307692307 0.018028846153846152 0.057692307692307696
0 0.7692307692307693 0.8737980769230769 0.036057692307692304 0.030048076923076924
0 0.7079326923076923 0.9603365384615384 0.055288461538461536 0.042067307692307696