0 0.38822115384615385 0.47115384615384615 0.052884615384615384 0.03365384615384615
0 0.4266826923076923 0.46875 0.036057692307692304 0.028846153846153848
0 0.5348557692307693 0.43149038461538464 0.039663461538461536 0.025240384615384616
0 0.6129807692307693 0.6237980769230769 0.025240384615384616 0.052884615384615384
0 0.26802884615384615 0.4483173076923077 0.020432692307692308 0.04807692307692308
0 0.25841346153846156 0.35336538461538464 0.027644230769230768 0.03365384615384615
0 0.2608173076923077 0.5829326923076923 0.020432692307692308 0.042067307692307696
0 0.16706730769230768 0.59375 0.026442307692307692 0.05048076923076923
0 0.06370192307692307 0.6899038461538461 0.051682692307692304 0.028846153846153848
0 0.28125 0.8786057692307693 0.038461538461538464 0.03485576923076923
0 0.06490384615384616 0.17067307692307693 0.025240384615384616 0.040865384615384616
0 0.6514423076923077 0.09735576923076923 0.03125 0.02283653846153846