0 0.2512019230769231 0.010817307692307692 0.026442307692307692 0.021634615384615384
0 0.010817307692307692 0.007211538461538462 0.021634615384615384 0.014423076923076924
0 0.33052884615384615 0.25600961538461536 0.020432692307692308 0.06971153846153846
0 0.5492788461538461 0.19831730769230768 0.03125 0.04807692307692308
0 0.3389423076923077 0.19591346153846154 0.02403846153846154 0.05048076923076923
0 0.5480769230769231 0.3485576923076923 0.038461538461538464 0.03485576923076923
0 0.2127403846153846 0.29447115384615385 0.037259615384615384 0.03125
0 0.3581730769230769 0.36899038461538464 0.03365384615384615 0.040865384615384616
0 0.025240384615384616 0.3605769230769231 0.037259615384615384 0.04567307692307692
0 0.7980769230769231 0.01201923076923077 0.019230769230769232 0.02403846153846154
0 0.8485576923076923 0.004807692307692308 0.038461538461538464 0.009615384615384616
0 0.9591346153846154 0.008413461538461538 0.02403846153846154 0.016826923076923076
0 0.671875 0.008413461538461538 0.03125 0.016826923076923076
0 0.7319711538461539 0.008413461538461538 0.021634615384615384 0.016826923076923076
0 0.6081730769230769 0.006009615384615385 0.019230769230769232 0.01201923076923077
0 0.6334134615384616 0.0673076923076923 0.04447115384615385 0.021634615384615384
0 0.6862980769230769 0.09134615384615384 0.020432692307692308 0.046875
0 0.6334134615384616 0.11057692307692307 0.051682692307692304 0.05048076923076923
0 0.7728365384615384 0.20432692307692307 0.051682692307692304 0.02403846153846154
0 0.6069711538461539 0.34615384615384615 0.016826923076923076 0.04807692307692308
0 0.7487980769230769 0.3245192307692308 0.010817307692307692 0.036057692307692304
0 0.36538461538461536 0.6574519230769231 0.038461538461538464 0.042067307692307696
0 0.36538461538461536 0.7175480769230769 0.025240384615384616 0.046875
0 0.29447115384615385 0.45552884615384615 0.05048076923076923 0.036057692307692304
0 0.21634615384615385 0.4567307692307692 0.03365384615384615 0.028846153846153848
0 0.5637019230769231 0.7608173076923077 0.038461538461538464 0.030048076923076924
0 0.39663461538461536 0.9639423076923077 0.04567307692307692 0.046875
0 0.9855769230769231 0.6466346153846154 0.028846153846153848 0.03365384615384615
0 0.671875 0.43509615384615385 0.038461538461538464 0.025240384615384616
0 0.9483173076923077 0.8557692307692307 0.04447115384615385 0.021634615384615384
0 0.9951923076923077 0.8786057692307693 0.009615384615384616 0.04567307692307692
0 0.9483173076923077 0.8990384615384616 0.051682692307692304 0.05048076923076923