0 0.5685096153846154 0.42908653846153844 0.037259615384615384 0.030048076923076924
0 0.39783653846153844 0.4639423076923077 0.06129807692307692 0.02403846153846154
0 0.40625 0.48677884615384615 0.05048076923076923 0.016826923076923076
0 0.32091346153846156 0.4411057692307692 0.015625 0.04567307692307692
0 0.2644230769230769 0.39903846153846156 0.019230769230769232 0.042067307692307696
0 0.039663461538461536 0.18629807692307693 0.04326923076923077 0.021634615384615384
0 0.27283653846153844 0.6286057692307693 0.020432692307692308 0.06009615384615385
0 0.23076923076923078 0.65625 0.03245192307692308 0.042067307692307696
0 0.0829326923076923 0.6730769230769231 0.046875 0.03485576923076923
0 0.1622596153846154 0.7932692307692307 0.036057692307692304 0.028846153846153848
0 0.5985576923076923 0.5600961538461539 0.026442307692307692 0.021634615384615384
0 0.6069711538461539 0.6201923076923077 0.030048076923076924 0.05889423076923077