0 0.008413461538461538 0.009615384615384616 0.016826923076923076 0.019230769230769232
0 0.004807692307692308 0.020432692307692308 0.009615384615384616 0.040865384615384616
0 0.008413461538461538 0.008413461538461538 0.016826923076923076 0.016826923076923076
0 0.007211538461538462 0.010817307692307692 0.014423076923076924 0.021634615384615384
0 0.007211538461538462 0.004807692307692308 0.014423076923076924 0.009615384615384616
0 0.007211538461538462 0.008413461538461538 0.014423076923076924 0.016826923076923076
0 0.013221153846153846 0.4098557692307692 0.026442307692307692 0.03125
0 0.4266826923076923 0.042067307692307696 0.04447115384615385 0.030048076923076924
0 0.6694711538461539 0.03485576923076923 0.040865384615384616 0.021634615384615384
0 0.7007211538461539 0.04567307692307692 0.019230769230769232 0.04807692307692308
0 0.6646634615384616 0.1310096153846154 0.021634615384615384 0.046875
0 0.6646634615384616 0.2920673076923077 0.016826923076923076 0.05048076923076923
0 0.8004807692307693 0.3329326923076923 0.010817307692307692 0.03485576923076923
0 0.6947115384615384 0.46153846153846156 0.04326923076923077 0.052884615384615384
0 0.28125 0.4567307692307692 0.027644230769230768 0.04567307692307692
0 0.013221153846153846 0.9086538461538461 0.020432692307692308 0.04927884615384615
0 0.008413461538461538 0.8209134615384616 0.016826923076923076 0.04567307692307692
0 0.009615384615384616 0.5204326923076923 0.019230769230769232 0.036057692307692304
0 0.22596153846153846 0.5048076923076923 0.04326923076923077 0.009615384615384616
0 0.2439903846153846 0.5060096153846154 0.03125 0.01201923076923077
0 0.2932692307692308 0.7175480769230769 0.028846153846153848 0.039663461538461536
0 0.28846153846153844 0.984375 0.038461538461538464 0.03125
0 0.6274038461538461 0.5132211538461539 0.014423076923076924 0.026442307692307692