0 0.6778846153846154 0.04447115384615385 0.037259615384615384 0.040865384615384616
0 0.8100961538461539 0.009615384615384616 0.052884615384615384 0.019230769230769232
0 0.5480769230769231 0.25721153846153844 0.019230769230769232 0.028846153846153848
0 0.18028846153846154 0.7620192307692307 0.037259615384615384 0.027644230769230768
0 0.13701923076923078 0.8305288461538461 0.036057692307692304 0.04807692307692308
0 0.6286057692307693 0.6706730769230769 0.046875 0.03125
0 0.9471153846153846 0.5180288461538461 0.040865384615384616 0.03485576923076923
0 0.7932692307692307 0.6694711538461539 0.020432692307692308 0.05048076923076923
0 0.7211538461538461 0.9855769230769231 0.04326923076923077 0.028846153846153848
0 0.9735576923076923 0.5024038461538461 0.038461538461538464 0.027644230769230768
0 0.546875 0.5504807692307693 0.016826923076923076 0.02403846153846154
0 0.7067307692307693 0.9567307692307693 0.037259615384615384 0.027644230769230768
0 0.7752403846153846 0.9795673076923077 0.021634615384615384 0.040865384615384616
0 0.7860576923076923 0.9290865384615384 0.039663461538461536 0.039663461538461536