0 0.5372596153846154 0.010817307692307692 0.016826923076923076 0.021634615384615384
0 0.4855769230769231 0.013221153846153846 0.019230769230769232 0.026442307692307692
0 0.4987980769230769 0.009615384615384616 0.016826923076923076 0.019230769230769232
0 0.5396634615384616 0.008413461538461538 0.03125 0.016826923076923076
0 0.5564903846153846 0.06610576923076923 0.002403846153846154 0.04567307692307692
0 0.010817307692307692 0.014423076923076924 0.021634615384615384 0.028846153846153848
0 0.003605769230769231 0.29447115384615385 0.007211538461538462 0.04567307692307692
0 0.1502403846153846 0.41586538461538464 0.03125 0.028846153846153848
0 0.21995192307692307 0.3088942307692308 0.030048076923076924 0.038461538461538464
0 0.5276442307692307 0.12259615384615384 0.015625 0.042067307692307696
0 0.36177884615384615 0.2824519230769231 0.021634615384615384 0.039663461538461536
0 0.36177884615384615 0.3894230769230769 0.039663461538461536 0.03485576923076923
0 0.7572115384615384 0.051682692307692304 0.036057692307692304 0.027644230769230768
0 0.9963942307692307 0.31490384615384615 0.007211538461538462 0.04807692307692308
0 0.9555288461538461 0.27403846153846156 0.026442307692307692 0.025240384615384616
0 0.9266826923076923 0.43149038461538464 0.028846153846153848 0.04447115384615385
0 0.9326923076923077 0.44350961538461536 0.02403846153846154 0.04567307692307692
0 0.890625 0.5012019230769231 0.05048076923076923 0.036057692307692304
0 0.23798076923076922 0.5252403846153846 0.04326923076923077 0.01201923076923077
0 0.5408653846153846 0.5240384615384616 0.03365384615384615 0.009615384615384616
0 0.5276442307692307 0.6682692307692307 0.015625 0.052884615384615384
0 0.47596153846153844 0.6658653846153846 0.021634615384615384 0.054086538461538464
0 0.46153846153846156 0.8221153846153846 0.03485576923076923 0.016826923076923076
0 0.2644230769230769 0.9747596153846154 0.030048076923076924 0.04807692307692308
0 0.4026442307692308 0.9158653846153846 0.054086538461538464 0.04567307692307692
0 0.6694711538461539 0.7331730769230769 0.046875 0.03125
0 0.9831730769230769 0.5793269230769231 0.03365384615384615 0.03365384615384615
0 0.8341346153846154 0.7319711538461539 0.020432692307692308 0.05048076923076923
0 0.5661057692307693 0.6129807692307693 0.016826923076923076 0.02403846153846154
0 0.8257211538461539 0.9855769230769231 0.040865384615384616 0.028846153846153848