0 0.3701923076923077 0.06850961538461539 0.028846153846153848 0.04567307692307692
0 0.41586538461538464 0.03245192307692308 0.03245192307692308 0.016826923076923076
0 0.35216346153846156 0.34375 0.040865384615384616 0.009615384615384616
0 0.25841346153846156 0.21394230769230768 0.039663461538461536 0.02403846153846154
0 0.5384615384615384 0.006009615384615385 0.019230769230769232 0.01201923076923077
0 0.6670673076923077 0.20432692307692307 0.051682692307692304 0.039663461538461536
0 0.5348557692307693 0.07572115384615384 0.01201923076923077 0.04567307692307692
0 0.8677884615384616 0.1778846153846154 0.036057692307692304 0.039663461538461536
0 0.5576923076923077 0.33774038461538464 0.038461538461538464 0.021634615384615384
0 0.6237980769230769 0.29927884615384615 0.025240384615384616 0.051682692307692304
0 0.026442307692307692 0.43990384615384615 0.04326923076923077 0.021634615384615384
0 0.265625 0.5889423076923077 0.039663461538461536 0.025240384615384616
0 0.04326923076923077 0.6826923076923077 0.02283653846153846 0.038461538461538464
0 0.14903846153846154 0.7956730769230769 0.028846153846153848 0.04447115384615385
0 0.06971153846153846 0.9098557692307693 0.039663461538461536 0.052884615384615384
0 0.10576923076923077 0.9951923076923077 0.04807692307692308 0.009615384615384616
0 0.009615384615384616 0.5288461538461539 0.019230769230769232 0.028846153846153848
0 0.007211538461538462 0.96875 0.014423076923076924 0.019230769230769232
0 0.7932692307692307 0.484375 0.020432692307692308 0.051682692307692304
0 0.7872596153846154 0.6887019230769231 0.018028846153846152 0.04807692307692308
0 0.8617788461538461 0.7824519230769231 0.042067307692307696 0.02403846153846154
0 0.7271634615384616 0.9927884615384616 0.05048076923076923 0.014423076923076924
0 0.5348557692307693 0.8353365384615384 0.01201923076923077 0.05048076923076923
0 0.5360576923076923 0.36658653846153844 0.014423076923076924 0.036057692307692304