0 0.3016826923076923 0.2764423076923077 0.046875 0.03125
0 0.6201923076923077 0.12379807692307693 0.040865384615384616 0.03485576923076923
0 0.46634615384615385 0.27524038461538464 0.020432692307692308 0.05048076923076923
0 0.3954326923076923 0.6009615384615384 0.04326923076923077 0.04447115384615385
0 0.5408653846153846 0.6959134615384616 0.04326923076923077 0.042067307692307696
0 0.9579326923076923 0.84375 0.021634615384615384 0.06009615384615385
0 0.6466346153846154 0.10817307692307693 0.038461538461538464 0.027644230769230768
0 0.04567307692307692 0.15625 0.03365384615384615 0.02403846153846154
0 0.021634615384615384 0.8209134615384616 0.025240384615384616 0.04567307692307692
0 0.3798076923076923 0.5625 0.037259615384615384 0.027644230769230768
0 0.4495192307692308 0.5889423076923077 0.021634615384615384 0.04567307692307692
0 0.45913461538461536 0.5348557692307693 0.039663461538461536 0.039663461538461536
0 0.7896634615384616 0.10096153846153846 0.028846153846153848 0.02283653846153846
0 0.8329326923076923 0.10697115384615384 0.027644230769230768 0.03485576923076923