0 0.13341346153846154 0.15625 0.018028846153846152 0.07692307692307693
0 0.13822115384615385 0.11298076923076923 0.03125 0.036057692307692304
0 0.2548076923076923 0.10697115384615384 0.030048076923076924 0.018028846153846152
0 0.3473557692307692 0.11057692307692307 0.027644230769230768 0.051682692307692304
0 0.037259615384615384 0.009615384615384616 0.03125 0.019230769230769232
0 0.009615384615384616 0.006009615384615385 0.019230769230769232 0.01201923076923077
0 0.004807692307692308 0.27163461538461536 0.009615384615384616 0.0625
0 0.007211538461538462 0.21394230769230768 0.014423076923076924 0.03365384615384615
0 0.33052884615384615 0.2848557692307692 0.03245192307692308 0.051682692307692304
0 0.8918269230769231 0.004807692307692308 0.03365384615384615 0.009615384615384616
0 0.4375 0.006009615384615385 0.019230769230769232 0.01201923076923077
0 0.5240384615384616 0.009615384615384616 0.052884615384615384 0.019230769230769232
0 0.4338942307692308 0.010817307692307692 0.01201923076923077 0.021634615384615384
0 0.7247596153846154 0.009615384615384616 0.036057692307692304 0.019230769230769232
0 0.7379807692307693 0.1622596153846154 0.021634615384615384 0.056490384615384616
0 0.4375 0.1201923076923077 0.019230769230769232 0.02403846153846154
0 0.48197115384615385 0.08052884615384616 0.025240384615384616 0.051682692307692304
0 0.4387019230769231 0.21394230769230768 0.021634615384615384 0.03365384615384615
0 0.4375 0.17307692307692307 0.019230769230769232 0.04807692307692308
0 0.43509615384615385 0.24278846153846154 0.014423076923076924 0.028846153846153848
0 0.21153846153846154 0.5661057692307693 0.06370192307692307 0.027644230769230768
0 0.25961538461538464 0.5649038461538461 0.03245192307692308 0.03485576923076923
0 0.34375 0.5336538461538461 0.039663461538461536 0.025240384615384616
0 0.08533653846153846 0.4855769230769231 0.036057692307692304 0.014423076923076924
0 0.09375 0.5625 0.018028846153846152 0.051682692307692304
0 0.07091346153846154 0.6586538461538461 0.027644230769230768 0.046875
0 0.007211538461538462 0.6526442307692307 0.014423076923076924 0.04567307692307692
0 0.008413461538461538 0.484375 0.016826923076923076 0.01201923076923077
0 0.009615384615384616 0.7872596153846154 0.019230769230769232 0.03125
0 0.23076923076923078 0.7283653846153846 0.013221153846153846 0.06490384615384616
0 0.14423076923076922 0.9891826923076923 0.03365384615384615 0.021634615384615384
0 0.39783653846153844 0.7079326923076923 0.016826923076923076 0.039663461538461536
0 0.5444711538461539 0.5600961538461539 0.04326923076923077 0.027644230769230768
0 0.578125 0.609375 0.016826923076923076 0.04807692307692308
0 0.5432692307692307 0.7115384615384616 0.01201923076923077 0.054086538461538464
0 0.5504807692307693 0.8389423076923077 0.028846153846153848 0.04567307692307692
0 0.5817307692307693 0.984375 0.052884615384615384 0.03125
0 0.4338942307692308 0.5817307692307693 0.01201923076923077 0.052884615384615384