0 0.2091346153846154 0.01201923076923077 0.02403846153846154 0.02403846153846154
0 0.01201923076923077 0.004807692307692308 0.02403846153846154 0.009615384615384616
0 0.006009615384615385 0.020432692307692308 0.01201923076923077 0.040865384615384616
0 0.007211538461538462 0.0985576923076923 0.014423076923076924 0.028846153846153848
0 0.003605769230769231 0.17067307692307693 0.007211538461538462 0.052884615384615384
0 0.2091346153846154 0.3762019230769231 0.04326923076923077 0.027644230769230768
0 0.47836538461538464 0.007211538461538462 0.019230769230769232 0.014423076923076924
0 0.47596153846153844 0.2800480769230769 0.014423076923076924 0.04567307692307692
0 0.3557692307692308 0.7788461538461539 0.016826923076923076 0.056490384615384616
0 0.17908653846153846 0.9903846153846154 0.016826923076923076 0.019230769230769232
0 0.009615384615384616 0.42427884615384615 0.019230769230769232 0.01201923076923077
0 0.007211538461538462 0.47836538461538464 0.014423076923076924 0.02403846153846154
0 0.3004807692307692 0.43028846153846156 0.02403846153846154 0.02403846153846154
0 0.4735576923076923 0.5336538461538461 0.009615384615384616 0.057692307692307696
0 0.5240384615384616 0.6670673076923077 0.03125 0.03485576923076923
0 0.6730769230769231 0.8581730769230769 0.014423076923076924 0.06370192307692307
0 0.6622596153846154 0.84375 0.01201923076923077 0.051682692307692304
0 0.8701923076923077 0.84375 0.038461538461538464 0.04807692307692308