0 0.6538461538461539 0.0829326923076923 0.030048076923076924 0.054086538461538464
0 0.5865384615384616 0.037259615384615384 0.016826923076923076 0.04447115384615385
0 0.5348557692307693 0.03125 0.019230769230769232 0.054086538461538464
0 0.5480769230769231 0.054086538461538464 0.015625 0.042067307692307696
0 0.5889423076923077 0.08052884615384616 0.030048076923076924 0.03365384615384615
0 0.6213942307692307 0.12860576923076922 0.015625 0.04567307692307692
0 0.609375 0.15625 0.010817307692307692 0.046875
0 0.9122596153846154 0.296875 0.02283653846153846 0.06009615384615385
0 0.7680288461538461 0.8341346153846154 0.036057692307692304 0.040865384615384616
0 0.057692307692307696 0.03365384615384615 0.025240384615384616 0.057692307692307696
0 0.030048076923076924 0.38341346153846156 0.016826923076923076 0.04567307692307692
0 0.19831730769230768 0.5048076923076923 0.03125 0.028846153846153848
0 0.26802884615384615 0.39783653846153844 0.030048076923076924 0.038461538461538464
0 0.5757211538461539 0.21153846153846154 0.015625 0.042067307692307696
0 0.4098557692307692 0.3713942307692308 0.021634615384615384 0.039663461538461536
0 0.4098557692307692 0.47836538461538464 0.039663461538461536 0.03485576923076923