0 0.30528846153846156 0.010817307692307692 0.028846153846153848 0.021634615384615384
0 0.34975961538461536 0.003605769230769231 0.03125 0.007211538461538462
0 0.28725961538461536 0.008413461538461538 0.040865384615384616 0.016826923076923076
0 0.19230769230769232 0.006009615384615385 0.038461538461538464 0.01201923076923077
0 0.18028846153846154 0.028846153846153848 0.02283653846153846 0.040865384615384616
0 0.18509615384615385 0.06490384615384616 0.03365384615384615 0.03485576923076923
0 0.1141826923076923 0.11057692307692307 0.013221153846153846 0.05889423076923077
0 0.2848557692307692 0.11298076923076923 0.057692307692307696 0.025240384615384616
0 0.22716346153846154 0.12620192307692307 0.038461538461538464 0.03125
0 0.8557692307692307 0.004807692307692308 0.028846153846153848 0.009615384615384616
0 0.6177884615384616 0.078125 0.06370192307692307 0.027644230769230768
0 0.6658653846153846 0.07692307692307693 0.03245192307692308 0.03485576923076923
0 0.75 0.04567307692307692 0.039663461538461536 0.025240384615384616
0 0.49158653846153844 0.007211538461538462 0.036057692307692304 0.014423076923076924
0 0.5 0.07451923076923077 0.018028846153846152 0.051682692307692304
0 0.47716346153846156 0.17067307692307693 0.027644230769230768 0.046875
0 0.46634615384615385 0.16466346153846154 0.014423076923076924 0.04567307692307692
0 0.4675480769230769 0.006009615384615385 0.016826923076923076 0.01201923076923077
0 0.46875 0.29927884615384615 0.019230769230769232 0.03125
0 0.8425480769230769 0.22956730769230768 0.016826923076923076 0.056490384615384616
0 0.6370192307692307 0.2403846153846154 0.013221153846153846 0.06490384615384616
0 0.5504807692307693 0.5 0.03365384615384615 0.019230769230769232
0 0.8040865384615384 0.21995192307692307 0.016826923076923076 0.039663461538461536
0 0.33533653846153844 0.5853365384615384 0.055288461538461536 0.028846153846153848
0 0.2283653846153846 0.5180288461538461 0.03365384615384615 0.016826923076923076
0 0.21033653846153846 0.5480769230769231 0.01201923076923077 0.051682692307692304
0 0.20432692307692307 0.7151442307692307 0.014423076923076924 0.046875
0 0.12620192307692307 0.7283653846153846 0.03485576923076923 0.042067307692307696
0 0.007211538461538462 0.5216346153846154 0.014423076923076924 0.02403846153846154
0 0.016826923076923076 0.7980769230769231 0.03365384615384615 0.028846153846153848
0 0.18269230769230768 0.9651442307692307 0.03245192307692308 0.04447115384615385
0 0.7151442307692307 0.515625 0.040865384615384616 0.01201923076923077
0 0.7055288461538461 0.6682692307692307 0.025240384615384616 0.03125
0 0.7283653846153846 0.8413461538461539 0.021634615384615384 0.05048076923076923
0 0.703125 0.8762019230769231 0.027644230769230768 0.07091346153846154
0 0.7367788461538461 0.9867788461538461 0.040865384615384616 0.026442307692307692
0 0.46634615384615385 0.7836538461538461 0.014423076923076924 0.019230769230769232
0 0.4675480769230769 0.5180288461538461 0.016826923076923076 0.016826923076923076