0 0.008413461538461538 0.01201923076923077 0.016826923076923076 0.02403846153846154
0 0.20793269230769232 0.01201923076923077 0.021634615384615384 0.02403846153846154
0 0.19110576923076922 0.36658653846153844 0.013221153846153846 0.054086538461538464
0 0.375 0.4230769230769231 0.039663461538461536 0.025240384615384616
0 0.3641826923076923 0.4735576923076923 0.028846153846153848 0.042067307692307696
0 0.004807692307692308 0.4699519230769231 0.009615384615384616 0.03125
0 0.07451923076923077 0.6334134615384616 0.04807692307692308 0.01201923076923077
0 0.007211538461538462 0.15985576923076922 0.014423076923076924 0.05048076923076923
0 0.010817307692307692 0.6478365384615384 0.021634615384615384 0.016826923076923076
0 0.007211538461538462 0.8076923076923077 0.014423076923076924 0.04326923076923077
0 0.1622596153846154 0.9639423076923077 0.042067307692307696 0.04447115384615385
0 0.007211538461538462 0.9627403846153846 0.014423076923076924 0.06009615384615385
0 0.006009615384615385 0.9675480769230769 0.01201923076923077 0.055288461538461536
0 0.040865384615384616 0.9435096153846154 0.021634615384615384 0.030048076923076924
0 0.703125 0.6502403846153846 0.021634615384615384 0.021634615384615384