0 0.17548076923076922 0.009615384615384616 0.04807692307692308 0.019230769230769232
0 0.32572115384615385 0.008413461538461538 0.04567307692307692 0.016826923076923076
0 0.41586538461538464 0.004807692307692308 0.028846153846153848 0.009615384615384616
0 0.04927884615384615 0.1201923076923077 0.030048076923076924 0.042067307692307696
0 0.008413461538461538 0.06370192307692307 0.016826923076923076 0.021634615384615384
0 0.003605769230769231 0.43990384615384615 0.007211538461538462 0.057692307692307696
0 0.0673076923076923 0.46033653846153844 0.019230769230769232 0.016826923076923076
0 0.042067307692307696 0.35216346153846156 0.014423076923076924 0.036057692307692304
0 0.47716346153846156 0.004807692307692308 0.040865384615384616 0.009615384615384616
0 0.7067307692307693 0.009615384615384616 0.03365384615384615 0.019230769230769232
0 0.8173076923076923 0.18269230769230768 0.021634615384615384 0.07932692307692307
0 0.6959134615384616 0.26802884615384615 0.016826923076923076 0.046875
0 0.5024038461538461 0.31850961538461536 0.03125 0.054086538461538464
0 0.7740384615384616 0.3605769230769231 0.03245192307692308 0.046875
0 0.8064903846153846 0.35697115384615385 0.026442307692307692 0.04807692307692308
0 0.010817307692307692 0.47716346153846156 0.021634615384615384 0.016826923076923076
0 0.421875 0.9795673076923077 0.036057692307692304 0.026442307692307692
0 0.007211538461538462 0.9603365384615384 0.014423076923076924 0.026442307692307692
0 0.003605769230769231 0.8990384615384616 0.007211538461538462 0.052884615384615384
0 0.4495192307692308 0.47475961538461536 0.019230769230769232 0.01201923076923077
0 0.4483173076923077 0.4795673076923077 0.016826923076923076 0.021634615384615384
0 0.47596153846153844 0.5745192307692307 0.020432692307692308 0.07451923076923077
0 0.47475961538461536 0.5420673076923077 0.03125 0.040865384615384616
0 0.5540865384615384 0.5432692307692307 0.010817307692307692 0.03365384615384615
0 0.6754807692307693 0.5384615384615384 0.03125 0.04807692307692308
0 0.9507211538461539 0.4735576923076923 0.036057692307692304 0.009615384615384616
0 0.6574519230769231 0.71875 0.04567307692307692 0.030048076923076924
0 0.4483173076923077 0.7055288461538461 0.016826923076923076 0.03125
0 0.484375 0.7259615384615384 0.03125 0.040865384615384616
0 0.4483173076923077 0.7608173076923077 0.016826923076923076 0.04567307692307692
0 0.4543269230769231 0.7800480769230769 0.028846153846153848 0.03125
0 0.44591346153846156 0.7199519230769231 0.01201923076923077 0.06490384615384616