0 0.15384615384615385 0.1622596153846154 0.030048076923076924 0.052884615384615384
0 0.6057692307692307 0.006009615384615385 0.04326923076923077 0.01201923076923077
0 0.640625 0.01201923076923077 0.016826923076923076 0.02403846153846154
0 0.6057692307692307 0.038461538461538464 0.01201923076923077 0.054086538461538464
0 0.6129807692307693 0.1658653846153846 0.028846153846153848 0.04567307692307692
0 0.6454326923076923 0.31971153846153844 0.051682692307692304 0.04447115384615385
0 0.7608173076923077 0.4699519230769231 0.040865384615384616 0.016826923076923076
0 0.5757211538461539 0.3737980769230769 0.01201923076923077 0.04567307692307692
0 0.578125 0.4375 0.016826923076923076 0.028846153846153848
0 0.5745192307692307 0.3942307692307692 0.009615384615384616 0.052884615384615384
0 0.5757211538461539 0.40024038461538464 0.01201923076923077 0.040865384615384616
0 0.5757211538461539 0.3473557692307692 0.01201923076923077 0.055288461538461536
0 0.5757211538461539 0.01201923076923077 0.01201923076923077 0.02403846153846154
0 0.5757211538461539 0.46153846153846156 0.01201923076923077 0.03365384615384615
0 0.3137019230769231 0.4879807692307692 0.03125 0.019230769230769232
0 0.4074519230769231 0.4831730769230769 0.03125 0.009615384615384616
0 0.5228365384615384 0.9182692307692307 0.02403846153846154 0.06850961538461539
0 0.3233173076923077 0.8605769230769231 0.019230769230769232 0.06009615384615385
0 0.29447115384615385 0.7944711538461539 0.038461538461538464 0.04807692307692308
0 0.2644230769230769 0.8149038461538461 0.013221153846153846 0.054086538461538464
0 0.22596153846153846 0.8497596153846154 0.03485576923076923 0.015625
0 0.21634615384615385 0.8942307692307693 0.037259615384615384 0.0625
0 0.125 0.71875 0.03485576923076923 0.03485576923076923
0 0.006009615384615385 0.5480769230769231 0.01201923076923077 0.052884615384615384
0 0.010817307692307692 0.4831730769230769 0.021634615384615384 0.009615384615384616
0 0.013221153846153846 0.8545673076923077 0.026442307692307692 0.040865384615384616
0 0.036057692307692304 0.8954326923076923 0.03125 0.03485576923076923
0 0.0889423076923077 0.9074519230769231 0.014423076923076924 0.042067307692307696
0 0.007211538461538462 0.9170673076923077 0.014423076923076924 0.036057692307692304
0 0.006009615384615385 0.9711538461538461 0.01201923076923077 0.04807692307692308
0 0.5793269230769231 0.4831730769230769 0.019230769230769232 0.009615384615384616
0 0.578125 0.5384615384615384 0.016826923076923076 0.038461538461538464
0 0.6201923076923077 0.7932692307692307 0.021634615384615384 0.07932692307692307
0 0.8293269230769231 0.7512019230769231 0.03245192307692308 0.04567307692307692
0 0.8149038461538461 0.9266826923076923 0.030048076923076924 0.030048076923076924
0 0.5733173076923077 0.8774038461538461 0.007211538461538462 0.04807692307692308
0 0.5769230769230769 0.9278846153846154 0.014423076923076924 0.052884615384615384
0 0.5805288461538461 0.9699519230769231 0.021634615384615384 0.04567307692307692
0 0.609375 0.9675480769230769 0.026442307692307692 0.04807692307692308