0 0.078125 0.24278846153846154 0.027644230769230768 0.042067307692307696
0 0.4050480769230769 0.05889423076923077 0.040865384615384616 0.019230769230769232
0 0.6694711538461539 0.1778846153846154 0.046875 0.03125
0 0.9831730769230769 0.02403846153846154 0.03365384615384615 0.03365384615384615
0 0.8341346153846154 0.17668269230769232 0.020432692307692308 0.05048076923076923
0 0.7632211538461539 0.5024038461538461 0.04326923076923077 0.04447115384615385
0 0.9086538461538461 0.5973557692307693 0.04326923076923077 0.042067307692307696
0 0.5180288461538461 0.057692307692307696 0.016826923076923076 0.02403846153846154
0 0.7475961538461539 0.4639423076923077 0.037259615384615384 0.027644230769230768
0 0.8173076923076923 0.49038461538461536 0.021634615384615384 0.04567307692307692
0 0.8269230769230769 0.4362980769230769 0.039663461538461536 0.039663461538461536
0 0.01201923076923077 0.6766826923076923 0.02403846153846154 0.016826923076923076
0 0.27403846153846156 0.8004807692307693 0.038461538461538464 0.03485576923076923
0 0.009615384615384616 0.7355769230769231 0.019230769230769232 0.028846153846153848
0 0.009615384615384616 0.8954326923076923 0.019230769230769232 0.03125
0 0.5625 0.6754807692307693 0.038461538461538464 0.014423076923076924
0 0.6742788461538461 0.6814903846153846 0.01201923076923077 0.026442307692307692