0 0.5516826923076923 0.006009615384615385 0.040865384615384616 0.01201923076923077
0 0.32211538461538464 0.006009615384615385 0.04807692307692308 0.01201923076923077
0 0.016826923076923076 0.007211538461538462 0.03365384615384615 0.014423076923076924
0 0.4951923076923077 0.009615384615384616 0.014423076923076924 0.019230769230769232
0 0.5204326923076923 0.010817307692307692 0.021634615384615384 0.021634615384615384
0 0.4579326923076923 0.010817307692307692 0.04567307692307692 0.021634615384615384
0 0.4375 0.051682692307692304 0.04447115384615385 0.03485576923076923
0 0.5973557692307693 0.1346153846153846 0.03125 0.056490384615384616
0 0.23317307692307693 0.20673076923076922 0.018028846153846152 0.057692307692307696
0 0.3641826923076923 0.21875 0.04326923076923077 0.027644230769230768
0 0.19831730769230768 0.33413461538461536 0.038461538461538464 0.025240384615384616
0 0.6394230769230769 0.16826923076923078 0.019230769230769232 0.028846153846153848
0 0.009615384615384616 0.44471153846153844 0.019230769230769232 0.009615384615384616
0 0.10817307692307693 0.5348557692307693 0.03365384615384615 0.038461538461538464
0 0.21875 0.7884615384615384 0.021634615384615384 0.07932692307692307
0 0.42788461538461536 0.7463942307692307 0.03245192307692308 0.04567307692307692
0 0.41346153846153844 0.921875 0.030048076923076924 0.030048076923076924
0 0.09735576923076923 0.8737980769230769 0.016826923076923076 0.046875
0 0.007211538461538462 0.9230769230769231 0.014423076923076924 0.052884615384615384
0 0.17548076923076922 0.9663461538461539 0.03245192307692308 0.046875
0 0.20793269230769232 0.9627403846153846 0.026442307692307692 0.04807692307692308
0 0.6514423076923077 0.4495192307692308 0.04326923076923077 0.019230769230769232
0 0.7992788461538461 0.4483173076923077 0.04567307692307692 0.016826923076923076
0 0.8894230769230769 0.44471153846153844 0.028846153846153848 0.009615384615384616
0 0.9326923076923077 0.45072115384615385 0.014423076923076924 0.021634615384615384
0 0.6370192307692307 0.4495192307692308 0.014423076923076924 0.019230769230769232
0 0.6358173076923077 0.6935096153846154 0.01201923076923077 0.06009615384615385
0 0.6334134615384616 0.6550480769230769 0.007211538461538462 0.06971153846153846
0 0.6346153846153846 0.6887019230769231 0.009615384615384616 0.055288461538461536
0 0.6418269230769231 0.7199519230769231 0.02403846153846154 0.05048076923076923
0 0.6358173076923077 0.9759615384615384 0.01201923076923077 0.04807692307692308
0 0.6334134615384616 0.5612980769230769 0.007211538461538462 0.036057692307692304