0 0.07091346153846154 0.027644230769230768 0.04447115384615385 0.030048076923076924
0 0.3137019230769231 0.020432692307692308 0.040865384615384616 0.021634615384615384
0 0.3449519230769231 0.03125 0.019230769230769232 0.04807692307692308
0 0.3088942307692308 0.11658653846153846 0.021634615384615384 0.046875
0 0.3088942307692308 0.2776442307692308 0.016826923076923076 0.05048076923076923
0 0.44471153846153844 0.31850961538461536 0.010817307692307692 0.03485576923076923
0 0.3389423076923077 0.44711538461538464 0.04326923076923077 0.052884615384615384
0 0.16466346153846154 0.5276442307692307 0.03125 0.040865384615384616
0 0.1622596153846154 0.5853365384615384 0.016826923076923076 0.026442307692307692
0 0.4651442307692308 0.5949519230769231 0.05048076923076923 0.007211538461538462
0 0.006009615384615385 0.4411057692307692 0.01201923076923077 0.04567307692307692
0 0.006009615384615385 0.5564903846153846 0.01201923076923077 0.040865384615384616
0 0.8137019230769231 0.014423076923076924 0.026442307692307692 0.028846153846153848
0 0.6274038461538461 0.007211538461538462 0.019230769230769232 0.014423076923076924
0 0.6213942307692307 0.17668269230769232 0.007211538461538462 0.040865384615384616
0 0.6262019230769231 0.20432692307692307 0.016826923076923076 0.019230769230769232
0 0.7836538461538461 0.5084134615384616 0.039663461538461536 0.030048076923076924
0 0.4098557692307692 0.6117788461538461 0.03125 0.026442307692307692
0 0.3425480769230769 0.609375 0.016826923076923076 0.021634615384615384
0 0.29086538461538464 0.6117788461538461 0.019230769230769232 0.026442307692307692
0 0.30408653846153844 0.6081730769230769 0.016826923076923076 0.019230769230769232
0 0.3449519230769231 0.6069711538461539 0.03125 0.016826923076923076
0 0.37740384615384615 0.609375 0.014423076923076924 0.021634615384615384
0 0.36538461538461536 0.609375 0.009615384615384616 0.021634615384615384
0 0.5252403846153846 0.9927884615384616 0.036057692307692304 0.014423076923076924
0 0.006009615384615385 0.6129807692307693 0.01201923076923077 0.028846153846153848
0 0.003605769230769231 0.609375 0.007211538461538462 0.021634615384615384
0 0.007211538461538462 0.6778846153846154 0.014423076923076924 0.028846153846153848
0 0.02403846153846154 0.6081730769230769 0.028846153846153848 0.019230769230769232
0 0.3317307692307692 0.6081730769230769 0.014423076923076924 0.019230769230769232
0 0.16706730769230768 0.6081730769230769 0.021634615384615384 0.019230769230769232
0 0.16706730769230768 0.6514423076923077 0.039663461538461536 0.03485576923076923
0 0.6237980769230769 0.7980769230769231 0.01201923076923077 0.057692307692307696
0 0.6237980769230769 0.6923076923076923 0.01201923076923077 0.02403846153846154
0 0.6838942307692307 0.7235576923076923 0.025240384615384616 0.05048076923076923
0 0.6262019230769231 0.9362980769230769 0.016826923076923076 0.04567307692307692