0 0.009615384615384616 0.10096153846153846 0.019230769230769232 0.03365384615384615
0 0.04807692307692308 0.25961538461538464 0.04326923076923077 0.02403846153846154
0 0.009615384615384616 0.3605769230769231 0.019230769230769232 0.028846153846153848
0 0.007211538461538462 0.18269230769230768 0.014423076923076924 0.02403846153846154
0 0.49399038461538464 0.010817307692307692 0.01201923076923077 0.021634615384615384
0 0.5769230769230769 0.20432692307692307 0.030048076923076924 0.03485576923076923
0 0.5733173076923077 0.2548076923076923 0.020432692307692308 0.07572115384615384
0 0.7223557692307693 0.18389423076923078 0.030048076923076924 0.019230769230769232
0 0.7908653846153846 0.20552884615384615 0.027644230769230768 0.05048076923076923
0 0.7884615384615384 0.3737980769230769 0.03125 0.04807692307692308
0 0.49158653846153844 0.32211538461538464 0.007211538461538462 0.057692307692307696
0 0.4963942307692308 0.36778846153846156 0.016826923076923076 0.057692307692307696
0 0.49759615384615385 0.006009615384615385 0.019230769230769232 0.01201923076923077
0 0.44471153846153844 0.43149038461538464 0.014423076923076924 0.026442307692307692
0 0.1935096153846154 0.4266826923076923 0.040865384615384616 0.016826923076923076
0 0.016826923076923076 0.4266826923076923 0.03365384615384615 0.016826923076923076
0 0.4795673076923077 0.5913461538461539 0.016826923076923076 0.056490384615384616
0 0.171875 0.5588942307692307 0.04567307692307692 0.025240384615384616
0 0.7776442307692307 0.4254807692307692 0.040865384615384616 0.014423076923076924
0 0.9783653846153846 0.4230769230769231 0.04326923076923077 0.009615384615384616
0 0.9951923076923077 0.7295673076923077 0.009615384615384616 0.040865384615384616
0 0.4951923076923077 0.4362980769230769 0.014423076923076924 0.036057692307692304