0 0.21033653846153846 0.013221153846153846 0.016826923076923076 0.026442307692307692
0 0.24278846153846154 0.013221153846153846 0.014423076923076924 0.026442307692307692
0 0.12860576923076922 0.014423076923076924 0.01201923076923077 0.028846153846153848
0 0.008413461538461538 0.009615384615384616 0.016826923076923076 0.019230769230769232
0 0.008413461538461538 0.008413461538461538 0.016826923076923076 0.016826923076923076
0 0.006009615384615385 0.006009615384615385 0.01201923076923077 0.01201923076923077
0 0.009615384615384616 0.20192307692307693 0.019230769230769232 0.028846153846153848
0 0.31009615384615385 0.20072115384615385 0.038461538461538464 0.03125
0 0.2548076923076923 0.013221153846153846 0.014423076923076924 0.026442307692307692
0 0.3161057692307692 0.40024038461538464 0.026442307692307692 0.016826923076923076
0 0.9182692307692307 0.006009615384615385 0.038461538461538464 0.01201923076923077
0 0.90625 0.22115384615384615 0.03245192307692308 0.03125
0 0.6021634615384616 0.054086538461538464 0.028846153846153848 0.028846153846153848
0 0.33653846153846156 0.057692307692307696 0.014423076923076924 0.03365384615384615
0 0.33774038461538464 0.006009615384615385 0.016826923076923076 0.01201923076923077
0 0.33653846153846156 0.008413461538461538 0.014423076923076924 0.016826923076923076
0 0.5528846153846154 0.18629807692307693 0.018028846153846152 0.042067307692307696
0 0.6237980769230769 0.31490384615384615 0.03125 0.04447115384615385
0 0.6298076923076923 0.3629807692307692 0.02283653846153846 0.03365384615384615
0 0.6081730769230769 0.4014423076923077 0.052884615384615384 0.014423076923076924
0 0.3473557692307692 0.2956730769230769 0.019230769230769232 0.042067307692307696
0 0.010817307692307692 0.41346153846153844 0.021634615384615384 0.009615384615384616
0 0.007211538461538462 0.5901442307692307 0.014423076923076924 0.026442307692307692
0 0.007211538461538462 0.8293269230769231 0.014423076923076924 0.038461538461538464
0 0.038461538461538464 0.421875 0.014423076923076924 0.026442307692307692
0 0.8798076923076923 0.4182692307692308 0.04807692307692308 0.019230769230769232
0 0.7536057692307693 0.49759615384615385 0.030048076923076924 0.042067307692307696
0 0.49399038461538464 0.4423076923076923 0.037259615384615384 0.02283653846153846
0 0.5973557692307693 0.8629807692307693 0.02403846153846154 0.05889423076923077
0 0.7007211538461539 0.8245192307692307 0.015625 0.06971153846153846
0 0.7728365384615384 0.8581730769230769 0.020432692307692308 0.054086538461538464
0 0.8677884615384616 0.8894230769230769 0.036057692307692304 0.051682692307692304
0 0.7463942307692307 0.7295673076923077 0.014423076923076924 0.036057692307692304