0 0.10817307692307693 0.39903846153846156 0.038461538461538464 0.038461538461538464
0 0.3545673076923077 0.010817307692307692 0.05048076923076923 0.021634615384615384
0 0.3894230769230769 0.2692307692307692 0.026442307692307692 0.052884615384615384
0 0.5817307692307693 0.06610576923076923 0.02283653846153846 0.054086538461538464
0 0.6850961538461539 0.3798076923076923 0.014423076923076924 0.052884615384615384
0 0.6862980769230769 0.36177884615384615 0.016826923076923076 0.040865384615384616
0 0.6862980769230769 0.33052884615384615 0.016826923076923076 0.021634615384615384
0 0.6814903846153846 0.04927884615384615 0.007211538461538462 0.04567307692307692
0 0.6899038461538461 0.04567307692307692 0.02403846153846154 0.02403846153846154
0 0.6850961538461539 0.38341346153846156 0.014423076923076924 0.05048076923076923
0 0.703125 0.006009615384615385 0.036057692307692304 0.01201923076923077
0 0.8052884615384616 0.007211538461538462 0.04326923076923077 0.014423076923076924
0 0.9146634615384616 0.004807692307692308 0.026442307692307692 0.009615384615384616
0 0.9423076923076923 0.009615384615384616 0.014423076923076924 0.019230769230769232
0 0.057692307692307696 0.46153846153846156 0.042067307692307696 0.02403846153846154
0 0.051682692307692304 0.9927884615384616 0.036057692307692304 0.014423076923076924
0 0.1814903846153846 0.4266826923076923 0.03125 0.016826923076923076
0 0.18509615384615385 0.4254807692307692 0.019230769230769232 0.014423076923076924
0 0.6850961538461539 0.43028846153846156 0.014423076923076924 0.02403846153846154
0 0.6862980769230769 0.46274038461538464 0.016826923076923076 0.036057692307692304
0 0.6887019230769231 0.7067307692307693 0.021634615384615384 0.02403846153846154
0 0.796875 0.7728365384615384 0.03485576923076923 0.038461538461538464
0 0.8076923076923077 0.4206730769230769 0.04807692307692308 0.004807692307692308