0 0.49038461538461536 0.008413461538461538 0.038461538461538464 0.016826923076923076
0 0.53125 0.008413461538461538 0.03365384615384615 0.016826923076923076
0 0.31971153846153844 0.21634615384615385 0.038461538461538464 0.02403846153846154
0 0.39663461538461536 0.22235576923076922 0.020432692307692308 0.040865384615384616
0 0.7836538461538461 0.01201923076923077 0.03365384615384615 0.02403846153846154
0 0.9230769230769231 0.31490384615384615 0.019230769230769232 0.028846153846153848
0 0.671875 0.015625 0.03125 0.03125
0 0.020432692307692308 0.33653846153846156 0.040865384615384616 0.014423076923076924
0 0.003605769230769231 0.6286057692307693 0.007211538461538462 0.05048076923076923
0 0.006009615384615385 0.5420673076923077 0.01201923076923077 0.021634615384615384
0 0.037259615384615384 0.9242788461538461 0.040865384615384616 0.027644230769230768
0 0.12620192307692307 0.5805288461538461 0.040865384615384616 0.04447115384615385
0 0.9855769230769231 0.3425480769230769 0.028846153846153848 0.026442307692307692
0 0.9423076923076923 0.33774038461538464 0.028846153846153848 0.016826923076923076
0 0.8882211538461539 0.3401442307692308 0.03125 0.021634615384615384
0 0.8557692307692307 0.3389423076923077 0.028846153846153848 0.019230769230769232
0 0.8245192307692307 0.3425480769230769 0.014423076923076924 0.026442307692307692
0 0.6899038461538461 0.4206730769230769 0.03125 0.03125
0 0.5552884615384616 0.6069711538461539 0.014423076923076924 0.021634615384615384
0 0.5540865384615384 0.5192307692307693 0.01201923076923077 0.038461538461538464
0 0.5540865384615384 0.44711538461538464 0.01201923076923077 0.038461538461538464