0 0.009615384615384616 0.004807692307692308 0.019230769230769232 0.009615384615384616
0 0.008413461538461538 0.1466346153846154 0.016826923076923076 0.028846153846153848
0 0.42427884615384615 0.4639423076923077 0.013221153846153846 0.052884615384615384
0 0.27163461538461536 0.0625 0.030048076923076924 0.03485576923076923
0 0.2644230769230769 0.018028846153846152 0.038461538461538464 0.036057692307692304
0 0.3545673076923077 0.008413461538461538 0.040865384615384616 0.016826923076923076
0 0.1310096153846154 0.38822115384615385 0.039663461538461536 0.03485576923076923
0 0.6983173076923077 0.009615384615384616 0.016826923076923076 0.019230769230769232
0 0.6947115384615384 0.2247596153846154 0.009615384615384616 0.05048076923076923
0 0.6983173076923077 0.008413461538461538 0.016826923076923076 0.016826923076923076
0 0.6971153846153846 0.010817307692307692 0.014423076923076924 0.021634615384615384
0 0.6971153846153846 0.004807692307692308 0.014423076923076924 0.009615384615384616
0 0.6971153846153846 0.008413461538461538 0.014423076923076924 0.016826923076923076
0 0.9555288461538461 0.056490384615384616 0.019230769230769232 0.057692307692307696
0 0.765625 0.6165865384615384 0.040865384615384616 0.026442307692307692
0 0.25240384615384615 0.7704326923076923 0.04567307692307692 0.028846153846153848
0 0.08653846153846154 0.8088942307692307 0.05889423076923077 0.025240384615384616
0 0.013221153846153846 0.7427884615384616 0.026442307692307692 0.028846153846153848
0 0.003605769230769231 0.7548076923076923 0.007211538461538462 0.052884615384615384
0 0.002403846153846154 0.9543269230769231 0.004807692307692308 0.052884615384615384
0 0.008413461538461538 0.9735576923076923 0.016826923076923076 0.038461538461538464
0 0.006009615384615385 0.6370192307692307 0.01201923076923077 0.014423076923076924
0 0.3954326923076923 0.6370192307692307 0.03125 0.014423076923076924
0 0.2980769230769231 0.9615384615384616 0.036057692307692304 0.056490384615384616
0 0.3112980769230769 0.9002403846153846 0.010817307692307692 0.036057692307692304
0 0.6983173076923077 0.6358173076923077 0.016826923076923076 0.01201923076923077
0 0.6995192307692307 0.6935096153846154 0.019230769230769232 0.036057692307692304
0 0.7007211538461539 0.7764423076923077 0.021634615384615384 0.057692307692307696
0 0.6983173076923077 0.7944711538461539 0.016826923076923076 0.06009615384615385
0 0.7067307692307693 0.7608173076923077 0.03365384615384615 0.026442307692307692
0 0.8305288461538461 0.6394230769230769 0.016826923076923076 0.019230769230769232
0 0.8209134615384616 0.9603365384615384 0.03365384615384615 0.042067307692307696
0 0.6935096153846154 0.9338942307692307 0.007211538461538462 0.06009615384615385
0 0.6923076923076923 0.8173076923076923 0.004807692307692308 0.052884615384615384
0 0.6935096153846154 0.7884615384615384 0.007211538461538462 0.057692307692307696
0 0.6983173076923077 0.8581730769230769 0.016826923076923076 0.02403846153846154
0 0.7007211538461539 0.9831730769230769 0.021634615384615384 0.03365384615384615