0 0.0889423076923077 0.006009615384615385 0.038461538461538464 0.01201923076923077
0 0.18509615384615385 0.021634615384615384 0.040865384615384616 0.03485576923076923
0 0.3425480769230769 0.10336538461538461 0.046875 0.057692307692307696
0 0.4026442307692308 0.12259615384615384 0.03365384615384615 0.06009615384615385
0 0.4639423076923077 0.0889423076923077 0.04807692307692308 0.027644230769230768
0 0.5949519230769231 0.009615384615384616 0.016826923076923076 0.019230769230769232
0 0.5853365384615384 0.28725961538461536 0.03365384615384615 0.042067307692307696
0 0.3858173076923077 0.2608173076923077 0.014423076923076924 0.06009615384615385
0 0.24879807692307693 0.14543269230769232 0.013221153846153846 0.052884615384615384
0 0.11538461538461539 0.11538461538461539 0.018028846153846152 0.057692307692307696
0 0.19831730769230768 0.18629807692307693 0.03365384615384615 0.02283653846153846
0 0.013221153846153846 0.3125 0.026442307692307692 0.038461538461538464
0 0.6165865384615384 0.009615384615384616 0.016826923076923076 0.019230769230769232
0 0.6370192307692307 0.004807692307692308 0.052884615384615384 0.009615384615384616
0 0.6177884615384616 0.17067307692307693 0.019230769230769232 0.028846153846153848
0 0.7019230769230769 0.4326923076923077 0.03365384615384615 0.028846153846153848
0 0.078125 0.6322115384615384 0.019230769230769232 0.04807692307692308
0 0.008413461538461538 0.6201923076923077 0.016826923076923076 0.028846153846153848
0 0.6322115384615384 0.5360576923076923 0.04326923076923077 0.014423076923076924
0 0.8762019230769231 0.5336538461538461 0.040865384615384616 0.009615384615384616
0 0.90625 0.5408653846153846 0.019230769230769232 0.02403846153846154
0 0.8713942307692307 0.5396634615384616 0.021634615384615384 0.021634615384615384
0 0.8713942307692307 0.5757211538461539 0.016826923076923076 0.05048076923076923
0 0.9014423076923077 0.7451923076923077 0.04326923076923077 0.052884615384615384
0 0.7271634615384616 0.8257211538461539 0.03125 0.040865384615384616
0 0.7247596153846154 0.9002403846153846 0.016826923076923076 0.056490384615384616
0 0.7487980769230769 0.9326923076923077 0.030048076923076924 0.051682692307692304
0 0.7836538461538461 0.9302884615384616 0.016826923076923076 0.052884615384615384
0 0.6141826923076923 0.7391826923076923 0.01201923076923077 0.04567307692307692
0 0.6141826923076923 0.8545673076923077 0.01201923076923077 0.040865384615384616
0 0.6189903846153846 0.9423076923076923 0.021634615384615384 0.04326923076923077