0 0.056490384615384616 0.014423076923076924 0.021634615384615384 0.028846153846153848
0 0.21634615384615385 0.09254807692307693 0.03125 0.03485576923076923
0 0.36538461538461536 0.28365384615384615 0.014423076923076924 0.06370192307692307
0 0.3545673076923077 0.2692307692307692 0.01201923076923077 0.051682692307692304
0 0.5384615384615384 0.4423076923076923 0.019230769230769232 0.028846153846153848
0 0.3293269230769231 0.5192307692307693 0.042067307692307696 0.030048076923076924
0 0.039663461538461536 0.4543269230769231 0.025240384615384616 0.057692307692307696
0 0.14302884615384615 0.7007211538461539 0.026442307692307692 0.021634615384615384
0 0.010817307692307692 0.6971153846153846 0.021634615384615384 0.014423076923076924
0 0.22235576923076922 0.8088942307692307 0.020432692307692308 0.06971153846153846
0 0.4411057692307692 0.7512019230769231 0.03125 0.04807692307692308
0 0.23076923076923078 0.7487980769230769 0.02403846153846154 0.05048076923076923
0 0.43990384615384615 0.9014423076923077 0.038461538461538464 0.03485576923076923
0 0.1045673076923077 0.8473557692307693 0.037259615384615384 0.03125
0 0.25 0.9230769230769231 0.03365384615384615 0.039663461538461536
0 0.008413461538461538 0.9122596153846154 0.016826923076923076 0.04567307692307692
0 0.7355769230769231 0.9759615384615384 0.019230769230769232 0.042067307692307696
0 0.5588942307692307 0.7632211538461539 0.021634615384615384 0.021634615384615384