0 0.24519230769230768 0.037259615384615384 0.04326923076923077 0.027644230769230768
0 0.5516826923076923 0.027644230769230768 0.039663461538461536 0.02283653846153846
0 0.5348557692307693 0.24519230769230768 0.015625 0.052884615384615384
0 0.4831730769230769 0.24278846153846154 0.021634615384615384 0.054086538461538464
0 0.7415865384615384 0.007211538461538462 0.04567307692307692 0.014423076923076924
0 0.8353365384615384 0.006009615384615385 0.03125 0.01201923076923077
0 0.8942307692307693 0.18870192307692307 0.05048076923076923 0.021634615384615384
0 0.75 0.09735576923076923 0.057692307692307696 0.039663461538461536
0 0.41346153846153844 0.6790865384615384 0.039663461538461536 0.03485576923076923
0 0.28725961538461536 0.6983173076923077 0.04567307692307692 0.040865384615384616
0 0.3329326923076923 0.7259615384615384 0.02403846153846154 0.06370192307692307
0 0.1502403846153846 0.59375 0.028846153846153848 0.040865384615384616
0 0.18269230769230768 0.7259615384615384 0.013221153846153846 0.051682692307692304
0 0.1466346153846154 0.7872596153846154 0.036057692307692304 0.03125
0 0.054086538461538464 0.7548076923076923 0.02283653846153846 0.054086538461538464
0 0.008413461538461538 0.38100961538461536 0.016826923076923076 0.03125
0 0.008413461538461538 0.9182692307692307 0.016826923076923076 0.038461538461538464
0 0.4795673076923077 0.8918269230769231 0.01201923076923077 0.036057692307692304
0 0.515625 0.8713942307692307 0.038461538461538464 0.03485576923076923
0 0.671875 0.35336538461538464 0.026442307692307692 0.028846153846153848
0 0.8978365384615384 0.7944711538461539 0.030048076923076924 0.025240384615384616
0 0.6790865384615384 0.9879807692307693 0.026442307692307692 0.02403846153846154