0 0.08052884615384616 0.010817307692307692 0.016826923076923076 0.021634615384615384
0 0.37259615384615385 0.47115384615384615 0.018028846153846152 0.05048076923076923
0 0.5661057692307693 0.006009615384615385 0.036057692307692304 0.01201923076923077
0 0.8341346153846154 0.004807692307692308 0.038461538461538464 0.009615384615384616
0 0.9519230769230769 0.003605769230769231 0.02403846153846154 0.007211538461538462
0 0.8112980769230769 0.026442307692307692 0.014423076923076924 0.04807692307692308
0 0.765625 0.006009615384615385 0.026442307692307692 0.01201923076923077
0 0.7367788461538461 0.14302884615384615 0.028846153846153848 0.04447115384615385
0 0.7427884615384616 0.15504807692307693 0.02403846153846154 0.04567307692307692
0 0.7019230769230769 0.21394230769230768 0.04927884615384615 0.038461538461538464
0 0.8653846153846154 0.3088942307692308 0.040865384615384616 0.038461538461538464
0 0.6081730769230769 0.38822115384615385 0.039663461538461536 0.030048076923076924
0 0.53125 0.32091346153846156 0.026442307692307692 0.04807692307692308
0 0.44711538461538464 0.4987980769230769 0.014423076923076924 0.03125
0 0.052884615384615384 0.5889423076923077 0.038461538461538464 0.019230769230769232
0 0.052884615384615384 0.6069711538461539 0.025240384615384616 0.046875
0 0.01201923076923077 0.5877403846153846 0.02403846153846154 0.016826923076923076
0 0.008413461538461538 0.5865384615384616 0.016826923076923076 0.014423076923076924
0 0.2512019230769231 0.6502403846153846 0.038461538461538464 0.030048076923076924
0 0.08413461538461539 0.8533653846153846 0.04567307692307692 0.046875
0 0.09975961538461539 0.9278846153846154 0.054086538461538464 0.030048076923076924
0 0.006009615384615385 0.9158653846153846 0.01201923076923077 0.04326923076923077
0 0.4483173076923077 0.5853365384615384 0.016826923076923076 0.01201923076923077
0 0.6778846153846154 0.5841346153846154 0.038461538461538464 0.009615384615384616
0 0.7956730769230769 0.5829326923076923 0.02403846153846154 0.007211538461538462
0 0.9014423076923077 0.5853365384615384 0.03365384615384615 0.01201923076923077
0 0.6538461538461539 0.5973557692307693 0.014423076923076924 0.036057692307692304
0 0.609375 0.5853365384615384 0.026442307692307692 0.01201923076923077
0 0.5805288461538461 0.7079326923076923 0.028846153846153848 0.04447115384615385
0 0.5865384615384616 0.7199519230769231 0.02403846153846154 0.04567307692307692
0 0.5456730769230769 0.7788461538461539 0.04927884615384615 0.038461538461538464
0 0.7091346153846154 0.8737980769230769 0.040865384615384616 0.038461538461538464
0 0.8701923076923077 0.8305288461538461 0.027644230769230768 0.05048076923076923
0 0.45552884615384615 0.9519230769230769 0.03125 0.028846153846153848
0 0.44591346153846156 0.8846153846153846 0.01201923076923077 0.04807692307692308