0 0.4639423076923077 0.008413461538461538 0.019230769230769232 0.016826923076923076
0 0.3954326923076923 0.003605769230769231 0.040865384615384616 0.007211538461538462
0 0.06129807692307692 0.007211538461538462 0.04567307692307692 0.014423076923076924
0 0.007211538461538462 0.007211538461538462 0.014423076923076924 0.014423076923076924
0 0.44711538461538464 0.03125 0.013221153846153846 0.05048076923076923
0 0.009615384615384616 0.026442307692307692 0.019230769230769232 0.028846153846153848
0 0.9387019230769231 0.004807692307692308 0.040865384615384616 0.009615384615384616
0 0.9038461538461539 0.11778846153846154 0.037259615384615384 0.03365384615384615
0 0.6430288461538461 0.23557692307692307 0.03125 0.02283653846153846
0 0.5348557692307693 0.004807692307692308 0.036057692307692304 0.009615384615384616
0 0.9350961538461539 0.42908653846153844 0.04567307692307692 0.03365384615384615
0 0.010817307692307692 0.5649038461538461 0.021634615384615384 0.03365384615384615
0 0.2620192307692308 0.7211538461538461 0.038461538461538464 0.03485576923076923
0 0.009615384615384616 0.65625 0.019230769230769232 0.028846153846153848
0 0.008413461538461538 0.8161057692307693 0.016826923076923076 0.03125
0 0.0889423076923077 0.9459134615384616 0.026442307692307692 0.038461538461538464
0 0.7151442307692307 0.5048076923076923 0.039663461538461536 0.03365384615384615
0 0.8798076923076923 0.6634615384615384 0.04326923076923077 0.02403846153846154
0 0.7379807692307693 0.7644230769230769 0.039663461538461536 0.028846153846153848
0 0.8954326923076923 0.8365384615384616 0.037259615384615384 0.02283653846153846
0 0.7788461538461539 0.9795673076923077 0.028846153846153848 0.040865384615384616
0 0.5072115384615384 0.5865384615384616 0.014423076923076924 0.02403846153846154