0 0.003605769230769231 0.19471153846153846 0.007211538461538462 0.04807692307692308
0 0.17908653846153846 0.30528846153846156 0.018028846153846152 0.052884615384615384
0 0.28966346153846156 0.004807692307692308 0.021634615384615384 0.009615384615384616
0 0.2860576923076923 0.006009615384615385 0.014423076923076924 0.01201923076923077
0 0.2860576923076923 0.20432692307692307 0.014423076923076924 0.038461538461538464
0 0.5528846153846154 0.013221153846153846 0.014423076923076924 0.026442307692307692
0 0.009615384615384616 0.7235576923076923 0.019230769230769232 0.04326923076923077
0 0.006009615384615385 0.7836538461538461 0.01201923076923077 0.04807692307692308
0 0.01201923076923077 0.5228365384615384 0.02403846153846154 0.036057692307692304
0 0.008413461538461538 0.5240384615384616 0.016826923076923076 0.028846153846153848
0 0.09254807692307693 0.828125 0.038461538461538464 0.030048076923076924
0 0.7560096153846154 0.4254807692307692 0.03125 0.014423076923076924
0 0.3557692307692308 0.4266826923076923 0.038461538461538464 0.016826923076923076
0 0.30408653846153844 0.4879807692307692 0.03125 0.03485576923076923
0 0.47836538461538464 0.6225961538461539 0.03485576923076923 0.030048076923076924
0 0.4519230769230769 0.7572115384615384 0.025240384615384616 0.05889423076923077
0 0.78125 0.859375 0.03125 0.03125