0 0.19591346153846154 0.01201923076923077 0.026442307692307692 0.02403846153846154
0 0.18990384615384615 0.009615384615384616 0.02403846153846154 0.019230769230769232
0 0.15865384615384615 0.004807692307692308 0.03365384615384615 0.009615384615384616
0 0.9110576923076923 0.08173076923076923 0.027644230769230768 0.05889423076923077
0 0.6538461538461539 0.07692307692307693 0.042067307692307696 0.030048076923076924
0 0.5492788461538461 0.37740384615384615 0.018028846153846152 0.039663461538461536
0 0.5564903846153846 0.4050480769230769 0.037259615384615384 0.018028846153846152
0 0.010817307692307692 0.578125 0.021634615384615384 0.036057692307692304
0 0.7908653846153846 0.6286057692307693 0.04567307692307692 0.028846153846153848
0 0.8846153846153846 0.6322115384615384 0.03125 0.02403846153846154
0 0.9411057692307693 0.9903846153846154 0.05048076923076923 0.019230769230769232
0 0.7980769230769231 0.9002403846153846 0.057692307692307696 0.039663461538461536