0 0.007211538461538462 0.25600961538461536 0.014423076923076924 0.04567307692307692
0 0.36177884615384615 0.31490384615384615 0.01201923076923077 0.04807692307692308
0 0.004807692307692308 0.47836538461538464 0.009615384615384616 0.04326923076923077
0 0.1310096153846154 0.21394230769230768 0.025240384615384616 0.021634615384615384
0 0.5096153846153846 0.007211538461538462 0.038461538461538464 0.014423076923076924
0 0.9891826923076923 0.007211538461538462 0.021634615384615384 0.014423076923076924
0 0.8221153846153846 0.31850961538461536 0.013221153846153846 0.057692307692307696
0 0.3858173076923077 0.4951923076923077 0.036057692307692304 0.009615384615384616
0 0.35096153846153844 0.9242788461538461 0.03365384615384615 0.04567307692307692
0 0.9134615384615384 0.5925480769230769 0.030048076923076924 0.052884615384615384
0 0.8677884615384616 0.5084134615384616 0.028846153846153848 0.016826923076923076
0 0.8137019230769231 0.5108173076923077 0.03125 0.021634615384615384
0 0.78125 0.5096153846153846 0.028846153846153848 0.019230769230769232
0 0.7512019230769231 0.5324519230769231 0.014423076923076924 0.054086538461538464
0 0.6153846153846154 0.75 0.03125 0.03125
0 0.3870192307692308 0.9375 0.03125 0.021634615384615384
0 0.3737980769230769 0.8485576923076923 0.01201923076923077 0.038461538461538464
0 0.3737980769230769 0.7764423076923077 0.01201923076923077 0.038461538461538464