0 0.2536057692307692 0.014423076923076924 0.026442307692307692 0.028846153846153848
0 0.009615384615384616 0.007211538461538462 0.019230769230769232 0.014423076923076924
0 0.003605769230769231 0.25841346153846156 0.007211538461538462 0.040865384615384616
0 0.008413461538461538 0.2860576923076923 0.016826923076923076 0.019230769230769232
0 0.7596153846153846 0.27884615384615385 0.018028846153846152 0.05048076923076923
0 0.9855769230769231 0.4483173076923077 0.028846153846153848 0.03125
0 0.004807692307692308 0.4831730769230769 0.009615384615384616 0.028846153846153848
0 0.12139423076923077 0.47716346153846156 0.03125 0.016826923076923076
0 0.27163461538461536 0.59375 0.014423076923076924 0.06370192307692307
0 0.2608173076923077 0.5793269230769231 0.01201923076923077 0.051682692307692304
0 0.45913461538461536 0.5793269230769231 0.019230769230769232 0.04807692307692308
0 0.4519230769230769 0.7524038461538461 0.03365384615384615 0.028846153846153848
0 0.23557692307692307 0.8293269230769231 0.042067307692307696 0.030048076923076924
0 0.006009615384615385 0.7644230769230769 0.01201923076923077 0.057692307692307696
0 0.5480769230769231 0.47716346153846156 0.04326923076923077 0.016826923076923076
0 0.6887019230769231 0.4795673076923077 0.03125 0.021634615384615384
0 0.7872596153846154 0.8870192307692307 0.046875 0.02403846153846154
0 0.71875 0.8173076923076923 0.013221153846153846 0.04807692307692308
0 0.5264423076923077 0.8173076923076923 0.03125 0.06009615384615385
0 0.8449519230769231 0.6225961538461539 0.028846153846153848 0.06009615384615385
0 0.8341346153846154 0.6274038461538461 0.02403846153846154 0.054086538461538464
0 0.9278846153846154 0.6021634615384616 0.021634615384615384 0.030048076923076924