0 0.004807692307692308 0.010817307692307692 0.009615384615384616 0.021634615384615384
0 0.015625 0.008413461538461538 0.03125 0.016826923076923076
0 0.01201923076923077 0.018028846153846152 0.019230769230769232 0.036057692307692304
0 0.16105769230769232 0.004807692307692308 0.028846153846153848 0.009615384615384616
0 0.22956730769230768 0.01201923076923077 0.026442307692307692 0.02403846153846154
0 0.2283653846153846 0.07572115384615384 0.03125 0.04807692307692308
0 0.003605769230769231 0.026442307692307692 0.007211538461538462 0.052884615384615384
0 0.008413461538461538 0.06971153846153846 0.016826923076923076 0.057692307692307696
0 0.009615384615384616 0.006009615384615385 0.019230769230769232 0.01201923076923077
0 0.96875 0.020432692307692308 0.02403846153846154 0.040865384615384616
0 0.6430288461538461 0.0829326923076923 0.04807692307692308 0.02283653846153846
0 0.5637019230769231 0.3329326923076923 0.02403846153846154 0.04447115384615385
0 0.007211538461538462 0.6490384615384616 0.014423076923076924 0.04326923076923077
0 0.008413461538461538 0.7560096153846154 0.016826923076923076 0.04567307692307692
0 0.390625 0.921875 0.02283653846153846 0.04807692307692308
0 0.8245192307692307 0.38461538461538464 0.03365384615384615 0.009615384615384616
0 0.8774038461538461 0.39302884615384615 0.028846153846153848 0.026442307692307692
0 0.7920673076923077 0.3942307692307692 0.01201923076923077 0.028846153846153848
0 0.7680288461538461 0.38341346153846156 0.040865384615384616 0.007211538461538462
0 0.7355769230769231 0.3942307692307692 0.014423076923076924 0.028846153846153848
0 0.6129807692307693 0.5216346153846154 0.019230769230769232 0.04807692307692308
0 0.5168269230769231 0.5588942307692307 0.014423076923076924 0.040865384615384616
0 0.5168269230769231 0.6814903846153846 0.014423076923076924 0.016826923076923076
0 0.515625 0.6201923076923077 0.01201923076923077 0.03365384615384615
0 0.5144230769230769 0.5348557692307693 0.009615384615384616 0.040865384615384616