0 0.5600961538461539 0.42908653846153844 0.04567307692307692 0.028846153846153848
0 0.3942307692307692 0.4675480769230769 0.05889423076923077 0.025240384615384616
0 0.31971153846153844 0.4026442307692308 0.030048076923076924 0.030048076923076924
0 0.2692307692307692 0.41466346153846156 0.016826923076923076 0.051682692307692304
0 0.265625 0.6141826923076923 0.01201923076923077 0.054086538461538464
0 0.203125 0.6334134615384616 0.037259615384615384 0.039663461538461536
0 0.0733173076923077 0.6838942307692307 0.040865384615384616 0.03125
0 0.04927884615384615 0.18870192307692307 0.026442307692307692 0.03125
0 0.703125 0.0829326923076923 0.03125 0.03125
0 0.6057692307692307 0.6201923076923077 0.036057692307692304 0.056490384615384616
0 0.6189903846153846 0.5588942307692307 0.010817307692307692 0.036057692307692304
0 0.203125 0.8112980769230769 0.03125 0.03485576923076923