0 0.43028846153846156 0.08052884615384616 0.03125 0.03365384615384615
0 0.11298076923076923 0.006009615384615385 0.038461538461538464 0.01201923076923077
0 0.390625 0.28846153846153844 0.04447115384615385 0.021634615384615384
0 0.4411057692307692 0.3112980769230769 0.016826923076923076 0.04567307692307692
0 0.390625 0.3317307692307692 0.051682692307692304 0.05048076923076923
0 0.75 0.008413461538461538 0.04326923076923077 0.016826923076923076
0 0.7776442307692307 0.31009615384615385 0.03125 0.025240384615384616
0 0.5576923076923077 0.24879807692307693 0.014423076923076924 0.054086538461538464
0 0.42908653846153844 0.38822115384615385 0.040865384615384616 0.016826923076923076
0 0.31009615384615385 0.38822115384615385 0.028846153846153848 0.016826923076923076
0 0.109375 0.3858173076923077 0.040865384615384616 0.01201923076923077
0 0.1778846153846154 0.6430288461538461 0.03365384615384615 0.036057692307692304
0 0.22596153846153846 0.6899038461538461 0.030048076923076924 0.05889423076923077
0 0.3713942307692308 0.7584134615384616 0.046875 0.03365384615384615
0 0.008413461538461538 0.390625 0.016826923076923076 0.021634615384615384
0 0.007211538461538462 0.9350961538461539 0.014423076923076924 0.052884615384615384
0 0.5661057692307693 0.3870192307692308 0.03125 0.014423076923076924
0 0.45913461538461536 0.43990384615384615 0.019230769230769232 0.03365384615384615
0 0.4567307692307692 0.6165865384615384 0.014423076923076924 0.036057692307692304
0 0.4579326923076923 0.7512019230769231 0.016826923076923076 0.03125
0 0.45552884615384615 0.8858173076923077 0.01201923076923077 0.06009615384615385
0 0.5901442307692307 0.9867788461538461 0.03125 0.026442307692307692