0 0.008413461538461538 0.08774038461538461 0.016826923076923076 0.040865384615384616
0 0.004807692307692308 0.39302884615384615 0.009615384615384616 0.05048076923076923
0 0.26322115384615385 0.056490384615384616 0.013221153846153846 0.051682692307692304
0 0.26322115384615385 0.02403846153846154 0.036057692307692304 0.03365384615384615
0 0.31009615384615385 0.05048076923076923 0.03245192307692308 0.046875
0 0.16706730769230768 0.010817307692307692 0.03125 0.021634615384615384
0 0.29086538461538464 0.15504807692307693 0.028846153846153848 0.036057692307692304
0 0.9411057692307693 0.013221153846153846 0.03125 0.026442307692307692
0 0.8737980769230769 0.010817307692307692 0.016826923076923076 0.021634615384615384
0 0.8221153846153846 0.013221153846153846 0.019230769230769232 0.026442307692307692
0 0.8353365384615384 0.009615384615384616 0.016826923076923076 0.019230769230769232
0 0.8762019230769231 0.008413461538461538 0.03125 0.016826923076923076
0 0.9086538461538461 0.010817307692307692 0.014423076923076924 0.021634615384615384
0 0.8966346153846154 0.010817307692307692 0.009615384615384616 0.021634615384615384
0 0.4651442307692308 0.014423076923076924 0.01201923076923077 0.028846153846153848
0 0.46274038461538464 0.140625 0.007211538461538462 0.04567307692307692
0 0.48677884615384615 0.2620192307692308 0.03125 0.028846153846153848
0 0.5564903846153846 0.15504807692307693 0.030048076923076924 0.038461538461538464
0 0.8629807692307693 0.009615384615384616 0.014423076923076924 0.019230769230769232
0 0.6983173076923077 0.12860576923076922 0.021634615384615384 0.039663461538461536
0 0.6983173076923077 0.23557692307692307 0.039663461538461536 0.03485576923076923
0 0.3233173076923077 0.7055288461538461 0.030048076923076924 0.051682692307692304
0 0.3329326923076923 0.8858173076923077 0.020432692307692308 0.04807692307692308
0 0.4014423076923077 0.9675480769230769 0.04447115384615385 0.027644230769230768
0 0.056490384615384616 0.6346153846153846 0.03125 0.009615384615384616
0 0.004807692307692308 0.6442307692307693 0.009615384615384616 0.028846153846153848
0 0.9375 0.6370192307692307 0.04326923076923077 0.014423076923076924
0 0.9951923076923077 0.7824519230769231 0.009615384615384616 0.021634615384615384
0 0.9903846153846154 0.8257211538461539 0.019230769230769232 0.055288461538461536
0 0.7872596153846154 0.6790865384615384 0.055288461538461536 0.028846153846153848
0 0.6802884615384616 0.6382211538461539 0.03365384615384615 0.016826923076923076
0 0.6622596153846154 0.6478365384615384 0.01201923076923077 0.036057692307692304
0 0.65625 0.8088942307692307 0.014423076923076924 0.046875
0 0.578125 0.8221153846153846 0.03485576923076923 0.042067307692307696
0 0.46634615384615385 0.6418269230769231 0.014423076923076924 0.02403846153846154
0 0.4723557692307692 0.8918269230769231 0.026442307692307692 0.028846153846153848