0 0.41947115384615385 0.010817307692307692 0.03125 0.021634615384615384
0 0.6634615384615384 0.006009615384615385 0.028846153846153848 0.01201923076923077
0 0.4963942307692308 0.17307692307692307 0.036057692307692304 0.030048076923076924
0 0.4567307692307692 0.29086538461538464 0.04447115384615385 0.019230769230769232
0 0.328125 0.3737980769230769 0.04447115384615385 0.03125
0 0.15384615384615385 0.1935096153846154 0.025240384615384616 0.051682692307692304
0 0.014423076923076924 0.09375 0.028846153846153848 0.028846153846153848
0 0.008413461538461538 0.36899038461538464 0.016826923076923076 0.03125
0 0.8978365384615384 0.2776442307692308 0.020432692307692308 0.04807692307692308
0 0.8882211538461539 0.18269230769230768 0.027644230769230768 0.03365384615384615
0 0.6935096153846154 0.009615384615384616 0.026442307692307692 0.019230769230769232
0 0.004807692307692308 0.44471153846153844 0.009615384615384616 0.057692307692307696
0 0.040865384615384616 0.578125 0.03125 0.03485576923076923
0 0.18990384615384615 0.7692307692307693 0.014423076923076924 0.06370192307692307
0 0.17908653846153846 0.7548076923076923 0.01201923076923077 0.051682692307692304
0 0.3870192307692308 0.7548076923076923 0.038461538461538464 0.04807692307692308
0 0.3737980769230769 0.9290865384615384 0.040865384615384616 0.027644230769230768
0 0.15264423076923078 0.9939903846153846 0.040865384615384616 0.01201923076923077
0 0.006009615384615385 0.9399038461538461 0.01201923076923077 0.057692307692307696
0 0.6826923076923077 0.6298076923076923 0.009615384615384616 0.04807692307692308
0 0.6862980769230769 0.6177884615384616 0.016826923076923076 0.028846153846153848