0 0.15384615384615385 0.007211538461538462 0.04807692307692308 0.014423076923076924
0 0.4723557692307692 0.008413461538461538 0.040865384615384616 0.016826923076923076
0 0.31850961538461536 0.01201923076923077 0.021634615384615384 0.02403846153846154
0 0.24879807692307693 0.32211538461538464 0.04326923076923077 0.04447115384615385
0 0.3942307692307692 0.4170673076923077 0.04326923076923077 0.042067307692307696
0 0.5 0.006009615384615385 0.038461538461538464 0.01201923076923077
0 0.008413461538461538 0.006009615384615385 0.016826923076923076 0.01201923076923077
0 0.006009615384615385 0.5420673076923077 0.01201923076923077 0.04567307692307692
0 0.23317307692307693 0.28365384615384615 0.037259615384615384 0.027644230769230768
0 0.30288461538461536 0.31009615384615385 0.021634615384615384 0.04567307692307692
0 0.3125 0.25600961538461536 0.039663461538461536 0.039663461538461536
0 0.8305288461538461 0.22596153846153846 0.037259615384615384 0.04807692307692308
0 0.7956730769230769 0.24639423076923078 0.016826923076923076 0.056490384615384616
0 0.8545673076923077 0.3004807692307692 0.02283653846153846 0.052884615384615384
0 0.7463942307692307 0.2920673076923077 0.036057692307692304 0.025240384615384616
0 0.75 0.33413461538461536 0.04447115384615385 0.04447115384615385
0 0.7475961538461539 0.4375 0.013221153846153846 0.042067307692307696
0 0.578125 0.3233173076923077 0.03365384615384615 0.028846153846153848
0 0.6153846153846154 0.3858173076923077 0.013221153846153846 0.052884615384615384
0 0.6165865384615384 0.15264423076923078 0.03365384615384615 0.027644230769230768
0 0.5444711538461539 0.006009615384615385 0.01201923076923077 0.01201923076923077
0 0.5456730769230769 0.016826923076923076 0.014423076923076924 0.03365384615384615
0 0.8137019230769231 0.007211538461538462 0.036057692307692304 0.014423076923076924
0 0.9627403846153846 0.004807692307692308 0.03125 0.009615384615384616
0 0.5480769230769231 0.29927884615384615 0.019230769230769232 0.03125
0 0.5480769230769231 0.4423076923076923 0.019230769230769232 0.052884615384615384
0 0.31971153846153844 0.6850961538461539 0.038461538461538464 0.014423076923076924
0 0.36538461538461536 0.6862980769230769 0.04326923076923077 0.016826923076923076
0 0.46634615384615385 0.6850961538461539 0.02403846153846154 0.014423076923076924
0 0.14903846153846154 0.6838942307692307 0.038461538461538464 0.01201923076923077
0 0.2247596153846154 0.6875 0.021634615384615384 0.019230769230769232
0 0.12980769230769232 0.6983173076923077 0.052884615384615384 0.040865384615384616
0 0.27884615384615385 0.7896634615384616 0.051682692307692304 0.027644230769230768
0 0.5444711538461539 0.6899038461538461 0.01201923076923077 0.02403846153846154
0 0.5444711538461539 0.6875 0.01201923076923077 0.019230769230769232
0 0.8774038461538461 0.7644230769230769 0.03485576923076923 0.036057692307692304
0 0.546875 0.6826923076923077 0.016826923076923076 0.009615384615384616