0 0.04567307692307692 0.1658653846153846 0.021634615384615384 0.057692307692307696
0 0.003605769230769231 0.24158653846153846 0.007211538461538462 0.05048076923076923
0 0.359375 0.36538461538461536 0.03125 0.056490384615384616
0 0.3125 0.2692307692307692 0.04326923076923077 0.030048076923076924
0 0.9507211538461539 0.009615384615384616 0.036057692307692304 0.019230769230769232
0 0.6081730769230769 0.10336538461538461 0.019230769230769232 0.028846153846153848
0 0.006009615384615385 0.6141826923076923 0.01201923076923077 0.04567307692307692
0 0.010817307692307692 0.546875 0.021634615384615384 0.03125
0 0.030048076923076924 0.9555288461538461 0.020432692307692308 0.06971153846153846
0 0.24879807692307693 0.8978365384615384 0.03125 0.04807692307692308
0 0.038461538461538464 0.8954326923076923 0.02403846153846154 0.05048076923076923
0 0.008413461538461538 0.9891826923076923 0.016826923076923076 0.021634615384615384
0 0.7752403846153846 0.4855769230769231 0.03125 0.014423076923076924
0 0.6081730769230769 0.48677884615384615 0.019230769230769232 0.016826923076923076
0 0.6057692307692307 0.6526442307692307 0.014423076923076924 0.036057692307692304
0 0.6069711538461539 0.7872596153846154 0.016826923076923076 0.03125
0 0.6045673076923077 0.921875 0.01201923076923077 0.06009615384615385