0 0.008413461538461538 0.055288461538461536 0.016826923076923076 0.028846153846153848
0 0.42427884615384615 0.007211538461538462 0.026442307692307692 0.014423076923076924
0 0.8966346153846154 0.08052884615384616 0.03125 0.03365384615384615
0 0.9567307692307693 0.056490384615384616 0.021634615384615384 0.03365384615384615
0 0.5793269230769231 0.006009615384615385 0.038461538461538464 0.01201923076923077
0 0.8569711538461539 0.28846153846153844 0.04447115384615385 0.021634615384615384
0 0.9098557692307693 0.3125 0.020432692307692308 0.046875
0 0.8569711538461539 0.3317307692307692 0.051682692307692304 0.05048076923076923
0 0.39903846153846156 0.3737980769230769 0.038461538461538464 0.01201923076923077
0 0.47475961538461536 0.37740384615384615 0.021634615384615384 0.019230769230769232
0 0.38100961538461536 0.6274038461538461 0.051682692307692304 0.04567307692307692
0 0.9903846153846154 0.7235576923076923 0.019230769230769232 0.028846153846153848
0 0.8389423076923077 0.7632211538461539 0.05889423076923077 0.025240384615384616
0 0.7644230769230769 0.6983173076923077 0.030048076923076924 0.030048076923076924
0 0.7139423076923077 0.7103365384615384 0.016826923076923076 0.051682692307692304
0 0.7103365384615384 0.9098557692307693 0.01201923076923077 0.054086538461538464
0 0.6478365384615384 0.9290865384615384 0.037259615384615384 0.039663461538461536
0 0.5180288461538461 0.9795673076923077 0.040865384615384616 0.03125
0 0.49759615384615385 0.484375 0.019230769230769232 0.03125