0 0.009615384615384616 0.10096153846153846 0.019230769230769232 0.02403846153846154
0 0.38341346153846156 0.08413461538461539 0.01201923076923077 0.02403846153846154
0 0.34975961538461536 0.15264423076923078 0.021634615384615384 0.054086538461538464
0 0.2644230769230769 0.35216346153846156 0.028846153846153848 0.04567307692307692
0 0.20192307692307693 0.5697115384615384 0.04927884615384615 0.051682692307692304
0 0.26322115384615385 0.5204326923076923 0.021634615384615384 0.046875
0 0.5252403846153846 0.06490384615384616 0.039663461538461536 0.03365384615384615
0 0.6899038461538461 0.22355769230769232 0.04326923076923077 0.02403846153846154
0 0.5480769230769231 0.3245192307692308 0.039663461538461536 0.028846153846153848
0 0.7055288461538461 0.39663461538461536 0.037259615384615384 0.02283653846153846
0 0.5901442307692307 0.5588942307692307 0.027644230769230768 0.07692307692307693
0 0.39663461538461536 0.1466346153846154 0.014423076923076924 0.02403846153846154
0 0.3942307692307692 0.6021634615384616 0.009615384615384616 0.040865384615384616
0 0.359375 0.6418269230769231 0.03125 0.02403846153846154
0 0.038461538461538464 0.6382211538461539 0.03365384615384615 0.016826923076923076
0 0.27524038461538464 0.6887019230769231 0.04447115384615385 0.02283653846153846
0 0.5637019230769231 0.7548076923076923 0.046875 0.03125
0 0.8810096153846154 0.6382211538461539 0.040865384615384616 0.016826923076923076
0 0.7283653846153846 0.7536057692307693 0.020432692307692308 0.05048076923076923
0 0.9086538461538461 0.6358173076923077 0.038461538461538464 0.01201923076923077
0 0.39783653846153844 0.6382211538461539 0.016826923076923076 0.016826923076923076