0 0.009615384615384616 0.09375 0.019230769230769232 0.028846153846153848
0 0.006009615384615385 0.36177884615384615 0.01201923076923077 0.021634615384615384
0 0.0733173076923077 0.38341346153846156 0.040865384615384616 0.01201923076923077
0 0.6165865384615384 0.007211538461538462 0.016826923076923076 0.014423076923076924
0 0.6177884615384616 0.04807692307692308 0.019230769230769232 0.02403846153846154
0 0.671875 0.3389423076923077 0.03125 0.040865384615384616
0 0.9723557692307693 0.010817307692307692 0.026442307692307692 0.021634615384615384
0 0.4074519230769231 0.5264423076923077 0.042067307692307696 0.03485576923076923
0 0.3473557692307692 0.7536057692307693 0.036057692307692304 0.03125
0 0.16105769230769232 0.9591346153846154 0.028846153846153848 0.036057692307692304
0 0.8870192307692307 0.5 0.019230769230769232 0.04807692307692308
0 0.7512019230769231 0.5384615384615384 0.03125 0.040865384615384616
0 0.6610576923076923 0.6598557692307693 0.03245192307692308 0.016826923076923076
0 0.6141826923076923 0.5985576923076923 0.01201923076923077 0.03365384615384615
0 0.6129807692307693 0.5132211538461539 0.009615384615384616 0.040865384615384616