0 0.4686813186813187 0.6145833333333334 0.7582417582417582 0.9736111111111111
0 0.531043956043956 0.6940972222222223 0.7796703296703297 0.9701388888888889
0 0.4461538461538462 0.5826388888888889 0.6153846153846154 0.7736111111111111
0 0.4467032967032967 0.5746527777777778 0.5197802197802198 0.6548611111111111
0 0.30027472527472526 0.3961805555555556 0.23131868131868133 0.30625
0 0.24093406593406594 0.32708333333333334 0.20384615384615384 0.2569444444444445
0 0.4153846153846154 0.5378472222222223 0.2879120879120879 0.36736111111111114
0 0.23461538461538461 0.3079861111111111 0.13296703296703297 0.17291666666666666
0 0.21043956043956044 0.28402777777777777 0.2692307692307692 0.33472222222222225
0 0.13351648351648351 0.18506944444444445 0.13406593406593406 0.18541666666666667
0 0.1815934065934066 0.2420138888888889 0.2664835164835165 0.3340277777777778
0 0.13736263736263737 0.19236111111111112 0.01978021978021978 0.0375
0 0.6307692307692307 0.8114583333333334 0.13516483516483516 0.16736111111111113
0 0.6854395604395604 0.8798611111111111 0.17087912087912088 0.20416666666666666
0 0.6771978021978022 0.8690972222222223 0.1423076923076923 0.1840277777777778
0 0.7434065934065934 0.9559027777777778 0.32857142857142857 0.40208333333333335
0 0.5304945054945055 0.690625 0.22142857142857142 0.2951388888888889
0 0.5934065934065934 0.7666666666666667 0.05824175824175824 0.0763888888888889
0 0.5975274725274725 0.7708333333333334 0.043406593406593405 0.0625
0 0.5901098901098901 0.7628472222222222 0.02967032967032967 0.027083333333333334
0 0.3057692307692308 0.4010416666666667 0.2554945054945055 0.31180555555555556
0 0.29313186813186815 0.390625 0.47527472527472525 0.6145833333333334
0 0.37774725274725274 0.4930555555555556 0.5291208791208791 0.6694444444444445
0 0.25054945054945055 0.3302083333333333 0.2098901098901099 0.26875
0 0.4434065934065934 0.58125 0.5483516483516484 0.6944444444444444
0 0.5063186813186813 0.6510416666666667 0.03461538461538462 0.052083333333333336
0 0.5576923076923077 0.7211805555555556 0.07912087912087912 0.09930555555555556
