0 0.274609375 0.5090277777777777 0.0390625 0.0638888888888889
0 0.213671875 0.39583333333333337 0.004687500000000001 0.016666666666666666
0 0.1451171875 0.27847222222222223 0.073046875 0.11666666666666667
0 0.164453125 0.3104166666666667 0.16015625 0.26805555555555555
0 0.1640625 0.31180555555555556 0.17500000000000002 0.30833333333333335
0 0.3267578125 0.5982638888888889 0.16757812500000002 0.28402777777777777
0 0.36738281250000004 0.6722222222222223 0.099609375 0.19861111111111113
0 0.4 0.7357638888888889 0.20546875 0.35347222222222224
0 0.3435546875 0.6295138888888889 0.252734375 0.46458333333333335
0 0.41484375 0.7569444444444444 0.13515625 0.2569444444444445
0 0.45859375 0.8333333333333334 0.0390625 0.08472222222222223
0 0.48066406250000004 0.8756944444444444 0.057421875000000004 0.08055555555555556
0 0.49238281250000004 0.8961805555555555 0.086328125 0.13680555555555557
0 0.29628906250000003 0.5434027777777778 0.401953125 0.7020833333333334
0 0.28984375 0.5381944444444444 0.51875 0.9305555555555556
0 0.23554687500000002 0.43819444444444444 0.3875 0.6722222222222223
0 0.4990234375 0.9097222222222222 0.43476562500000004 0.7736111111111111
0 0.5328125 0.9680555555555556 0.384375 0.6986111111111112
0 0.397265625 0.7256944444444444 0.565625 0.9861111111111112
