0 0.28214285714285714 0.3746527777777778 0.40604395604395604 0.50625
0 0.2865384615384615 0.37743055555555555 0.10384615384615385 0.12291666666666667
0 0.5807692307692308 0.7541666666666667 0.6835164835164835 0.8694444444444445
0 0.43324175824175826 0.5690972222222223 0.7093406593406594 0.8951388888888889
0 0.4269230769230769 0.5565972222222223 0.6043956043956044 0.7493055555555556
0 0.3208791208791209 0.41597222222222224 0.4197802197802198 0.5375
0 0.2337912087912088 0.30625 0.1357142857142857 0.17500000000000002
0 0.2532967032967033 0.33298611111111115 0.11978021978021978 0.14791666666666667
0 0.2571428571428571 0.34097222222222223 0.2076923076923077 0.2638888888888889
0 0.2434065934065934 0.3229166666666667 0.23296703296703297 0.28611111111111115
0 0.20384615384615384 0.2743055555555556 0.26153846153846155 0.33333333333333337
0 0.11483516483516483 0.15625 0.08241758241758242 0.09861111111111112
0 0.5917582417582418 0.763888888888889 0.12197802197802197 0.14444444444444446
0 0.5824175824175825 0.753125 0.0912087912087912 0.11319444444444444
0 0.5961538461538461 0.7708333333333334 0.05384615384615385 0.06527777777777778
0 0.5824175824175825 0.7527777777777778 0.0 0.0125
0 0.6307692307692307 0.8118055555555556 0.13516483516483516 0.16666666666666669
0 0.6862637362637363 0.8802083333333334 0.16923076923076924 0.20625000000000002
0 0.7401098901098901 0.953125 0.3362637362637363 0.42986111111111114
0 0.6302197802197802 0.810763888888889 0.16593406593406593 0.21180555555555555
0 0.3027472527472527 0.4017361111111111 0.4824175824175824 0.6243055555555556
0 0.27225274725274723 0.3625 0.39175824175824175 0.49583333333333335
0 0.2967032967032967 0.3875 0.4846153846153846 0.6152777777777778
