0 0.4782967032967033 0.6218750000000001 0.11703296703296703 0.14930555555555555
0 0.5222527472527473 0.6774305555555555 0.12472527472527473 0.16597222222222222
0 0.5936813186813187 0.7673611111111112 0.036813186813186814 0.04861111111111111
0 0.5796703296703297 0.7465277777777778 0.13406593406593406 0.16944444444444445
0 0.6304945054945055 0.8121527777777778 0.1346153846153846 0.16319444444444445
0 0.6299450549450549 0.8114583333333334 0.15989010989010988 0.1951388888888889
0 0.6813186813186813 0.8743055555555556 0.16813186813186815 0.20694444444444446
0 0.6486263736263737 0.8340277777777778 0.1445054945054945 0.19166666666666668
0 0.7425824175824176 0.9555555555555556 0.28846153846153844 0.3597222222222222
0 0.4521978021978022 0.5881944444444445 0.5142857142857142 0.6611111111111111
0 0.4351648351648352 0.5697916666666667 0.545054945054945 0.6770833333333334
0 0.43653846153846154 0.5722222222222223 0.573076923076923 0.725
0 0.5706043956043956 0.740625 0.6379120879120879 0.7909722222222223
0 0.5854395604395605 0.7659722222222223 0.6027472527472527 0.763888888888889
0 0.35137362637362635 0.4621527777777778 0.10824175824175825 0.15347222222222223
0 0.39862637362637365 0.521875 0.31153846153846154 0.3993055555555556
0 0.41098901098901097 0.5326388888888889 0.3274725274725275 0.41250000000000003
0 0.246978021978022 0.32256944444444446 0.27307692307692305 0.3423611111111111
0 0.21813186813186813 0.28541666666666665 0.24725274725274726 0.31666666666666665
0 0.2173076923076923 0.2923611111111111 0.2543956043956044 0.33055555555555555
0 0.2612637362637363 0.34479166666666666 0.19065934065934065 0.2520833333333333
0 0.25934065934065936 0.3416666666666667 0.2032967032967033 0.24722222222222223
0 0.23406593406593407 0.3079861111111111 0.14835164835164835 0.1826388888888889
0 0.2815934065934066 0.37430555555555556 0.42032967032967034 0.55
0 0.303021978021978 0.4041666666666667 0.49945054945054945 0.6333333333333333
0 0.3931318681318681 0.5118055555555556 0.5082417582417582 0.6430555555555556
