0 0.21978021978021978 0.2954861111111111 0.002197802197802198 0.0076388888888888895
0 0.11593406593406594 0.16493055555555555 0.14175824175824175 0.18680555555555556
0 0.2714285714285714 0.35381944444444446 0.19230769230769232 0.23680555555555557
0 0.34945054945054943 0.4590277777777778 0.33296703296703295 0.4291666666666667
0 0.2532967032967033 0.3350694444444445 0.1945054945054945 0.23680555555555557
0 0.506043956043956 0.6579861111111112 0.4945054945054945 0.6284722222222222
0 0.506043956043956 0.6579861111111112 0.5043956043956044 0.6395833333333334
0 0.4098901098901099 0.53125 0.6252747252747253 0.7930555555555556
0 0.41208791208791207 0.5302083333333334 0.656043956043956 0.8243055555555556
0 0.5744505494505494 0.7416666666666667 0.7027472527472527 0.8791666666666667
0 0.5445054945054945 0.7027777777777778 0.7681318681318682 0.9569444444444445
0 0.5123626373626373 0.6614583333333334 0.7873626373626373 0.9965277777777778
0 0.5222527472527473 0.6732638888888889 0.7983516483516484 0.9993055555555556
0 0.47005494505494505 0.6086805555555556 0.7851648351648352 0.9923611111111111
0 0.5662087912087912 0.7371527777777778 0.3192307692307692 0.4104166666666667
0 0.615934065934066 0.7899305555555556 0.18461538461538463 0.22708333333333333
0 0.7315934065934065 0.9420138888888889 0.28296703296703296 0.3715277777777778
0 0.7302197802197802 0.9420138888888889 0.26483516483516484 0.3368055555555556
0 0.6005494505494505 0.775 0.25274725274725274 0.3194444444444445
0 0.7137362637362638 0.9232638888888889 0.15384615384615385 0.19375
0 0.5392857142857143 0.6975694444444445 0.17087912087912088 0.20486111111111113
0 0.4576923076923077 0.5961805555555556 0.15384615384615385 0.20347222222222222
0 0.4412087912087912 0.5715277777777777 0.17142857142857143 0.22777777777777777
0 0.41895604395604397 0.5430555555555556 0.09505494505494505 0.12083333333333333
0 0.33763736263736266 0.43993055555555555 0.2379120879120879 0.30069444444444443
0 0.2752747252747253 0.36215277777777777 0.3098901098901099 0.37986111111111115
0 0.34807692307692306 0.4545138888888889 0.4357142857142857 0.5520833333333334
