0 0.4521978021978022 0.5892361111111112 0.02857142857142857 0.03958333333333333
0 0.4714285714285714 0.6107638888888889 0.10329670329670329 0.13541666666666669
0 0.5142857142857142 0.6697916666666667 0.12637362637362637 0.1590277777777778
0 0.545054945054945 0.7041666666666667 0.07362637362637363 0.08888888888888889
0 0.41813186813186815 0.5454861111111111 0.2824175824175824 0.36736111111111114
0 0.30521978021978025 0.40520833333333334 0.4115384615384615 0.5159722222222223
0 0.23818681318681317 0.31736111111111115 0.2456043956043956 0.30972222222222223
0 0.2368131868131868 0.3121527777777778 0.22527472527472528 0.27569444444444446
0 0.11263736263736264 0.15763888888888888 0.08241758241758242 0.1
0 0.19862637362637361 0.26493055555555556 0.2796703296703297 0.3451388888888889
0 0.3076923076923077 0.40243055555555557 0.5010989010989011 0.6423611111111112
0 0.4076923076923077 0.534375 0.33076923076923076 0.4201388888888889
0 0.4035714285714286 0.5270833333333333 0.18516483516483517 0.23333333333333334
0 0.3576923076923077 0.4690972222222222 0.11538461538461539 0.1451388888888889
0 0.5854395604395605 0.7621527777777778 0.6423076923076924 0.7979166666666667
0 0.5895604395604396 0.7659722222222223 0.6538461538461539 0.8208333333333334
0 0.5096153846153846 0.6618055555555555 0.45989010989010987 0.5805555555555556
0 0.55 0.7131944444444445 0.5065934065934066 0.6347222222222223
0 0.6288461538461538 0.8086805555555556 0.13901098901098902 0.16180555555555556
0 0.6464285714285715 0.8305555555555556 0.17087912087912088 0.20972222222222223
0 0.6736263736263737 0.8697916666666667 0.13406593406593406 0.17152777777777778
0 0.7046703296703297 0.9052083333333334 0.1510989010989011 0.1951388888888889
0 0.7417582417582418 0.9520833333333334 0.27472527472527475 0.3402777777777778
