0 0.20576923076923076 0.28020833333333334 0.27197802197802196 0.33819444444444446
0 0.1423076923076923 0.20347222222222222 0.22417582417582418 0.2902777777777778
0 0.18653846153846154 0.2569444444444445 0.06978021978021978 0.08194444444444444
0 0.3354395604395604 0.44062500000000004 0.20164835164835165 0.2604166666666667
0 0.38159340659340657 0.5038194444444445 0.3983516483516483 0.48541666666666666
0 0.2848901098901099 0.37986111111111115 0.28186813186813187 0.35555555555555557
0 0.5826923076923077 0.7468750000000001 0.6423076923076924 0.8048611111111111
0 0.4978021978021978 0.6482638888888889 0.6076923076923076 0.7770833333333333
0 0.5153846153846153 0.6784722222222223 0.710989010989011 0.9055555555555556
0 0.41895604395604397 0.5541666666666667 0.595054945054945 0.7527777777777778
0 0.5200549450549451 0.6677083333333333 0.7510989010989011 0.9465277777777779
0 0.6222527472527473 0.8065972222222223 0.4642857142857143 0.5923611111111111
0 0.5903846153846154 0.7625000000000001 0.3027472527472527 0.3944444444444445
0 0.5895604395604396 0.7628472222222222 0.24615384615384617 0.29930555555555555
0 0.6307692307692307 0.8131944444444444 0.14065934065934066 0.1638888888888889
0 0.6502747252747253 0.8402777777777778 0.1467032967032967 0.18055555555555555
0 0.5343406593406593 0.6940972222222223 0.012637362637362638 0.0076388888888888895
0 0.593956043956044 0.775 0.06813186813186813 0.08472222222222223
0 0.5648351648351648 0.7354166666666667 0.04725274725274725 0.059722222222222225
0 0.49532967032967035 0.646875 0.22692307692307692 0.2923611111111111
0 0.4357142857142857 0.571875 0.367032967032967 0.4618055555555556
0 0.3791208791208791 0.496875 0.5351648351648352 0.670138888888889
0 0.2651098901098901 0.35520833333333335 0.382967032967033 0.4951388888888889
