0 0.15824175824175823 0.21840277777777778 0.04395604395604395 0.06458333333333334
0 0.2129120879120879 0.2881944444444445 0.0005494505494505495 0.008333333333333333
0 0.2271978021978022 0.30659722222222224 0.03791208791208791 0.03263888888888889
0 0.3730769230769231 0.4930555555555556 0.12527472527472527 0.1736111111111111
0 0.314010989010989 0.41631944444444446 0.2774725274725275 0.34097222222222223
0 0.24670329670329672 0.3295138888888889 0.23736263736263735 0.3104166666666667
0 0.4381868131868132 0.5732638888888889 0.5214285714285715 0.6618055555555555
0 0.4260989010989011 0.5611111111111111 0.6269230769230769 0.8097222222222222
0 0.4156593406593407 0.5513888888888889 0.6258241758241758 0.7847222222222222
0 0.5134615384615384 0.6604166666666667 0.7521978021978022 0.9555555555555556
0 0.5782967032967034 0.7423611111111111 0.6346153846153846 0.7972222222222223
0 0.5406593406593406 0.6947916666666667 0.5692307692307692 0.71875
0 0.585989010989011 0.763888888888889 0.3708791208791209 0.4708333333333333
0 0.7458791208791209 0.9541666666666667 0.35 0.4430555555555556
0 0.6434065934065935 0.8288194444444444 0.1945054945054945 0.23958333333333334
0 0.625 0.804513888888889 0.1631868131868132 0.19375
0 0.6291208791208791 0.8104166666666667 0.13846153846153847 0.1625
0 0.6321428571428571 0.8100694444444445 0.2763736263736264 0.34375
0 0.5582417582417583 0.7225694444444445 0.08901098901098901 0.11319444444444444
0 0.49615384615384617 0.6496527777777779 0.12857142857142856 0.16180555555555556
0 0.45906593406593404 0.5989583333333334 0.006043956043956044 0.011805555555555555
0 0.4184065934065934 0.5482638888888889 0.07527472527472527 0.09930555555555556
0 0.4739010989010989 0.6090277777777778 0.11703296703296703 0.14444444444444446
0 0.43131868131868134 0.5621527777777778 0.3142857142857143 0.41458333333333336
0 0.3868131868131868 0.5111111111111112 0.5340659340659341 0.6611111111111111
0 0.29945054945054944 0.39340277777777777 0.3505494505494505 0.45069444444444445
