0 0.5156593406593406 0.6805555555555556 0.19505494505494506 0.2569444444444445
0 0.37335164835164836 0.5006944444444444 0.3192307692307692 0.3888888888888889
0 0.3557692307692308 0.4798611111111111 0.20604395604395603 0.2791666666666667
0 0.4087912087912088 0.5458333333333334 0.1978021978021978 0.25833333333333336
0 0.2206043956043956 0.30625 0.12032967032967033 0.14305555555555557
0 0.17994505494505494 0.25104166666666666 0.018131868131868133 0.013194444444444444
0 0.1793956043956044 0.25416666666666665 0.046703296703296704 0.04722222222222222
0 0.3793956043956044 0.5041666666666667 0.13791208791208792 0.1902777777777778
0 0.4524725274725275 0.5993055555555555 0.21373626373626373 0.2833333333333333
0 0.46593406593406594 0.6135416666666667 0.35274725274725277 0.44236111111111115
0 0.5497252747252748 0.7208333333333333 0.21483516483516482 0.2569444444444445
0 0.567032967032967 0.7444444444444445 0.1967032967032967 0.23611111111111113
0 0.6472527472527473 0.8458333333333333 0.38461538461538464 0.48888888888888893
0 0.6546703296703297 0.8517361111111111 0.42142857142857143 0.5465277777777778
0 0.5815934065934066 0.7579861111111111 0.7939560439560439 0.9812500000000001
0 0.44835164835164837 0.5944444444444444 0.7571428571428571 0.9583333333333334
0 0.44560439560439563 0.5857638888888889 0.7153846153846154 0.90625
