0 0.2341796875 0.43506944444444445 0.023046875 0.04791666666666667
0 0.26953125 0.4982638888888889 0.029687500000000002 0.05486111111111111
0 0.31171875000000004 0.5736111111111112 0.06171875 0.09444444444444444
0 0.1755859375 0.328125 0.049609375000000004 0.09375
0 0.1435546875 0.2746527777777778 0.191796875 0.3506944444444445
0 0.1205078125 0.23229166666666667 0.12460937500000001 0.2215277777777778
0 0.1193359375 0.22777777777777777 0.136328125 0.25
0 0.345703125 0.6298611111111111 0.2390625 0.4305555555555556
0 0.3552734375 0.6541666666666667 0.279296875 0.5
0 0.274609375 0.5020833333333333 0.43593750000000003 0.7694444444444445
0 0.27109375 0.503125 0.48281250000000003 0.8715277777777778
0 0.326171875 0.6027777777777777 0.37109375 0.6652777777777779
0 0.35878906250000003 0.6576388888888889 0.276953125 0.49444444444444446
0 0.41816406250000004 0.7597222222222223 0.20664062500000002 0.3513888888888889
0 0.44375000000000003 0.8059027777777779 0.21875 0.3965277777777778
0 0.48183593750000003 0.8770833333333333 0.099609375 0.18888888888888888
0 0.52265625 0.9493055555555556 0.12734375 0.2152777777777778
0 0.5353515625 0.9704861111111112 0.044140625 0.09236111111111112
0 0.5300781250000001 0.9625 0.41171875 0.7513888888888889
0 0.5353515625 0.9708333333333333 0.541015625 0.9472222222222223
0 0.5130859375 0.9378472222222223 0.521484375 0.9187500000000001
0 0.50625 0.9170138888888889 0.42500000000000004 0.7465277777777778
