0 0.4793956043956044 0.6194444444444445 0.11483516483516483 0.15416666666666667
0 0.5252747252747253 0.6819444444444445 0.12967032967032968 0.15
0 0.5285714285714286 0.6822916666666667 0.15714285714285714 0.20347222222222222
0 0.47445054945054943 0.6163194444444444 0.20054945054945056 0.24930555555555556
0 0.6304945054945055 0.8114583333333334 0.13021978021978023 0.16597222222222222
0 0.6774725274725275 0.8690972222222223 0.15494505494505495 0.19375
0 0.6351648351648351 0.8177083333333334 0.16923076923076924 0.21597222222222223
0 0.6019230769230769 0.7777777777777778 0.18956043956043955 0.24305555555555555
0 0.7299450549450549 0.9395833333333333 0.28406593406593406 0.35833333333333334
0 0.4728021978021978 0.6118055555555556 0.47197802197802197 0.6041666666666667
0 0.4835164835164835 0.6211805555555556 0.47692307692307695 0.5965277777777778
0 0.4563186813186813 0.5940972222222223 0.660989010989011 0.8506944444444445
0 0.4796703296703297 0.6270833333333333 0.656043956043956 0.8375
0 0.5203296703296704 0.6843750000000001 0.7736263736263737 0.9645833333333333
0 0.496978021978022 0.6402777777777778 0.6928571428571428 0.8805555555555555
0 0.47225274725274724 0.609375 0.6730769230769231 0.8562500000000001
0 0.32252747252747255 0.425 0.22747252747252747 0.3055555555555556
0 0.34313186813186813 0.4527777777777778 0.3489010989010989 0.4375
0 0.389010989010989 0.503125 0.22197802197802197 0.2798611111111111
0 0.26565934065934066 0.3451388888888889 0.17417582417582417 0.22361111111111112
0 0.12142857142857143 0.16979166666666667 0.15274725274725276 0.19791666666666669
0 0.23956043956043957 0.31180555555555556 0.13846153846153847 0.17777777777777778
0 0.2489010989010989 0.33194444444444443 0.210989010989011 0.2611111111111111
0 0.2423076923076923 0.32048611111111114 0.23296703296703297 0.2826388888888889
0 0.22252747252747251 0.2923611111111111 0.24945054945054945 0.3111111111111111
0 0.37445054945054945 0.48784722222222227 0.5379120879120879 0.6687500000000001
0 0.33296703296703295 0.4416666666666667 0.4164835164835165 0.5347222222222222
0 0.32060439560439563 0.4215277777777778 0.36428571428571427 0.4569444444444445
