0 0.1434065934065934 0.1996527777777778 0.041758241758241756 0.06875
0 0.1835164835164835 0.2534722222222222 0.001098901098901099 0.011111111111111112
0 0.1925824175824176 0.2607638888888889 0.0016483516483516484 0.01875
0 0.23186813186813188 0.30833333333333335 0.07252747252747253 0.08472222222222223
0 0.40796703296703296 0.5322916666666667 0.29835164835164835 0.37569444444444444
0 0.2782967032967033 0.36562500000000003 0.3994505494505495 0.4979166666666667
0 0.24203296703296703 0.328125 0.38186813186813184 0.47847222222222224
0 0.453021978021978 0.5888888888888889 0.6774725274725275 0.8444444444444444
0 0.4137362637362637 0.5350694444444445 0.6538461538461539 0.8243055555555556
0 0.4167582417582418 0.5440972222222222 0.6467032967032967 0.81875
0 0.4258241758241758 0.5517361111111111 0.5736263736263736 0.7173611111111111
0 0.42637362637362636 0.5538194444444444 0.5604395604395604 0.7104166666666667
0 0.4607142857142857 0.6006944444444444 0.782967032967033 0.9861111111111112
0 0.46593406593406594 0.6027777777777777 0.6659340659340659 0.8472222222222222
0 0.5802197802197803 0.7489583333333334 0.5736263736263736 0.7298611111111112
0 0.5307692307692308 0.6868055555555556 0.4901098901098901 0.6069444444444445
0 0.4868131868131868 0.6336805555555556 0.4901098901098901 0.6048611111111112
0 0.6351648351648351 0.8232638888888889 0.31648351648351647 0.3784722222222222
0 0.6348901098901099 0.8184027777777778 0.2895604395604396 0.3770833333333333
0 0.5870879120879121 0.7548611111111111 0.21263736263736263 0.2791666666666667
0 0.5895604395604396 0.7649305555555556 0.1824175824175824 0.23541666666666666
0 0.6195054945054945 0.8006944444444445 0.13241758241758242 0.15555555555555556
0 0.6497252747252747 0.8385416666666667 0.11593406593406594 0.14375000000000002
0 0.6348901098901099 0.8135416666666667 0.41703296703296705 0.5326388888888889
0 0.6387362637362637 0.8177083333333334 0.3467032967032967 0.43680555555555556
0 0.6942307692307692 0.8857638888888889 0.2906593406593407 0.36736111111111114
0 0.5214285714285715 0.6756944444444445 0.20659340659340658 0.25
0 0.4035714285714286 0.5315972222222223 0.00934065934065934 0.013194444444444444
0 0.42225274725274725 0.5513888888888889 0.053296703296703295 0.07777777777777778
0 0.49835164835164836 0.6461805555555555 0.12857142857142856 0.1701388888888889
0 0.38351648351648354 0.5090277777777777 0.27802197802197803 0.36388888888888893
0 0.3799450549450549 0.4916666666666667 0.2917582417582418 0.37777777777777777
0 0.38873626373626374 0.5121527777777778 0.4774725274725275 0.6090277777777778
0 0.2857142857142857 0.37604166666666666 0.26153846153846155 0.3229166666666667
