0 0.21016483516483517 0.2916666666666667 0.07637362637362638 0.07916666666666666
0 0.15631868131868132 0.21875 0.13351648351648351 0.18888888888888888
0 0.22884615384615384 0.3159722222222222 0.160989010989011 0.18611111111111112
0 0.35027472527472525 0.4673611111111111 0.28626373626373625 0.3805555555555556
0 0.3041208791208791 0.4048611111111111 0.25769230769230766 0.34305555555555556
0 0.27115384615384613 0.36562500000000003 0.21923076923076923 0.28541666666666665
0 0.4351648351648352 0.5767361111111111 0.6010989010989011 0.7784722222222222
0 0.4478021978021978 0.5888888888888889 0.6956043956043956 0.8805555555555555
0 0.4782967032967033 0.6326388888888889 0.7587912087912088 0.9736111111111111
0 0.35274725274725277 0.47187500000000004 0.3989010989010989 0.5256944444444445
0 0.3912087912087912 0.5225694444444444 0.3395604395604396 0.43819444444444444
0 0.4173076923076923 0.5520833333333334 0.5324175824175824 0.6763888888888889
0 0.4818681318681319 0.6364583333333333 0.15494505494505495 0.20486111111111113
0 0.5527472527472528 0.7295138888888889 0.01978021978021978 0.025694444444444447
0 0.6115384615384616 0.7982638888888889 0.15604395604395604 0.1701388888888889
0 0.6782967032967033 0.8822916666666667 0.08186813186813187 0.10486111111111111
0 0.7392857142857143 0.9583333333333334 0.20604395604395603 0.25972222222222224
0 0.6722527472527473 0.8753472222222223 0.3445054945054945 0.4465277777777778
