0 0.23956043956043957 0.3180555555555556 0.24395604395604395 0.3027777777777778
0 0.23461538461538461 0.30833333333333335 0.15164835164835164 0.1902777777777778
0 0.1978021978021978 0.2607638888888889 0.2681318681318681 0.3368055555555556
0 0.22994505494505493 0.3072916666666667 0.011538461538461539 0.017361111111111112
0 0.2239010989010989 0.30069444444444443 0.007142857142857143 0.020833333333333336
0 0.3008241758241758 0.3947916666666667 0.3324175824175824 0.42986111111111114
0 0.2914835164835165 0.3871527777777778 0.3313186813186813 0.40625
0 0.3324175824175824 0.4322916666666667 0.42857142857142855 0.5409722222222222
0 0.26043956043956046 0.33958333333333335 0.16593406593406593 0.20555555555555557
0 0.5870879120879121 0.7631944444444445 0.5653846153846154 0.7291666666666667
0 0.5417582417582417 0.7048611111111112 0.5439560439560439 0.675
0 0.43626373626373627 0.5666666666666667 0.5769230769230769 0.7208333333333333
0 0.439010989010989 0.576388888888889 0.5593406593406594 0.6972222222222223
0 0.46593406593406594 0.6013888888888889 0.6945054945054945 0.8875000000000001
0 0.6796703296703297 0.8704861111111112 0.16483516483516483 0.20208333333333334
0 0.6519230769230769 0.8385416666666667 0.13351648351648351 0.17430555555555557
0 0.6285714285714286 0.8104166666666667 0.13406593406593406 0.1638888888888889
0 0.6002747252747253 0.7746527777777779 0.20164835164835165 0.24375000000000002
0 0.6521978021978022 0.8368055555555556 0.15274725274725276 0.18472222222222223
0 0.4936813186813187 0.6430555555555556 0.02032967032967033 0.02638888888888889
0 0.4826923076923077 0.6246527777777778 0.11483516483516483 0.14652777777777778
0 0.41703296703296705 0.5461805555555556 0.05384615384615385 0.06597222222222222
0 0.5857142857142857 0.7538194444444445 0.041758241758241756 0.04513888888888889
0 0.3546703296703297 0.4638888888888889 0.5203296703296704 0.6652777777777779
0 0.3021978021978022 0.40243055555555557 0.3901098901098901 0.49236111111111114
0 0.41703296703296705 0.5434027777777778 0.29010989010989013 0.37430555555555556
