0 0.2302197802197802 0.31354166666666666 0.05274725274725275 0.05902777777777778
0 0.2315934065934066 0.30659722222222224 0.1478021978021978 0.17291666666666666
0 0.2552197802197802 0.34097222222222223 0.1346153846153846 0.1625
0 0.22747252747252747 0.31354166666666666 0.22747252747252747 0.2965277777777778
0 0.22005494505494505 0.2989583333333333 0.2664835164835165 0.3298611111111111
0 0.40796703296703296 0.5378472222222223 0.32142857142857145 0.42291666666666666
0 0.4126373626373626 0.5402777777777777 0.22857142857142856 0.2888888888888889
0 0.41318681318681316 0.5371527777777778 0.2098901098901099 0.26180555555555557
0 0.27884615384615385 0.3684027777777778 0.3983516483516483 0.5076388888888889
0 0.5508241758241759 0.7232638888888889 0.48736263736263735 0.6298611111111111
0 0.5546703296703297 0.7239583333333334 0.5203296703296704 0.6465277777777778
0 0.5387362637362637 0.703125 0.6928571428571428 0.857638888888889
0 0.432967032967033 0.56875 0.5626373626373626 0.7083333333333334
0 0.5068681318681318 0.6600694444444445 0.12582417582417582 0.16319444444444445
0 0.5848901098901099 0.7628472222222222 0.13681318681318683 0.1840277777777778
0 0.5667582417582417 0.7350694444444444 0.18846153846153846 0.22569444444444445
0 0.6865384615384615 0.8871527777777778 0.13791208791208792 0.17430555555555557
0 0.6851648351648352 0.8815972222222223 0.16813186813186815 0.2076388888888889
0 0.7420329670329671 0.9548611111111112 0.24010989010989012 0.3027777777777778
0 0.6505494505494506 0.8392361111111112 0.13846153846153847 0.1840277777777778
0 0.6271978021978022 0.8100694444444445 0.13791208791208792 0.1590277777777778
0 0.35521978021978023 0.47326388888888893 0.5368131868131868 0.6659722222222223
0 0.364010989010989 0.4756944444444445 0.5335164835164835 0.6597222222222222
0 0.46098901098901096 0.6017361111111111 0.49340659340659343 0.6298611111111111
0 0.4043956043956044 0.5263888888888889 0.5142857142857142 0.6583333333333333
