0 0.29395604395604397 0.39305555555555555 0.42527472527472526 0.5277777777777778
0 0.29285714285714287 0.38125000000000003 0.4087912087912088 0.5222222222222223
0 0.31758241758241756 0.41805555555555557 0.13736263736263737 0.1763888888888889
0 0.2423076923076923 0.31736111111111115 0.27692307692307694 0.35833333333333334
0 0.5173076923076924 0.6704861111111111 0.12692307692307692 0.16736111111111113
0 0.579945054945055 0.7520833333333333 0.0016483516483516484 0.009722222222222222
0 0.5945054945054945 0.7673611111111112 0.08681318681318681 0.10694444444444445
0 0.578021978021978 0.7475694444444445 0.14505494505494507 0.18125
0 0.6846153846153846 0.8791666666666667 0.16923076923076924 0.20694444444444446
0 0.6307692307692307 0.8111111111111111 0.13516483516483516 0.16666666666666669
0 0.7384615384615385 0.9472222222222223 0.33186813186813185 0.43194444444444446
0 0.5906593406593407 0.7618055555555556 0.22857142857142856 0.28611111111111115
0 0.453021978021978 0.5888888888888889 0.6137362637362638 0.7652777777777778
0 0.5821428571428572 0.75625 0.5532967032967033 0.7180555555555556
0 0.44258241758241756 0.5784722222222223 0.7269230769230769 0.9333333333333333
0 0.2326923076923077 0.3055555555555556 0.1357142857142857 0.17777777777777778
0 0.18653846153846154 0.25277777777777777 0.2785714285714286 0.3416666666666667
0 0.2063186813186813 0.2767361111111111 0.2664835164835165 0.3340277777777778
0 0.21043956043956044 0.28194444444444444 0.2802197802197802 0.3388888888888889
0 0.2958791208791209 0.38958333333333334 0.47637362637362635 0.5972222222222222
0 0.3008241758241758 0.3944444444444445 0.4928571428571429 0.6263888888888889
0 0.3032967032967033 0.4013888888888889 0.4835164835164835 0.6236111111111111
0 0.11456043956043956 0.15937500000000002 0.07197802197802197 0.08541666666666667
