0 0.2552197802197802 0.34652777777777777 0.15879120879120878 0.19166666666666668
0 0.2010989010989011 0.2746527777777778 0.035164835164835165 0.05902777777777778
0 0.16236263736263737 0.22847222222222224 0.03571428571428571 0.04027777777777778
0 0.4326923076923077 0.565625 0.29285714285714287 0.3784722222222222
0 0.3728021978021978 0.4920138888888889 0.2445054945054945 0.31180555555555556
0 0.360989010989011 0.4822916666666667 0.23186813186813188 0.3090277777777778
0 0.43241758241758244 0.5666666666666667 0.7263736263736263 0.9333333333333333
0 0.4684065934065934 0.6163194444444444 0.771978021978022 0.9840277777777778
0 0.5071428571428571 0.6614583333333334 0.7670329670329671 0.9715277777777778
0 0.7282967032967033 0.9430555555555556 0.13131868131868132 0.18333333333333335
0 0.7195054945054945 0.9298611111111111 0.11923076923076924 0.16111111111111112
0 0.7241758241758242 0.9361111111111111 0.36043956043956044 0.4375
0 0.576098901098901 0.75625 0.1565934065934066 0.19444444444444445
0 0.5807692307692308 0.7614583333333333 0.15714285714285714 0.19236111111111112
0 0.4604395604395604 0.6041666666666667 0.25164835164835164 0.33611111111111114
0 0.3076923076923077 0.41284722222222225 0.5032967032967033 0.6256944444444444
0 0.3151098901098901 0.42465277777777777 0.5049450549450549 0.6493055555555556
0 0.3565934065934066 0.47847222222222224 0.5043956043956044 0.6375000000000001
