0 0.266796875 0.4930555555555556 0.01015625 0.02361111111111111
0 0.3154296875 0.5756944444444445 0.023828125000000002 0.029166666666666667
0 0.2158203125 0.40208333333333335 0.0074218750000000005 0.018055555555555557
0 0.16074218750000002 0.30104166666666665 0.169921875 0.2923611111111111
0 0.166015625 0.3128472222222222 0.15859375 0.26458333333333334
0 0.151171875 0.28611111111111115 0.051562500000000004 0.08333333333333334
0 0.325 0.5954861111111112 0.171875 0.28958333333333336
0 0.398046875 0.7336805555555556 0.2078125 0.3590277777777778
0 0.37734375000000003 0.6895833333333333 0.13203125000000002 0.21805555555555556
0 0.35878906250000003 0.6572916666666667 0.290234375 0.53125
0 0.2958984375 0.5437500000000001 0.401171875 0.701388888888889
0 0.29628906250000003 0.546875 0.524609375 0.9229166666666667
0 0.34609375000000003 0.6326388888888889 0.38359375 0.6986111111111112
0 0.45527343750000004 0.8274305555555556 0.030859375 0.07013888888888889
0 0.4919921875 0.8965277777777778 0.08554687500000001 0.1388888888888889
0 0.526953125 0.9555555555555556 0.08984375 0.14305555555555557
0 0.48203125 0.8756944444444444 0.45625000000000004 0.7930555555555556
0 0.49648437500000003 0.9038194444444445 0.44062500000000004 0.7770833333333333
0 0.548046875 0.9979166666666667 0.55234375 0.9819444444444445
0 0.54453125 0.9930555555555556 0.5640625 0.9972222222222222
