0 0.16895604395604397 0.2388888888888889 0.0005494505494505495 0.001388888888888889
0 0.18021978021978022 0.24409722222222224 0.16483516483516483 0.20625000000000002
0 0.11758241758241758 0.1670138888888889 0.06153846153846154 0.06458333333333334
0 0.11098901098901098 0.15729166666666666 0.08681318681318681 0.11736111111111111
0 0.35274725274725277 0.45972222222222225 0.23516483516483516 0.29583333333333334
0 0.2989010989010989 0.3920138888888889 0.45494505494505494 0.5840277777777778
0 0.2975274725274725 0.39513888888888893 0.4620879120879121 0.5972222222222222
0 0.4184065934065934 0.5461805555555556 0.5873626373626374 0.7423611111111111
0 0.414010989010989 0.5402777777777777 0.6302197802197802 0.8013888888888889
0 0.4145604395604396 0.5378472222222223 0.6543956043956044 0.8243055555555556
0 0.4145604395604396 0.5420138888888889 0.7016483516483516 0.8965277777777778
0 0.4673076923076923 0.6048611111111112 0.6401098901098901 0.8194444444444445
0 0.48021978021978023 0.6218750000000001 0.5824175824175825 0.7298611111111112
0 0.5027472527472527 0.6472222222222223 0.7615384615384615 0.9638888888888889
0 0.5675824175824176 0.7378472222222222 0.7362637362637363 0.9437500000000001
0 0.5725274725274725 0.740625 0.5593406593406594 0.71875
0 0.6997252747252747 0.9024305555555556 0.4137362637362637 0.5048611111111111
0 0.6541208791208791 0.8482638888888889 0.4642857142857143 0.5895833333333333
0 0.6252747252747253 0.8038194444444444 0.42747252747252745 0.5423611111111112
0 0.5706043956043956 0.7399305555555555 0.2653846153846154 0.33958333333333335
0 0.6881868131868132 0.8854166666666667 0.1412087912087912 0.17500000000000002
0 0.7381868131868132 0.953125 0.2489010989010989 0.33125
0 0.653021978021978 0.8399305555555556 0.12472527472527473 0.16319444444444445
0 0.5967032967032967 0.765625 0.2153846153846154 0.2673611111111111
0 0.542032967032967 0.703125 0.12252747252747252 0.13819444444444445
0 0.5370879120879121 0.6923611111111111 0.19725274725274725 0.24722222222222223
0 0.5244505494505495 0.6802083333333334 0.20164835164835165 0.2423611111111111
0 0.49148351648351646 0.6392361111111111 0.21373626373626373 0.2659722222222222
0 0.4796703296703297 0.6253472222222223 0.17032967032967034 0.22013888888888888
0 0.4052197802197802 0.5322916666666667 0.3467032967032967 0.45208333333333334
0 0.3892857142857143 0.5055555555555555 0.2763736263736264 0.35000000000000003
0 0.38351648351648354 0.49722222222222223 0.2813186813186813 0.34861111111111115
0 0.37884615384615383 0.4920138888888889 0.29505494505494506 0.36875
0 0.29945054945054944 0.3920138888888889 0.25274725274725274 0.31875000000000003
