0 0.3631868131868132 0.4756944444444445 0.38461538461538464 0.5027777777777778
0 0.3129120879120879 0.41284722222222225 0.22582417582417583 0.2923611111111111
0 0.389010989010989 0.5034722222222222 0.2230769230769231 0.2791666666666667
0 0.2662087912087912 0.3458333333333333 0.17417582417582417 0.22222222222222224
0 0.5436813186813186 0.7072916666666667 0.4675824175824176 0.6048611111111112
0 0.5008241758241758 0.6447916666666667 0.4686813186813187 0.5840277777777778
0 0.4804945054945055 0.6270833333333333 0.6554945054945055 0.8347222222222223
0 0.4771978021978022 0.6142361111111111 0.6730769230769231 0.8493055555555555
0 0.4978021978021978 0.6402777777777778 0.6923076923076923 0.8791666666666667
0 0.4552197802197802 0.5954861111111112 0.7456043956043956 0.9576388888888889
0 0.5651098901098901 0.728125 0.4950549450549451 0.6298611111111111
0 0.656043956043956 0.842013888888889 0.2703296703296703 0.3298611111111111
0 0.6120879120879121 0.7885416666666667 0.18461538461538463 0.22430555555555556
0 0.6302197802197802 0.8090277777777778 0.12967032967032968 0.16527777777777777
0 0.640934065934066 0.8243055555555556 0.1532967032967033 0.19444444444444445
0 0.6675824175824175 0.8562500000000001 0.14615384615384616 0.18472222222222223
0 0.5491758241758242 0.7086805555555555 0.09395604395604396 0.11597222222222223
0 0.5576923076923077 0.7173611111111111 0.10329670329670329 0.12083333333333333
0 0.453021978021978 0.5902777777777778 0.06648351648351648 0.09444444444444444
0 0.5681318681318681 0.7315972222222222 0.017582417582417582 0.017361111111111112
0 0.3752747252747253 0.49375 0.4879120879120879 0.6138888888888889
0 0.3741758241758242 0.48680555555555555 0.5043956043956044 0.6347222222222223
0 0.3027472527472527 0.39687500000000003 0.4175824175824176 0.53125
0 0.21043956043956044 0.27743055555555557 0.17802197802197803 0.21736111111111112
0 0.24010989010989012 0.3142361111111111 0.13296703296703297 0.1701388888888889
0 0.22142857142857142 0.29131944444444446 0.25164835164835164 0.3159722222222222
0 0.16043956043956045 0.21909722222222222 0.24725274725274726 0.32569444444444445
0 0.11565934065934066 0.16319444444444445 0.08406593406593407 0.1125
