0 0.2571428571428571 0.34479166666666666 0.1912087912087912 0.23541666666666666
0 0.24395604395604395 0.3246527777777778 0.002197802197802198 0.010416666666666668
0 0.2510989010989011 0.33090277777777777 0.015384615384615385 0.03125
0 0.10494505494505495 0.1513888888888889 0.1021978021978022 0.11944444444444445
0 0.3879120879120879 0.5097222222222222 0.1835164835164835 0.23472222222222222
0 0.40824175824175823 0.5319444444444444 0.1945054945054945 0.24305555555555555
0 0.2752747252747253 0.3697916666666667 0.11208791208791209 0.13819444444444445
0 0.4848901098901099 0.6364583333333333 0.48406593406593407 0.5965277777777778
0 0.4346153846153846 0.5704861111111111 0.6868131868131868 0.8868055555555556
0 0.42445054945054944 0.5541666666666667 0.5653846153846154 0.6986111111111112
0 0.6343406593406593 0.8149305555555556 0.20934065934065935 0.2715277777777778
0 0.6428571428571429 0.8274305555555556 0.1956043956043956 0.2465277777777778
0 0.6288461538461538 0.8100694444444445 0.13791208791208792 0.16458333333333333
0 0.6574175824175824 0.8482638888888889 0.1357142857142857 0.1798611111111111
0 0.6642857142857143 0.8590277777777778 0.13296703296703297 0.1638888888888889
0 0.43324175824175826 0.5690972222222223 0.018131868131868133 0.03680555555555556
0 0.4217032967032967 0.5548611111111111 0.025824175824175823 0.034722222222222224
0 0.41923076923076924 0.5510416666666667 0.027472527472527472 0.03680555555555556
0 0.40192307692307694 0.5274305555555556 0.25659340659340657 0.33263888888888893
0 0.4118131868131868 0.5385416666666667 0.2642857142857143 0.34375
0 0.3686813186813187 0.4864583333333333 0.5340659340659341 0.670138888888889
