0 0.2129120879120879 0.296875 0.09505494505494505 0.13125
0 0.2826923076923077 0.38159722222222225 0.08186813186813187 0.12291666666666667
0 0.2865384615384615 0.3857638888888889 0.1565934065934066 0.17430555555555557
0 0.3793956043956044 0.5038194444444445 0.29725274725274725 0.36875
0 0.42445054945054944 0.5569444444444445 0.37637362637362637 0.45972222222222225
0 0.38956043956043956 0.5180555555555556 0.46153846153846156 0.5930555555555556
0 0.5104395604395604 0.6732638888888889 0.6384615384615384 0.7965277777777778
0 0.5824175824175825 0.75625 0.7923076923076923 0.9847222222222223
0 0.5978021978021978 0.7809027777777778 0.7065934065934066 0.8854166666666667
0 0.7475274725274725 0.9649305555555556 0.4521978021978022 0.5631944444444444
0 0.7206043956043956 0.9371527777777778 0.19945054945054946 0.2590277777777778
0 0.7571428571428571 0.9809027777777778 0.1945054945054945 0.2326388888888889
0 0.5945054945054945 0.7784722222222222 0.0 0.015277777777777779
0 0.5870879120879121 0.7659722222222223 0.002747252747252747 0.02361111111111111
0 0.5596153846153846 0.7329861111111111 0.05989010989010989 0.08402777777777778
0 0.43846153846153846 0.5864583333333333 0.3131868131868132 0.39513888888888893
0 0.36153846153846153 0.4861111111111111 0.18021978021978022 0.21805555555555556
0 0.35274725274725277 0.4715277777777778 0.43626373626373627 0.5652777777777778
