0 0.24945054945054945 0.33194444444444443 0.21978021978021978 0.26666666666666666
0 0.264010989010989 0.3472222222222222 0.15219780219780218 0.18888888888888888
0 0.16483516483516483 0.22465277777777778 0.25824175824175827 0.3354166666666667
0 0.20027472527472528 0.26666666666666666 0.12582417582417582 0.1513888888888889
0 0.2741758241758242 0.3652777777777778 0.4153846153846154 0.5277777777777778
0 0.2868131868131868 0.3791666666666667 0.33296703296703295 0.41944444444444445
0 0.41236263736263734 0.5378472222222223 0.49835164835164836 0.6326388888888889
0 0.743956043956044 0.9527777777777778 0.34505494505494505 0.4361111111111111
0 0.7269230769230769 0.9350694444444445 0.189010989010989 0.24930555555555556
0 0.7057692307692308 0.9072916666666667 0.1510989010989011 0.19930555555555557
0 0.5832417582417583 0.7527777777777778 0.0456043956043956 0.04722222222222222
0 0.6293956043956044 0.8083333333333333 0.13681318681318683 0.1625
0 0.6456043956043956 0.8305555555555556 0.16923076923076924 0.2125
0 0.6131868131868132 0.7902777777777779 0.22637362637362637 0.2777777777777778
0 0.5288461538461539 0.6843750000000001 0.4664835164835165 0.5881944444444445
0 0.2662087912087912 0.3545138888888889 0.128021978021978 0.15347222222222223
0 0.41593406593406596 0.5385416666666667 0.24065934065934066 0.2951388888888889
0 0.5266483516483517 0.6822916666666667 0.12582417582417582 0.1590277777777778
0 0.5137362637362637 0.6666666666666667 0.12197802197802197 0.15555555555555556
0 0.5445054945054945 0.7138888888888889 0.7615384615384615 0.9472222222222223
0 0.5862637362637363 0.763888888888889 0.5681318681318681 0.7208333333333333
0 0.5313186813186813 0.6868055555555556 0.041758241758241756 0.05
0 0.2175824175824176 0.2899305555555556 0.04065934065934066 0.03958333333333333
