0 0.22087912087912087 0.3038194444444445 0.06813186813186813 0.1076388888888889
0 0.1989010989010989 0.28055555555555556 0.031868131868131866 0.043055555555555555
0 0.32664835164835165 0.43819444444444444 0.08186813186813187 0.08055555555555556
0 0.3868131868131868 0.5142361111111111 0.43736263736263736 0.5729166666666667
0 0.3717032967032967 0.49618055555555557 0.39615384615384613 0.5215277777777778
0 0.42554945054945054 0.56875 0.19395604395604396 0.2513888888888889
0 0.6049450549450549 0.7902777777777779 0.13626373626373625 0.15833333333333333
0 0.521978021978022 0.6871527777777778 0.03406593406593406 0.03958333333333333
0 0.634065934065934 0.834375 0.08021978021978023 0.09375
0 0.40082417582417584 0.5354166666666667 0.19065934065934065 0.25277777777777777
0 0.6618131868131868 0.8618055555555556 0.45 0.5902777777777778
0 0.7480769230769231 0.9677083333333334 0.21483516483516482 0.2715277777777778
0 0.3931318681318681 0.51875 0.48736263736263735 0.6347222222222223
0 0.4043956043956044 0.5333333333333333 0.4978021978021978 0.6236111111111111
0 0.45384615384615384 0.5989583333333334 0.6362637362637362 0.8048611111111111
0 0.475 0.6267361111111112 0.7445054945054945 0.9604166666666667
0 0.6013736263736263 0.7885416666666667 0.6796703296703297 0.8520833333333334
