0 0.25274725274725274 0.33611111111111114 0.1813186813186813 0.21666666666666667
0 0.17252747252747253 0.23750000000000002 0.07032967032967033 0.08055555555555556
0 0.21703296703296704 0.29270833333333335 0.010989010989010988 0.0006944444444444445
0 0.3967032967032967 0.5232638888888889 0.36153846153846153 0.45208333333333334
0 0.24258241758241758 0.3267361111111111 0.26978021978021977 0.33958333333333335
0 0.3370879120879121 0.4388888888888889 0.3324175824175824 0.4083333333333333
0 0.4513736263736264 0.5906250000000001 0.5236263736263737 0.6548611111111111
0 0.5552197802197802 0.7243055555555555 0.48516483516483516 0.5944444444444444
0 0.5296703296703297 0.6979166666666667 0.778021978021978 0.9777777777777779
0 0.7343406593406593 0.9458333333333334 0.21593406593406594 0.2777777777777778
0 0.6288461538461538 0.8104166666666667 0.13791208791208792 0.1625
0 0.615934065934066 0.7965277777777778 0.17802197802197803 0.2111111111111111
0 0.6428571428571429 0.8274305555555556 0.1956043956043956 0.2451388888888889
0 0.5898351648351648 0.7670138888888889 0.03791208791208791 0.043750000000000004
0 0.5412087912087912 0.701388888888889 0.11648351648351649 0.14027777777777778
0 0.4217032967032967 0.5524305555555555 0.10164835164835165 0.1326388888888889
0 0.5184065934065935 0.6777777777777778 0.08516483516483517 0.09583333333333334
0 0.3436813186813187 0.45555555555555555 0.3675824175824176 0.4625
0 0.3192307692307692 0.42430555555555555 0.36813186813186816 0.4763888888888889
0 0.3326923076923077 0.43819444444444444 0.5434065934065934 0.6763888888888889
