0 0.23901098901098902 0.31319444444444444 0.13846153846153847 0.17916666666666667
0 0.20082417582417583 0.27083333333333337 0.046703296703296704 0.04861111111111111
0 0.22472527472527473 0.29305555555555557 0.25384615384615383 0.31666666666666665
0 0.23186813186813188 0.30833333333333335 0.25054945054945055 0.32916666666666666
0 0.19285714285714287 0.2611111111111111 0.27692307692307694 0.3513888888888889
0 0.30494505494505497 0.4041666666666667 0.3626373626373626 0.45
0 0.32774725274725275 0.4295138888888889 0.40934065934065933 0.5159722222222223
0 0.3395604395604396 0.4434027777777778 0.521978021978022 0.6604166666666667
0 0.4370879120879121 0.5652777777777778 0.043406593406593405 0.0625
0 0.5717032967032967 0.7385416666666667 0.08186813186813187 0.09652777777777778
0 0.5598901098901099 0.7225694444444445 0.15824175824175823 0.20208333333333334
0 0.532967032967033 0.6864583333333334 0.19230769230769232 0.2326388888888889
0 0.6771978021978022 0.8701388888888889 0.1554945054945055 0.19305555555555556
0 0.7129120879120879 0.9170138888888889 0.23241758241758242 0.2868055555555556
0 0.6335164835164835 0.8131944444444444 0.12527472527472527 0.16527777777777777
0 0.643956043956044 0.828125 0.14065934065934066 0.17847222222222223
0 0.6456043956043956 0.8305555555555556 0.15714285714285714 0.20277777777777778
0 0.5368131868131868 0.6951388888888889 0.46813186813186813 0.5986111111111111
0 0.49862637362637363 0.6402777777777778 0.6939560439560439 0.8791666666666667
0 0.47445054945054943 0.6107638888888889 0.6774725274725275 0.8534722222222223
0 0.43543956043956045 0.5673611111111111 0.6126373626373627 0.7722222222222223
0 0.4807692307692308 0.6263888888888889 0.6681318681318681 0.8388888888888889
0 0.45576923076923076 0.5986111111111111 0.7554945054945055 0.9444444444444445
0 0.47335164835164834 0.61875 0.7653846153846153 0.9694444444444444
0 0.2804945054945055 0.3715277777777778 0.30494505494505497 0.375
0 0.325 0.42812500000000003 0.2598901098901099 0.3284722222222222
0 0.3925824175824176 0.5065972222222223 0.22692307692307692 0.28125
0 0.2664835164835165 0.34652777777777777 0.17472527472527472 0.22361111111111112
