0 0.16758241758241757 0.2357638888888889 0.06703296703296703 0.0951388888888889
0 0.15412087912087913 0.21875 0.053296703296703295 0.0763888888888889
0 0.16016483516483515 0.225 0.08846153846153847 0.11805555555555557
0 0.3467032967032967 0.4621527777777778 0.3978021978021978 0.5229166666666667
0 0.442032967032967 0.5815972222222222 0.3401098901098901 0.43680555555555556
0 0.42554945054945054 0.5555555555555556 0.3873626373626374 0.4861111111111111
0 0.5112637362637362 0.670138888888889 0.7686813186813187 0.9694444444444444
0 0.5065934065934066 0.6663194444444445 0.7802197802197802 0.9840277777777778
0 0.4706043956043956 0.6166666666666667 0.7686813186813187 0.9777777777777779
0 0.7568681318681318 0.9774305555555556 0.3038461538461538 0.3770833333333333
0 0.6453296703296704 0.8434027777777778 0.18186813186813186 0.23541666666666666
0 0.6373626373626373 0.8295138888888889 0.1813186813186813 0.21458333333333335
0 0.48846153846153845 0.6423611111111112 0.23736263736263735 0.3125
0 0.5282967032967033 0.6940972222222223 0.2774725274725275 0.3493055555555556
0 0.5912087912087912 0.7729166666666667 0.14505494505494507 0.1625
0 0.35714285714285715 0.4763888888888889 0.4197802197802198 0.5236111111111111
0 0.3335164835164835 0.4451388888888889 0.4010989010989011 0.5208333333333334
0 0.32967032967032966 0.44201388888888893 0.42857142857142855 0.545138888888889
