0 0.3486263736263736 0.4621527777777778 0.4225274725274725 0.5340277777777778
0 0.2379120879120879 0.32222222222222224 0.25054945054945055 0.33055555555555555
0 0.44285714285714284 0.5788194444444444 0.6307692307692307 0.8173611111111111
0 0.44835164835164837 0.5833333333333334 0.521978021978022 0.6583333333333333
0 0.5063186813186813 0.6677083333333333 0.45879120879120877 0.5701388888888889
0 0.567032967032967 0.7354166666666667 0.4956043956043956 0.6402777777777778
0 0.5612637362637363 0.7312500000000001 0.5181318681318682 0.6583333333333333
0 0.485989010989011 0.640625 0.12032967032967033 0.15625
0 0.45906593406593404 0.6041666666666667 0.08956043956043956 0.11944444444444445
0 0.4543956043956044 0.5927083333333334 0.06593406593406594 0.08263888888888889
0 0.16456043956043956 0.22812500000000002 0.06208791208791209 0.07847222222222222
0 0.18186813186813186 0.246875 0.1956043956043956 0.23541666666666666
0 0.1697802197802198 0.23298611111111112 0.2802197802197802 0.3354166666666667
0 0.26895604395604394 0.359375 0.3862637362637363 0.50625
0 0.3263736263736264 0.4322916666666667 0.34725274725274724 0.45208333333333334
0 0.6288461538461538 0.810763888888889 0.16428571428571428 0.19652777777777777
0 0.6269230769230769 0.8100694444444445 0.16043956043956045 0.1951388888888889
0 0.6436813186813187 0.8298611111111112 0.17307692307692307 0.20972222222222223
0 0.7046703296703297 0.9083333333333333 0.1532967032967033 0.19861111111111113
0 0.3804945054945055 0.49270833333333336 0.17857142857142858 0.21597222222222223
0 0.42527472527472526 0.5565972222222223 0.310989010989011 0.4076388888888889
