0 0.15302197802197803 0.21631944444444445 0.1445054945054945 0.20347222222222222
0 0.19945054945054946 0.28055555555555556 0.12527472527472527 0.1388888888888889
0 0.2291208791208791 0.31736111111111115 0.13076923076923078 0.1527777777777778
0 0.3524725274725275 0.4708333333333333 0.371978021978022 0.47222222222222227
0 0.33489010989010987 0.446875 0.38186813186813184 0.4673611111111111
0 0.4876373626373626 0.6440972222222222 0.1543956043956044 0.1798611111111111
0 0.5351648351648352 0.7020833333333334 0.26263736263736265 0.35000000000000003
0 0.6153846153846154 0.80625 0.08901098901098901 0.13055555555555556
0 0.6673076923076923 0.86875 0.09725274725274725 0.10833333333333334
0 0.7425824175824176 0.9597222222222223 0.09945054945054944 0.12916666666666668
0 0.7598901098901099 0.9805555555555556 0.31868131868131866 0.3902777777777778
0 0.575 0.7472222222222222 0.7060439560439561 0.8805555555555555
0 0.38076923076923075 0.5072916666666667 0.321978021978022 0.38680555555555557
0 0.32554945054945056 0.4354166666666667 0.2543956043956044 0.33055555555555555
0 0.24945054945054945 0.33645833333333336 0.17912087912087912 0.23958333333333334
0 0.4403846153846154 0.5826388888888889 0.6598901098901099 0.851388888888889
0 0.46785714285714286 0.6215277777777778 0.7434065934065934 0.9597222222222223
0 0.38434065934065936 0.5072916666666667 0.4368131868131868 0.56875
