0 0.1513671875 0.29097222222222224 0.203515625 0.38333333333333336
0 0.15585937500000002 0.3013888888888889 0.13593750000000002 0.22777777777777777
0 0.18906250000000002 0.35347222222222224 0.0203125 0.05277777777777778
0 0.25703125 0.48055555555555557 0.05390625 0.09861111111111112
0 0.296484375 0.5475694444444444 0.09843750000000001 0.15763888888888888
0 0.30898437500000003 0.571875 0.07421875 0.11041666666666668
0 0.30507812500000003 0.5649305555555556 0.15781250000000002 0.2590277777777778
0 0.35273437500000004 0.6465277777777778 0.24375000000000002 0.4513888888888889
0 0.39453125 0.7232638888888889 0.1328125 0.2604166666666667
0 0.3759765625 0.6916666666666667 0.30898437500000003 0.5458333333333334
0 0.4189453125 0.7659722222222223 0.21601562500000002 0.375
0 0.4244140625 0.779513888888889 0.21445312500000002 0.3979166666666667
0 0.2978515625 0.5472222222222223 0.432421875 0.7527777777777778
0 0.271484375 0.5038194444444445 0.30859375 0.5284722222222222
0 0.276171875 0.5114583333333333 0.3171875 0.5506944444444445
0 0.4921875 0.8958333333333334 0.034375 0.03888888888888889
0 0.416015625 0.759375 0.06953125 0.1423611111111111
0 0.423828125 0.7781250000000001 0.08125 0.1423611111111111
