0 0.14862637362637363 0.21493055555555557 0.02142857142857143 0.027083333333333334
0 0.16263736263736264 0.22708333333333333 0.05384615384615385 0.06944444444444445
0 0.1934065934065934 0.26944444444444443 0.12087912087912088 0.15972222222222224
0 0.34065934065934067 0.4552083333333333 0.3824175824175824 0.5020833333333333
0 0.3989010989010989 0.525 0.29010989010989013 0.35833333333333334
0 0.42445054945054944 0.5559027777777777 0.3873626373626374 0.4840277777777778
0 0.5972527472527472 0.7819444444444444 0.17692307692307693 0.22777777777777777
0 0.5898351648351648 0.7729166666666667 0.19945054945054946 0.23750000000000002
0 0.5848901098901099 0.7659722222222223 0.19615384615384615 0.23611111111111113
0 0.389010989010989 0.515625 0.35384615384615387 0.46458333333333335
0 0.35412087912087914 0.4774305555555556 0.2412087912087912 0.31319444444444444
0 0.2914835164835165 0.39513888888888893 0.47197802197802197 0.6097222222222223
0 0.6516483516483517 0.8423611111111111 0.34065934065934067 0.4388888888888889
0 0.7206043956043956 0.9354166666666667 0.13351648351648351 0.15972222222222224
0 0.7148351648351648 0.9288194444444445 0.11648351648351649 0.14791666666666667
0 0.4565934065934066 0.6013888888888889 0.7791208791208791 0.9847222222222223
0 0.47912087912087914 0.6329861111111111 0.7835164835164835 0.99375
0 0.4807692307692308 0.63125 0.7681318681318682 0.9833333333333334
