0 0.24615384615384617 0.3295138888888889 0.12747252747252746 0.1798611111111111
0 0.23626373626373626 0.315625 0.10659340659340659 0.13680555555555557
0 0.2010989010989011 0.2711805555555556 0.08241758241758242 0.10347222222222223
0 0.35027472527472525 0.4618055555555556 0.22472527472527473 0.2777777777777778
0 0.38186813186813184 0.49895833333333334 0.5351648351648352 0.6756944444444445
0 0.5164835164835165 0.6670138888888889 0.12747252747252746 0.17291666666666666
0 0.492032967032967 0.6385416666666667 0.12032967032967033 0.15208333333333335
0 0.46291208791208793 0.6006944444444444 0.10054945054945055 0.11527777777777778
0 0.25384615384615383 0.33819444444444446 0.17802197802197803 0.23055555555555557
0 0.3747252747252747 0.49270833333333336 0.21318681318681318 0.2868055555555556
0 0.4634615384615385 0.6059027777777778 0.6818681318681319 0.8659722222222223
0 0.573076923076923 0.7416666666666667 0.5175824175824176 0.6708333333333334
0 0.6002747252747253 0.7763888888888889 0.21593406593406594 0.2569444444444445
0 0.6288461538461538 0.8086805555555556 0.13791208791208792 0.16180555555555556
0 0.46565934065934067 0.6048611111111112 0.49835164835164836 0.6402777777777778
0 0.4502747252747253 0.5847222222222223 0.5247252747252747 0.6583333333333333
