0 0.40274725274725276 0.5329861111111112 0.19230769230769232 0.25069444444444444
0 0.4087912087912088 0.5371527777777778 0.2934065934065934 0.35625
0 0.24587912087912087 0.3215277777777778 0.18956043956043955 0.23472222222222222
0 0.5848901098901099 0.757638888888889 0.11483516483516483 0.15972222222222224
0 0.5554945054945055 0.7201388888888889 0.08571428571428572 0.12083333333333333
0 0.4697802197802198 0.6104166666666667 0.11208791208791209 0.14444444444444446
0 0.5195054945054945 0.6739583333333333 0.1346153846153846 0.15625
0 0.4423076923076923 0.576388888888889 0.5076923076923077 0.6416666666666667
0 0.43434065934065935 0.5701388888888889 0.5642857142857143 0.7083333333333334
0 0.41620879120879123 0.5423611111111112 0.6379120879120879 0.7916666666666667
0 0.4217032967032967 0.5527777777777778 0.6412087912087913 0.8013888888888889
0 0.44835164835164837 0.5892361111111112 0.7450549450549451 0.9215277777777778
0 0.7406593406593407 0.9538194444444444 0.24725274725274726 0.29930555555555555
0 0.6755494505494506 0.8715277777777778 0.14560439560439561 0.17222222222222222
0 0.685989010989011 0.8822916666666667 0.17087912087912088 0.20625000000000002
0 0.3423076923076923 0.4513888888888889 0.521978021978022 0.6722222222222223
0 0.35604395604395606 0.4642361111111111 0.5351648351648352 0.6673611111111112
0 0.3728021978021978 0.49930555555555556 0.5313186813186813 0.6777777777777778
0 0.13434065934065934 0.18715277777777778 0.028021978021978023 0.03125
0 0.12445054945054945 0.178125 0.018131868131868133 0.010416666666666668
0 0.22967032967032966 0.30520833333333336 0.13846153846153847 0.17430555555555557
0 0.2445054945054945 0.32916666666666666 0.22637362637362637 0.2763888888888889
0 0.14835164835164835 0.20173611111111112 0.23736263736263735 0.30625
