0 0.13791208791208792 0.20347222222222222 0.015384615384615385 0.036111111111111115
0 0.17912087912087912 0.2513888888888889 0.18681318681318682 0.24583333333333335
0 0.2368131868131868 0.32743055555555556 0.16483516483516483 0.20625000000000002
0 0.3252747252747253 0.43993055555555555 0.4054945054945055 0.5090277777777777
0 0.3862637362637363 0.5163194444444444 0.2945054945054945 0.37430555555555556
0 0.368956043956044 0.4916666666666667 0.23461538461538461 0.2916666666666667
0 0.4574175824175824 0.6072916666666667 0.7598901098901099 0.9756944444444445
0 0.4846153846153846 0.6347222222222223 0.7747252747252747 0.9916666666666667
0 0.5480769230769231 0.7208333333333333 0.5324175824175824 0.6916666666666667
0 0.7085164835164836 0.9184027777777778 0.11483516483516483 0.15486111111111112
0 0.7129120879120879 0.9229166666666667 0.08846153846153847 0.10138888888888889
0 0.7373626373626374 0.9552083333333333 0.06593406593406594 0.10069444444444445
0 0.6167582417582418 0.8065972222222223 0.0489010989010989 0.07847222222222222
0 0.6170329670329671 0.8069444444444445 0.01978021978021978 0.022222222222222223
0 0.6214285714285714 0.8114583333333334 0.02857142857142857 0.03402777777777778
0 0.44258241758241756 0.584375 0.47197802197802197 0.6118055555555556
0 0.41703296703296705 0.5472222222222223 0.5538461538461539 0.7097222222222223
0 0.3607142857142857 0.48194444444444445 0.4950549450549451 0.6194444444444445
