0 0.23324175824175825 0.3076388888888889 0.1489010989010989 0.18611111111111112
0 0.2489010989010989 0.33263888888888893 0.20549450549450549 0.25416666666666665
0 0.22445054945054946 0.2947916666666667 0.2510989010989011 0.3159722222222222
0 0.21346153846153845 0.2888888888888889 0.27307692307692305 0.34305555555555556
0 0.2184065934065934 0.2923611111111111 0.2664835164835165 0.3263888888888889
0 0.41703296703296705 0.5392361111111111 0.2956043956043956 0.36597222222222225
0 0.3994505494505495 0.5208333333333334 0.310989010989011 0.4027777777777778
0 0.3799450549450549 0.5006944444444444 0.13241758241758242 0.18333333333333335
0 0.48104395604395606 0.6340277777777779 0.4653846153846154 0.5819444444444445
0 0.453021978021978 0.5885416666666667 0.5214285714285715 0.6451388888888889
0 0.43626373626373627 0.5715277777777777 0.5758241758241758 0.725
0 0.5769230769230769 0.7493055555555556 0.5307692307692308 0.6875
0 0.4563186813186813 0.5923611111111111 0.10384615384615385 0.12222222222222223
0 0.5285714285714286 0.6871527777777778 0.12967032967032968 0.16319444444444445
0 0.5925824175824176 0.7621527777777778 0.036813186813186814 0.04791666666666667
0 0.5947802197802198 0.7663194444444444 0.046703296703296704 0.05486111111111111
0 0.6296703296703297 0.810763888888889 0.13406593406593406 0.16597222222222222
0 0.6508241758241758 0.835763888888889 0.13351648351648351 0.17708333333333334
0 0.6810439560439561 0.875 0.1686813186813187 0.20277777777777778
0 0.7428571428571429 0.9559027777777778 0.29120879120879123 0.35625
0 0.2824175824175824 0.3736111111111111 0.42417582417582417 0.5486111111111112
0 0.2906593406593407 0.3826388888888889 0.45714285714285713 0.5930555555555556
0 0.40082417582417584 0.5229166666666667 0.5126373626373626 0.6513888888888889
0 0.44835164835164837 0.5809027777777778 0.510989010989011 0.6465277777777778
0 0.2681318681318681 0.3493055555555556 0.2230769230769231 0.2763888888888889
0 0.6087912087912087 0.7836805555555556 0.1813186813186813 0.22708333333333333
