0 0.1824175824175824 0.25520833333333337 0.02857142857142857 0.035416666666666666
0 0.1824175824175824 0.2548611111111111 0.15934065934065933 0.19444444444444445
0 0.20576923076923076 0.284375 0.15989010989010988 0.2076388888888889
0 0.4524725274725275 0.6017361111111111 0.29835164835164835 0.36597222222222225
0 0.38434065934065936 0.5045138888888889 0.32582417582417583 0.4256944444444445
0 0.3090659340659341 0.4135416666666667 0.2510989010989011 0.3284722222222222
0 0.442032967032967 0.5836805555555555 0.5708791208791208 0.70625
0 0.4197802197802198 0.5520833333333334 0.6901098901098901 0.8597222222222223
0 0.5412087912087912 0.7076388888888889 0.7406593406593407 0.9152777777777779
0 0.7175824175824176 0.925 0.38571428571428573 0.47500000000000003
0 0.6417582417582418 0.834375 0.3065934065934066 0.3770833333333333
0 0.6898351648351648 0.8975694444444445 0.10934065934065934 0.13819444444444445
0 0.5648351648351648 0.7395833333333334 0.16263736263736264 0.21944444444444444
0 0.5708791208791208 0.7475694444444445 0.1934065934065934 0.22847222222222224
0 0.4739010989010989 0.6239583333333334 0.2598901098901099 0.34375
0 0.36153846153846153 0.4840277777777778 0.3274725274725275 0.40555555555555556
0 0.3401098901098901 0.45625000000000004 0.3626373626373626 0.4708333333333333
0 0.26071428571428573 0.3576388888888889 0.3181318681318681 0.3944444444444445
