0 0.20549450549450549 0.2826388888888889 0.16043956043956045 0.19861111111111113
0 0.22802197802197802 0.315625 0.16153846153846155 0.1840277777777778
0 0.3038461538461538 0.4065972222222222 0.26043956043956046 0.3506944444444445
0 0.35137362637362635 0.46875 0.28626373626373625 0.3805555555555556
0 0.44862637362637364 0.5875 0.695054945054945 0.8791666666666667
0 0.7401098901098901 0.95625 0.2010989010989011 0.25416666666666665
0 0.6777472527472528 0.8829861111111111 0.08296703296703296 0.10347222222222223
0 0.4173076923076923 0.546875 0.5258241758241758 0.6743055555555556
0 0.4239010989010989 0.5621527777777778 0.360989010989011 0.4715277777777778
0 0.35412087912087914 0.4708333333333333 0.40164835164835166 0.5236111111111111
0 0.214010989010989 0.3 0.07197802197802197 0.07222222222222223
0 0.4807692307692308 0.6368055555555556 0.15824175824175823 0.20277777777777778
0 0.5607142857142857 0.7378472222222222 0.022527472527472527 0.04513888888888889
0 0.6123626373626374 0.8055555555555556 0.1412087912087912 0.16111111111111112
0 0.45604395604395603 0.6069444444444445 0.7307692307692307 0.9500000000000001
0 0.4368131868131868 0.5767361111111111 0.6021978021978022 0.7784722222222222
0 0.27087912087912086 0.36562500000000003 0.21868131868131868 0.28541666666666665
0 0.6519230769230769 0.846875 0.29615384615384616 0.38958333333333334
