0 0.35000000000000003 0.6409722222222223 0.2421875 0.43333333333333335
0 0.2947265625 0.5437500000000001 0.213671875 0.39305555555555555
0 0.3203125 0.5871527777777777 0.02421875 0.03958333333333333
0 0.24921875000000002 0.4618055555555556 0.07265625 0.1486111111111111
0 0.22578125000000002 0.41909722222222223 0.022656250000000003 0.05625
0 0.170703125 0.3215277777777778 0.15703125 0.27083333333333337
0 0.1736328125 0.32916666666666666 0.187890625 0.33333333333333337
0 0.1333984375 0.2569444444444445 0.074609375 0.11666666666666667
0 0.3923828125 0.7197916666666667 0.20664062500000002 0.3479166666666667
0 0.45429687500000004 0.8256944444444445 0.2484375 0.4527777777777778
0 0.371875 0.6822916666666667 0.32734375000000004 0.6020833333333333
0 0.5212890625000001 0.9496527777777778 0.069140625 0.11736111111111111
0 0.5064453125 0.9225694444444444 0.016796875 0.029861111111111113
0 0.4890625 0.8916666666666667 0.0734375 0.14166666666666666
0 0.29335937500000003 0.5444444444444445 0.49609375 0.888888888888889
0 0.2849609375 0.5263888888888889 0.38398437500000004 0.6791666666666667
0 0.26796875000000003 0.49583333333333335 0.36484375 0.6486111111111111
0 0.5369140625000001 0.9756944444444445 0.498046875 0.8680555555555556
0 0.525 0.9538194444444444 0.43828125 0.7798611111111111
0 0.49765625 0.9076388888888889 0.5015625 0.9027777777777778
0 0.47500000000000003 0.8638888888888889 0.49765625 0.9013888888888889
