0 0.2662087912087912 0.359375 0.14560439560439561 0.16319444444444445
0 0.2549450549450549 0.34479166666666666 0.16373626373626374 0.18680555555555556
0 0.16016483516483515 0.22812500000000002 0.04120879120879121 0.04236111111111111
0 0.30631868131868134 0.41076388888888893 0.20714285714285716 0.2604166666666667
0 0.34065934065934067 0.45034722222222223 0.3791208791208791 0.4840277777777778
0 0.44642857142857145 0.5888888888888889 0.3401098901098901 0.40972222222222227
0 0.47417582417582416 0.6218750000000001 0.6373626373626373 0.7854166666666667
0 0.4563186813186813 0.6 0.6489010989010989 0.826388888888889
0 0.5414835164835164 0.70625 0.739010989010989 0.9541666666666667
0 0.7489010989010989 0.9711805555555556 0.25824175824175827 0.31875000000000003
0 0.7217032967032967 0.9361111111111111 0.12142857142857143 0.17500000000000002
0 0.615934065934066 0.8041666666666667 0.3 0.38472222222222224
0 0.5697802197802198 0.7479166666666667 0.18461538461538463 0.225
0 0.5557692307692308 0.725 0.16428571428571428 0.19722222222222224
0 0.5 0.6548611111111111 0.1945054945054945 0.22361111111111112
0 0.39285714285714285 0.5225694444444444 0.31648351648351647 0.41458333333333336
0 0.33681318681318684 0.4482638888888889 0.4197802197802198 0.5548611111111111
0 0.26675824175824175 0.3625 0.439010989010989 0.5750000000000001
