0 0.1739010989010989 0.23993055555555556 0.15 0.1798611111111111
0 0.11126373626373626 0.1579861111111111 0.12582417582417582 0.15625
0 0.18104395604395604 0.24756944444444445 0.057692307692307696 0.06597222222222222
0 0.30631868131868134 0.40729166666666666 0.23241758241758242 0.30486111111111114
0 0.29725274725274725 0.39340277777777777 0.18021978021978022 0.23819444444444446
0 0.2623626373626374 0.3524305555555556 0.3587912087912088 0.4701388888888889
0 0.42857142857142855 0.5631944444444444 0.5593406593406594 0.7000000000000001
0 0.4582417582417582 0.6034722222222223 0.4912087912087912 0.5972222222222222
0 0.5695054945054945 0.7395833333333334 0.5335164835164835 0.6861111111111111
0 0.4412087912087912 0.5729166666666667 0.5472527472527473 0.7027777777777778
0 0.7211538461538461 0.9284722222222223 0.428021978021978 0.5347222222222222
0 0.6118131868131869 0.7934027777777778 0.22692307692307692 0.27569444444444446
0 0.6423076923076924 0.8277777777777778 0.1956043956043956 0.24444444444444446
0 0.6266483516483516 0.8128472222222223 0.17307692307692307 0.21319444444444446
0 0.6285714285714286 0.8118055555555556 0.13736263736263737 0.16111111111111112
0 0.5576923076923077 0.7236111111111111 0.1054945054945055 0.12083333333333333
0 0.5887362637362638 0.7631944444444445 0.01703296703296703 0.015277777777777779
0 0.4909340659340659 0.640625 0.20054945054945056 0.2590277777777778
0 0.48736263736263735 0.6336805555555556 0.1021978021978022 0.12013888888888889
0 0.325 0.4288194444444445 0.5368131868131868 0.6659722222222223
0 0.32664835164835165 0.4322916666666667 0.23351648351648352 0.29097222222222224
0 0.29945054945054944 0.39861111111111114 0.26263736263736265 0.325
