0 0.27774725274725276 0.3746527777777778 0.07857142857142857 0.07847222222222222
0 0.22087912087912087 0.3038194444444445 0.13186813186813187 0.16875
0 0.1989010989010989 0.27395833333333336 0.031868131868131866 0.06041666666666667
0 0.3931318681318681 0.521875 0.29725274725274725 0.39513888888888893
0 0.37362637362637363 0.49270833333333336 0.24395604395604395 0.3145833333333333
0 0.45054945054945056 0.5871527777777777 0.3263736263736264 0.4256944444444445
0 0.4565934065934066 0.5993055555555555 0.7736263736263737 0.9805555555555556
0 0.45604395604395603 0.5979166666666667 0.7505494505494505 0.9680555555555556
0 0.46373626373626375 0.6083333333333334 0.7417582417582418 0.9319444444444445
0 0.7258241758241758 0.9388888888888889 0.35604395604395606 0.43194444444444446
0 0.7293956043956044 0.9423611111111111 0.360989010989011 0.44583333333333336
0 0.7148351648351648 0.9309027777777779 0.31648351648351647 0.38819444444444445
0 0.5541208791208792 0.7267361111111111 0.006043956043956044 0.029861111111111113
0 0.5458791208791208 0.7152777777777778 0.0016483516483516484 0.02361111111111111
0 0.44395604395604393 0.5864583333333333 0.18571428571428572 0.25625000000000003
0 0.31236263736263736 0.4215277777777778 0.5027472527472527 0.6472222222222223
0 0.29285714285714287 0.3961805555555556 0.4846153846153846 0.6201388888888889
0 0.3675824175824176 0.49236111111111114 0.4956043956043956 0.6138888888888889
