0 0.31464843750000004 0.5826388888888889 0.022265625 0.044444444444444446
0 0.21406250000000002 0.39861111111111114 0.003125 0.008333333333333333
0 0.22128906250000002 0.4118055555555556 0.012109375 0.03888888888888889
0 0.133203125 0.25520833333333337 0.07500000000000001 0.11875000000000001
0 0.17050781250000002 0.32395833333333335 0.15742187500000002 0.2701388888888889
0 0.1736328125 0.3298611111111111 0.185546875 0.32916666666666666
0 0.3494140625 0.638888888888889 0.242578125 0.4291666666666667
0 0.2947265625 0.5444444444444445 0.21445312500000002 0.39722222222222225
0 0.392578125 0.7194444444444444 0.20703125 0.34861111111111115
0 0.453125 0.8246527777777778 0.2671875 0.4604166666666667
0 0.3326171875 0.6125 0.23164062500000002 0.425
0 0.294140625 0.545138888888889 0.50390625 0.8875000000000001
0 0.2677734375 0.4947916666666667 0.378515625 0.6631944444444444
0 0.286328125 0.5277777777777778 0.38828125 0.6777777777777778
0 0.5066406250000001 0.921875 0.01640625 0.029861111111111113
0 0.521875 0.9510416666666667 0.06875 0.11736111111111111
0 0.5083984375 0.9243055555555556 0.079296875 0.16111111111111112
0 0.53671875 0.9750000000000001 0.49921875000000004 0.8694444444444445
0 0.5027343750000001 0.9163194444444445 0.50546875 0.9159722222222223
0 0.4751953125 0.8642361111111111 0.498828125 0.9006944444444445
0 0.5427734375000001 0.9850694444444444 0.41914062500000004 0.7298611111111112
