0 0.18626373626373627 0.2569444444444445 0.12417582417582418 0.15555555555555556
0 0.20934065934065935 0.2888888888888889 0.13736263736263737 0.18333333333333335
0 0.2348901098901099 0.32083333333333336 0.14560439560439561 0.17083333333333334
0 0.38076923076923075 0.5027777777777778 0.30439560439560437 0.39166666666666666
0 0.4247252747252747 0.55625 0.389010989010989 0.4902777777777778
0 0.3648351648351648 0.4861111111111111 0.4208791208791209 0.5472222222222223
0 0.4747252747252747 0.6229166666666667 0.7505494505494505 0.9472222222222223
0 0.48653846153846153 0.640625 0.7851648351648352 0.9868055555555556
0 0.45989010989010987 0.607638888888889 0.778021978021978 0.9875
0 0.6442307692307693 0.83125 0.3456043956043956 0.4430555555555556
0 0.6332417582417582 0.8260416666666667 0.19395604395604396 0.22708333333333333
0 0.660989010989011 0.8597222222222223 0.13296703296703297 0.1527777777777778
0 0.5590659340659341 0.7309027777777778 0.25769230769230766 0.34652777777777777
0 0.5260989010989011 0.690625 0.28626373626373625 0.3590277777777778
0 0.5260989010989011 0.6916666666666667 0.2763736263736264 0.34305555555555556
0 0.38076923076923075 0.5083333333333333 0.3131868131868132 0.40694444444444444
0 0.35274725274725277 0.4708333333333333 0.5153846153846153 0.6486111111111111
0 0.27774725274725276 0.3715277777777778 0.3675824175824176 0.4527777777777778
