0 0.23516483516483516 0.31493055555555555 0.24285714285714285 0.31875000000000003
0 0.24010989010989012 0.31770833333333337 0.23956043956043957 0.30208333333333337
0 0.20851648351648353 0.28125 0.23351648351648352 0.2986111111111111
0 0.2315934065934066 0.3059027777777778 0.1401098901098901 0.17847222222222223
0 0.14697802197802198 0.20625000000000002 0.03021978021978022 0.044444444444444446
0 0.32362637362637364 0.4291666666666667 0.42857142857142855 0.5597222222222222
0 0.40796703296703296 0.5354166666666667 0.20714285714285716 0.2652777777777778
0 0.24010989010989012 0.31875000000000003 0.22087912087912087 0.2777777777777778
0 0.47912087912087914 0.6288194444444445 0.5340659340659341 0.6993055555555556
0 0.5659340659340659 0.7333333333333334 0.5989010989010989 0.7402777777777778
0 0.41813186813186815 0.5472222222222223 0.6 0.7527777777777778
0 0.47884615384615387 0.6194444444444445 0.47637362637362635 0.6013888888888889
0 0.3392857142857143 0.4479166666666667 0.5258241758241758 0.6638888888888889
0 0.3607142857142857 0.47395833333333337 0.5302197802197802 0.6631944444444444
0 0.31675824175824174 0.4201388888888889 0.5093406593406593 0.6305555555555555
0 0.5953296703296703 0.7753472222222223 0.0489010989010989 0.05902777777777778
0 0.5956043956043956 0.7694444444444445 0.01978021978021978 0.015277777777777779
0 0.5934065934065934 0.765625 0.015384615384615385 0.0076388888888888895
0 0.4651098901098901 0.6055555555555556 0.018131868131868133 0.03194444444444445
0 0.6854395604395604 0.8815972222222223 0.17197802197802198 0.20625000000000002
0 0.7291208791208791 0.9378472222222223 0.2230769230769231 0.27569444444444446
0 0.5958791208791209 0.771875 0.2774725274725275 0.33958333333333335
0 0.29120879120879123 0.3791666666666667 0.4054945054945055 0.5055555555555555
0 0.6282967032967033 0.8104166666666667 0.13791208791208792 0.15694444444444444
0 0.6494505494505495 0.8361111111111111 0.15054945054945054 0.19861111111111113
0 0.4461538461538462 0.5802083333333333 0.5384615384615384 0.6895833333333333
