0 0.20274725274725275 0.27222222222222225 0.1978021978021978 0.23611111111111113
0 0.1673076923076923 0.22881944444444446 0.21043956043956044 0.2659722222222222
0 0.16813186813186815 0.23194444444444445 0.08351648351648351 0.10833333333333334
0 0.25961538461538464 0.3506944444444445 0.07197802197802197 0.09166666666666667
0 0.24505494505494504 0.3201388888888889 0.017582417582417582 0.019444444444444445
0 0.40082417582417584 0.5281250000000001 0.20604395604395603 0.25069444444444444
0 0.3994505494505495 0.5170138888888889 0.2021978021978022 0.2534722222222222
0 0.32252747252747255 0.42256944444444444 0.3087912087912088 0.3965277777777778
0 0.4870879120879121 0.6270833333333333 0.5906593406593407 0.7527777777777778
0 0.5785714285714286 0.7489583333333334 0.554945054945055 0.7006944444444445
0 0.576098901098901 0.7451388888888889 0.5598901098901099 0.7194444444444444
0 0.5865384615384616 0.7548611111111111 0.5840659340659341 0.7444444444444445
0 0.5508241758241759 0.7159722222222222 0.6994505494505494 0.8805555555555555
0 0.42747252747252745 0.5569444444444445 0.5659340659340659 0.6958333333333334
0 0.43736263736263736 0.5684027777777778 0.6538461538461539 0.8326388888888889
0 0.48846153846153845 0.6364583333333333 0.7813186813186813 0.9923611111111111
0 0.4947802197802198 0.6409722222222223 0.7895604395604395 0.9972222222222222
0 0.4184065934065934 0.5423611111111112 0.639010989010989 0.8208333333333334
0 0.49423076923076925 0.6336805555555556 0.7291208791208791 0.9187500000000001
0 0.7195054945054945 0.9274305555555555 0.37967032967032965 0.4715277777777778
0 0.6851648351648352 0.8833333333333334 0.3791208791208791 0.4791666666666667
0 0.6343406593406593 0.8138888888888889 0.43351648351648353 0.5416666666666667
0 0.6068681318681318 0.7871527777777778 0.3851648351648352 0.4743055555555556
0 0.6329670329670329 0.8194444444444445 0.23846153846153847 0.30833333333333335
0 0.6384615384615384 0.8204861111111111 0.210989010989011 0.26319444444444445
0 0.6167582417582418 0.788888888888889 0.15879120879120878 0.19583333333333333
0 0.6519230769230769 0.8444444444444444 0.11153846153846154 0.13472222222222222
0 0.6917582417582417 0.8836805555555556 0.23406593406593407 0.29930555555555555
0 0.506043956043956 0.6517361111111112 0.12967032967032968 0.17291666666666666
0 0.4634615384615385 0.6083333333333334 0.20054945054945056 0.25277777777777777
0 0.44862637362637364 0.5854166666666667 0.18406593406593408 0.24444444444444446
0 0.4755494505494505 0.6215277777777778 0.20714285714285716 0.2569444444444445
0 0.46263736263736266 0.5944444444444444 0.09230769230769231 0.11111111111111112
0 0.41098901098901097 0.5420138888888889 0.4164835164835165 0.5173611111111112
0 0.37967032967032965 0.4930555555555556 0.29120879120879123 0.3791666666666667
0 0.3651098901098901 0.47187500000000004 0.19945054945054946 0.2548611111111111
0 0.26675824175824175 0.35000000000000003 0.36428571428571427 0.45555555555555555
0 0.2986263736263736 0.3961805555555556 0.5368131868131868 0.6895833333333333
