0 0.6752747252747253 0.8802083333333334 0.34505494505494505 0.45069444444444445
0 0.7101648351648352 0.9256944444444445 0.47417582417582416 0.6041666666666667
0 0.7521978021978022 0.9715277777777778 0.26043956043956046 0.3472222222222222
0 0.5282967032967033 0.69375 0.6554945054945055 0.8416666666666667
0 0.4804945054945055 0.6284722222222222 0.8038461538461539 0.9986111111111111
0 0.4755494505494505 0.6274305555555556 0.615934065934066 0.757638888888889
0 0.41483516483516486 0.5461805555555556 0.4153846153846154 0.5368055555555555
0 0.44175824175824174 0.5850694444444444 0.4472527472527473 0.5479166666666667
0 0.40412087912087913 0.5326388888888889 0.22032967032967032 0.27361111111111114
0 0.45274725274725275 0.596875 0.09230769230769231 0.11458333333333334
0 0.6043956043956044 0.7916666666666667 0.0912087912087912 0.10416666666666667
0 0.5126373626373626 0.6753472222222222 0.22637362637362637 0.26180555555555557
0 0.43956043956043955 0.5802083333333333 0.27912087912087913 0.36041666666666666
0 0.38351648351648354 0.5142361111111111 0.1901098901098901 0.24791666666666667
0 0.3741758241758242 0.5041666666666667 0.46263736263736266 0.5847222222222223
0 0.30521978021978025 0.40972222222222227 0.0005494505494505495 0.018055555555555557
0 0.2934065934065934 0.39340277777777777 0.13956043956043956 0.16041666666666668
0 0.23736263736263735 0.32430555555555557 0.17692307692307693 0.2125
