0 0.2618131868131868 0.35520833333333335 0.11813186813186813 0.13125
0 0.15714285714285714 0.22916666666666669 0.04835164835164835 0.05555555555555556
0 0.15494505494505495 0.22187500000000002 0.03076923076923077 0.03402777777777778
0 0.3478021978021978 0.4652777777777778 0.389010989010989 0.5125000000000001
0 0.40934065934065933 0.5399305555555556 0.3824175824175824 0.49236111111111114
0 0.4714285714285714 0.6201388888888889 0.34505494505494505 0.45
0 0.47225274725274724 0.6236111111111111 0.7994505494505495 0.9944444444444445
0 0.503021978021978 0.6618055555555555 0.6906593406593406 0.8555555555555556
0 0.4631868131868132 0.6121527777777778 0.6417582417582418 0.8104166666666667
0 0.6780219780219781 0.8829861111111111 0.41098901098901097 0.5256944444444445
0 0.6381868131868131 0.8305555555555556 0.21923076923076923 0.26944444444444443
0 0.6684065934065934 0.8715277777777778 0.1346153846153846 0.15555555555555556
0 0.5818681318681319 0.7635416666666667 0.03736263736263736 0.05486111111111111
0 0.5563186813186813 0.7302083333333333 0.19945054945054946 0.24791666666666667
0 0.5373626373626373 0.7100694444444444 0.27912087912087913 0.34375
0 0.38159340659340657 0.5076388888888889 0.47527472527472525 0.5916666666666667
0 0.3697802197802198 0.4954861111111111 0.49340659340659343 0.6145833333333334
0 0.3159340659340659 0.42986111111111114 0.4879120879120879 0.6097222222222223
