0 0.1631868131868132 0.2267361111111111 0.054945054945054944 0.07152777777777779
0 0.14835164835164835 0.215625 0.01978021978021978 0.025694444444444447
0 0.1934065934065934 0.2701388888888889 0.12087912087912088 0.15972222222222224
0 0.3975274725274725 0.5246527777777777 0.2895604395604396 0.3576388888888889
0 0.3662087912087912 0.49062500000000003 0.4258241758241758 0.5534722222222223
0 0.4236263736263736 0.5559027777777777 0.389010989010989 0.4840277777777778
0 0.47994505494505496 0.6336805555555556 0.7840659340659341 0.99375
0 0.4807692307692308 0.6302083333333334 0.7670329670329671 0.982638888888889
0 0.4563186813186813 0.6013888888888889 0.7774725274725275 0.9875
0 0.7203296703296703 0.9361111111111111 0.13296703296703297 0.1625
0 0.7142857142857143 0.929513888888889 0.11538461538461539 0.14930555555555555
0 0.6508241758241758 0.8409722222222222 0.3401098901098901 0.4375
0 0.5972527472527472 0.7826388888888889 0.18681318681318682 0.23472222222222222
0 0.5903846153846154 0.773263888888889 0.20054945054945056 0.24097222222222223
0 0.5840659340659341 0.7666666666666667 0.1945054945054945 0.2388888888888889
0 0.3543956043956044 0.4777777777777778 0.24065934065934066 0.3138888888888889
0 0.3489010989010989 0.4684027777777778 0.3505494505494505 0.43819444444444444
0 0.2892857142857143 0.39305555555555555 0.4686813186813187 0.6097222222222223
