0 0.23300781250000002 0.43333333333333335 0.026953125 0.04166666666666667
0 0.28046875 0.5159722222222223 0.03359375 0.04861111111111111
0 0.232421875 0.43333333333333335 0.05390625 0.11388888888888889
0 0.18125000000000002 0.3392361111111111 0.060937500000000006 0.11458333333333334
0 0.146875 0.27881944444444445 0.09062500000000001 0.15069444444444444
0 0.15781250000000002 0.29618055555555556 0.16171875000000002 0.30069444444444443
0 0.33632812500000003 0.6197916666666667 0.23125 0.41875
0 0.347265625 0.6322916666666667 0.23671875 0.42291666666666666
0 0.2318359375 0.43125 0.401953125 0.7125
0 0.275 0.5045138888888889 0.50703125 0.9034722222222222
0 0.298046875 0.5482638888888889 0.5296875 0.9298611111111111
0 0.4443359375 0.8065972222222223 0.22226562500000002 0.4048611111111111
0 0.43105468750000003 0.7847222222222222 0.182421875 0.33194444444444443
0 0.3564453125 0.6527777777777778 0.26210937500000003 0.4652777777777778
0 0.53671875 0.9722222222222222 0.11328125 0.18611111111111112
0 0.5412109375 0.9819444444444445 0.083984375 0.14027777777777778
0 0.483203125 0.8798611111111111 0.09531250000000001 0.17500000000000002
0 0.5140625 0.9375 0.5125000000000001 0.8986111111111111
0 0.5203125000000001 0.9434027777777778 0.5125000000000001 0.9229166666666667
0 0.5203125000000001 0.9416666666666667 0.51953125 0.9361111111111111
0 0.52265625 0.9454861111111111 0.44609375 0.7937500000000001
