0 0.21813186813186813 0.29409722222222223 0.0 0.010416666666666668
0 0.21703296703296704 0.2923611111111111 0.051648351648351645 0.051388888888888894
0 0.15302197802197803 0.21145833333333333 0.03461538461538462 0.05625
0 0.3131868131868132 0.4149305555555556 0.26043956043956046 0.3340277777777778
0 0.2489010989010989 0.3302083333333333 0.23846153846153847 0.3145833333333333
0 0.37335164835164836 0.49583333333333335 0.1478021978021978 0.19305555555555556
0 0.43653846153846154 0.576388888888889 0.6346153846153846 0.8166666666666667
0 0.41703296703296705 0.5527777777777778 0.6505494505494506 0.8208333333333334
0 0.4326923076923077 0.56875 0.5335164835164835 0.6611111111111111
0 0.5137362637362637 0.6604166666666667 0.7516483516483516 0.9555555555555556
0 0.5782967032967034 0.7427083333333334 0.6346153846153846 0.7979166666666667
0 0.6321428571428571 0.8104166666666667 0.2763736263736264 0.34444444444444444
0 0.6434065934065935 0.828125 0.1934065934065934 0.23680555555555557
0 0.6255494505494505 0.8055555555555556 0.160989010989011 0.19166666666666668
0 0.6291208791208791 0.810763888888889 0.13846153846153847 0.16319444444444445
0 0.7453296703296703 0.9548611111111112 0.35 0.4430555555555556
0 0.5568681318681319 0.7201388888888889 0.07417582417582418 0.09722222222222222
0 0.4928571428571429 0.6465277777777778 0.12967032967032968 0.16111111111111112
0 0.46263736263736266 0.6059027777777778 0.008791208791208791 0.010416666666666668
0 0.45164835164835165 0.5815972222222222 0.020879120879120878 0.02013888888888889
0 0.42005494505494506 0.5524305555555555 0.10164835164835165 0.1326388888888889
0 0.47307692307692306 0.6097222222222223 0.11648351648351649 0.14444444444444446
0 0.37637362637362637 0.49756944444444445 0.5461538461538461 0.6756944444444445
0 0.43626373626373627 0.5701388888888889 0.34285714285714286 0.44722222222222224
0 0.3 0.3944444444444445 0.34835164835164834 0.45
