0 0.2255859375 0.4326388888888889 0.067578125 0.11666666666666667
0 0.1908203125 0.36388888888888893 0.005859375 0.016666666666666666
0 0.18125000000000002 0.35000000000000003 0.017968750000000002 0.02361111111111111
0 0.34121093750000003 0.6263888888888889 0.273046875 0.48055555555555557
0 0.38613281250000003 0.7107638888888889 0.186328125 0.33125
0 0.31640625 0.5899305555555556 0.13593750000000002 0.23125
0 0.2546875 0.4746527777777778 0.36484375 0.670138888888889
0 0.27285156250000003 0.5079861111111111 0.284765625 0.5256944444444445
0 0.32441406250000004 0.6010416666666667 0.221484375 0.40625
0 0.501953125 0.9197916666666667 0.003125 0.004861111111111111
0 0.51171875 0.9381944444444444 0.046875 0.09722222222222222
0 0.4140625 0.7618055555555556 0.096875 0.19444444444444445
0 0.4294921875 0.7875 0.532421875 0.9555555555555556
