0 0.4693359375 0.8465277777777778 0.037109375 0.061111111111111116
0 0.4107421875 0.7399305555555555 0.487109375 0.8729166666666667
0 0.5390625 0.9694444444444444 0.30390625000000004 0.5361111111111111
0 0.5462890625 0.9822916666666667 0.302734375 0.5381944444444444
0 0.548828125 0.9819444444444445 0.31015625 0.5472222222222223
0 0.33242187500000003 0.5996527777777778 0.09375 0.16875
0 0.2361328125 0.43159722222222224 0.029296875 0.06319444444444444
0 0.49257812500000003 0.8878472222222222 0.07187500000000001 0.11875000000000001
0 0.49648437500000003 0.8909722222222223 0.07265625 0.12361111111111112
0 0.49238281250000004 0.8791666666666667 0.072265625 0.12916666666666668
0 0.1337890625 0.24930555555555556 0.12382812500000001 0.23194444444444445
0 0.21308593750000002 0.39166666666666666 0.069140625 0.12638888888888888
0 0.212890625 0.3861111111111111 0.07890625000000001 0.13472222222222222
0 0.2431640625 0.4430555555555556 0.037890625000000004 0.058333333333333334
0 0.33632812500000003 0.6059027777777778 0.09921875000000001 0.1701388888888889
0 0.2603515625 0.47534722222222225 0.36367187500000003 0.6395833333333334
0 0.5345703125 0.9611111111111111 0.30117187500000003 0.5277777777777778
0 0.19257812500000002 0.3579861111111111 0.05390625 0.09236111111111112
0 0.46210937500000004 0.8309027777777778 0.03671875 0.07013888888888889
0 0.48457031250000004 0.8753472222222223 0.119140625 0.19652777777777777
0 0.390625 0.7076388888888889 0.07578125000000001 0.14583333333333334
0 0.4130859375 0.7434027777777779 0.114453125 0.21180555555555555
0 0.38222656250000003 0.6916666666666667 0.121484375 0.225
0 0.31093750000000003 0.5642361111111112 0.309375 0.5590277777777778
0 0.2677734375 0.48958333333333337 0.452734375 0.8166666666666667
0 0.427734375 0.7680555555555556 0.51953125 0.9305555555555556
0 0.456640625 0.8302083333333333 0.453125 0.8118055555555556
0 0.4703125 0.8444444444444444 0.5296875 0.9486111111111112
0 0.4736328125 0.8538194444444445 0.516796875 0.9284722222222223
0 0.4771484375 0.8621527777777778 0.41914062500000004 0.7340277777777778
0 0.2158203125 0.39340277777777777 0.056640625 0.10208333333333333
