0 0.242578125 0.4618055555555556 0.07109375 0.13472222222222222
0 0.18183593750000002 0.34756944444444443 0.016796875 0.0076388888888888895
0 0.1537109375 0.29618055555555556 0.118359375 0.21736111111111112
0 0.2931640625 0.5461805555555556 0.164453125 0.2826388888888889
0 0.32460937500000003 0.5951388888888889 0.2703125 0.4902777777777778
0 0.3271484375 0.6097222222222223 0.286328125 0.5166666666666667
0 0.338671875 0.6267361111111112 0.25078125 0.44930555555555557
0 0.33320312500000004 0.6142361111111111 0.234375 0.42986111111111114
0 0.2732421875 0.5079861111111111 0.280859375 0.48680555555555555
0 0.4609375 0.8461805555555556 0.053125000000000006 0.08680555555555555
0 0.5076171875000001 0.9305555555555556 0.083203125 0.1638888888888889
0 0.5103515625 0.9385416666666667 0.066796875 0.12291666666666667
0 0.4306640625 0.7899305555555556 0.5378906250000001 0.9395833333333333
0 0.5421875 0.9892361111111111 0.2 0.34375
