0 0.29395604395604397 0.39687500000000003 0.017582417582417582 0.02291666666666667
0 0.246978021978022 0.3392361111111111 0.12362637362637363 0.14652777777777778
0 0.17445054945054944 0.24479166666666669 0.08846153846153847 0.12152777777777778
0 0.41923076923076924 0.55 0.3989010989010989 0.5083333333333333
0 0.43021978021978025 0.5673611111111111 0.4021978021978022 0.48888888888888893
0 0.367032967032967 0.4857638888888889 0.24395604395604395 0.3104166666666667
0 0.4604395604395604 0.6072916666666667 0.7714285714285715 0.9923611111111111
0 0.4766483516483516 0.6253472222222223 0.7818681318681319 0.9923611111111111
0 0.47637362637362635 0.6260416666666667 0.7747252747252747 0.9756944444444445
0 0.6307692307692307 0.81875 0.33406593406593404 0.43472222222222223
0 0.6164835164835165 0.8065972222222223 0.24835164835164836 0.3090277777777778
0 0.6357142857142857 0.8260416666666667 0.17362637362637362 0.20069444444444445
0 0.4554945054945055 0.6013888888888889 0.24175824175824176 0.3263888888888889
0 0.492032967032967 0.6486111111111111 0.28736263736263734 0.36388888888888893
0 0.5629120879120879 0.7378472222222222 0.21813186813186813 0.2798611111111111
0 0.3925824175824176 0.5208333333333334 0.39285714285714285 0.5083333333333333
0 0.3730769230769231 0.4986111111111111 0.4879120879120879 0.6027777777777777
0 0.3222527472527473 0.43506944444444445 0.2434065934065934 0.30625
