0 0.2673076923076923 0.36041666666666666 0.1434065934065934 0.16111111111111112
0 0.25576923076923075 0.34618055555555555 0.16428571428571428 0.18680555555555556
0 0.15989010989010988 0.22881944444444446 0.04065934065934066 0.043750000000000004
0 0.3065934065934066 0.409375 0.20659340659340658 0.2604166666666667
0 0.3403846153846154 0.4496527777777778 0.37747252747252746 0.48541666666666666
0 0.4458791208791209 0.5885416666666667 0.3401098901098901 0.4104166666666667
0 0.45714285714285713 0.6003472222222223 0.6472527472527473 0.8256944444444445
0 0.47335164835164834 0.6204861111111112 0.639010989010989 0.7868055555555555
0 0.5409340659340659 0.7052083333333333 0.739010989010989 0.9534722222222223
0 0.7491758241758242 0.9715277777777778 0.25769230769230766 0.3180555555555556
0 0.7241758241758242 0.9392361111111112 0.12527472527472527 0.17847222222222223
0 0.6156593406593407 0.8027777777777778 0.29835164835164835 0.3819444444444445
0 0.5557692307692308 0.7253472222222223 0.16538461538461538 0.19652777777777777
0 0.570054945054945 0.7489583333333334 0.18296703296703296 0.22708333333333333
0 0.5002747252747253 0.6559027777777778 0.19395604395604396 0.22291666666666668
0 0.39285714285714285 0.5208333333333334 0.31648351648351647 0.41250000000000003
0 0.3354395604395604 0.4482638888888889 0.42142857142857143 0.5534722222222223
0 0.26675824175824175 0.36388888888888893 0.4379120879120879 0.5750000000000001
