0 0.16181318681318682 0.22395833333333334 0.09945054945054944 0.13541666666666669
0 0.15604395604395604 0.21805555555555556 0.00989010989010989 0.004166666666666667
0 0.15989010989010988 0.22430555555555556 0.056043956043956046 0.08611111111111111
0 0.425 0.5565972222222223 0.38846153846153847 0.4881944444444445
0 0.4431318681318681 0.5826388888888889 0.3346153846153846 0.41805555555555557
0 0.43873626373626373 0.5788194444444444 0.1576923076923077 0.21458333333333335
0 0.47417582417582416 0.6204861111111112 0.7626373626373626 0.9729166666666667
0 0.45989010989010987 0.6090277777777778 0.778021978021978 0.9902777777777778
0 0.44065934065934065 0.5805555555555556 0.756043956043956 0.9652777777777778
0 0.7431318681318682 0.967013888888889 0.3554945054945055 0.43125
0 0.6722527472527473 0.8774305555555556 0.11923076923076924 0.14375000000000002
0 0.6307692307692307 0.8177083333333334 0.32857142857142857 0.4215277777777778
0 0.5763736263736263 0.7548611111111111 0.012087912087912088 0.030555555555555558
0 0.4785714285714286 0.6315972222222223 0.22087912087912087 0.2868055555555556
0 0.515934065934066 0.6791666666666667 0.2714285714285714 0.34444444444444444
0 0.2997252747252747 0.4045138888888889 0.2774725274725275 0.3506944444444445
0 0.33104395604395603 0.44201388888888893 0.39615384615384613 0.49097222222222225
0 0.321978021978022 0.4295138888888889 0.432967032967033 0.5326388888888889
