0 0.12087912087912088 0.171875 0.0956043956043956 0.13541666666666669
0 0.24725274725274726 0.33263888888888893 0.00989010989010989 0.001388888888888889
0 0.2173076923076923 0.2899305555555556 0.0521978021978022 0.05347222222222223
0 0.22087912087912087 0.2902777777777778 0.013186813186813187 0.02361111111111111
0 0.2282967032967033 0.30625 0.23131868131868133 0.2777777777777778
0 0.38956043956043956 0.5100694444444445 0.17252747252747253 0.23402777777777778
0 0.3291208791208791 0.43368055555555557 0.1043956043956044 0.12847222222222224
0 0.2774725274725275 0.36458333333333337 0.2879120879120879 0.3597222222222222
0 0.5554945054945055 0.71875 0.5351648351648352 0.6916666666666667
0 0.5096153846153846 0.6625 0.4796703296703297 0.6138888888888889
0 0.4392857142857143 0.5708333333333333 0.548901098901099 0.6847222222222222
0 0.5667582417582417 0.7333333333333334 0.6302197802197802 0.8
0 0.5634615384615385 0.7246527777777778 0.6170329670329671 0.7854166666666667
0 0.4351648351648352 0.5670138888888889 0.7230769230769231 0.9256944444444445
0 0.47884615384615387 0.6208333333333333 0.7796703296703297 0.9916666666666667
0 0.5763736263736263 0.7468750000000001 0.37362637362637363 0.4743055555555556
0 0.5695054945054945 0.7388888888888889 0.360989010989011 0.45416666666666666
0 0.6277472527472527 0.8076388888888889 0.41813186813186815 0.5291666666666667
0 0.6758241758241759 0.8690972222222223 0.14065934065934066 0.18680555555555556
0 0.6626373626373626 0.857638888888889 0.12747252747252746 0.17500000000000002
0 0.6656593406593406 0.8548611111111112 0.1401098901098901 0.18472222222222223
0 0.7184065934065934 0.9177083333333333 0.2510989010989011 0.31875000000000003
0 0.6972527472527472 0.8986111111111111 0.42857142857142855 0.5305555555555556
0 0.4063186813186813 0.5322916666666667 0.013736263736263736 0.0076388888888888895
0 0.40604395604395604 0.529513888888889 0.005494505494505494 0.010416666666666668
0 0.5285714285714286 0.6843750000000001 0.02967032967032967 0.02847222222222222
0 0.49725274725274726 0.640625 0.18681318681318682 0.23958333333333334
0 0.40384615384615385 0.5326388888888889 0.32967032967032966 0.4388888888888889
0 0.37637362637362637 0.49375 0.3087912087912088 0.4
0 0.3760989010989011 0.48958333333333337 0.28626373626373625 0.36944444444444446
0 0.37857142857142856 0.4902777777777778 0.3021978021978022 0.3888888888888889
0 0.2653846153846154 0.34861111111111115 0.3032967032967033 0.3875
