0 0.42005494505494506 0.5482638888888889 0.48516483516483516 0.6034722222222223
0 0.2664835164835165 0.353125 0.3868131868131868 0.4743055555555556
0 0.27307692307692305 0.3548611111111111 0.38351648351648354 0.4902777777777778
0 0.28186813186813187 0.3767361111111111 0.3032967032967033 0.36458333333333337
0 0.4620879120879121 0.6038194444444445 0.20549450549450549 0.26875
0 0.5958791208791209 0.773263888888889 0.033516483516483515 0.03819444444444445
0 0.5497252747252748 0.7152777777777778 0.07527472527472527 0.07916666666666666
0 0.4403846153846154 0.5684027777777778 0.008241758241758242 0.017361111111111112
0 0.45989010989010987 0.5909722222222222 0.10989010989010989 0.14166666666666666
0 0.47527472527472525 0.6145833333333334 0.008791208791208791 0.015277777777777779
0 0.15274725274725276 0.2111111111111111 0.09010989010989011 0.12916666666666668
0 0.24752747252747254 0.33194444444444443 0.1489010989010989 0.19722222222222224
0 0.21428571428571427 0.2902777777777778 0.04395604395604395 0.04722222222222222
0 0.2989010989010989 0.39583333333333337 0.2098901098901099 0.26944444444444443
0 0.3293956043956044 0.4395833333333333 0.10274725274725274 0.14027777777777778
0 0.3994505494505495 0.5277777777777778 0.22747252747252747 0.2986111111111111
0 0.5239010989010989 0.6833333333333333 0.7697802197802198 0.976388888888889
0 0.5175824175824176 0.6659722222222223 0.7582417582417582 0.9541666666666667
0 0.5145604395604395 0.6729166666666667 0.7071428571428572 0.9083333333333333
0 0.5623626373626374 0.7229166666666667 0.6554945054945055 0.8236111111111112
0 0.5763736263736263 0.7392361111111111 0.6373626373626373 0.8090277777777778
0 0.5774725274725274 0.753125 0.5373626373626373 0.7020833333333334
0 0.6420329670329671 0.8270833333333334 0.1478021978021978 0.1763888888888889
0 0.6299450549450549 0.8118055555555556 0.1401098901098901 0.16527777777777777
0 0.6076923076923076 0.7822916666666667 0.2098901098901099 0.2520833333333333
0 0.5857142857142857 0.7607638888888889 0.3747252747252747 0.4756944444444445
0 0.6881868131868132 0.8881944444444445 0.24010989010989012 0.3125
0 0.6302197802197802 0.8104166666666667 0.2868131868131868 0.3597222222222222
0 0.4431318681318681 0.5784722222222223 0.07197802197802197 0.1
0 0.4326923076923077 0.56875 0.582967032967033 0.7305555555555556
