0 0.2876373626373626 0.38958333333333334 0.08516483516483517 0.09305555555555556
0 0.1771978021978022 0.24618055555555557 0.02142857142857143 0.0076388888888888895
0 0.210989010989011 0.28958333333333336 0.15274725274725276 0.20416666666666666
0 0.3901098901098901 0.51875 0.11868131868131868 0.15694444444444444
0 0.4541208791208791 0.596875 0.19395604395604396 0.2548611111111111
0 0.446978021978022 0.5854166666666667 0.3269230769230769 0.4222222222222222
0 0.48434065934065934 0.6347222222222223 0.7818681318681319 0.9958333333333333
0 0.49725274725274726 0.6534722222222222 0.7802197802197802 0.9791666666666667
0 0.43021978021978025 0.5649305555555556 0.7351648351648352 0.9465277777777779
0 0.7571428571428571 0.9805555555555556 0.21978021978021978 0.2625
0 0.634065934065934 0.8253472222222222 0.1945054945054945 0.22430555555555556
0 0.6354395604395604 0.8222222222222223 0.17637362637362639 0.20972222222222223
0 0.5818681318681319 0.7625000000000001 0.12087912087912088 0.14305555555555557
0 0.5263736263736264 0.6916666666666667 0.15384615384615385 0.18611111111111112
0 0.5263736263736264 0.6927083333333334 0.27912087912087913 0.3493055555555556
0 0.4013736263736264 0.5322916666666667 0.428021978021978 0.5270833333333333
0 0.37747252747252746 0.5027777777777778 0.49230769230769234 0.6027777777777777
0 0.32774725274725275 0.44062500000000004 0.5126373626373626 0.64375
