0 0.2123046875 0.4010416666666667 0.0027343750000000003 0.0006944444444444445
0 0.20859375000000002 0.3979166666666667 0.13046875 0.2111111111111111
0 0.16855468750000002 0.3295138888888889 0.087890625 0.15208333333333335
0 0.32949218750000003 0.6079861111111111 0.11210937500000001 0.1840277777777778
0 0.35585937500000003 0.6541666666666667 0.07734375 0.15555555555555556
0 0.3796875 0.7010416666666667 0.20625000000000002 0.3576388888888889
0 0.316015625 0.584375 0.23359375000000002 0.4326388888888889
0 0.2994140625 0.5572916666666667 0.30898437500000003 0.5673611111111111
0 0.3072265625 0.5736111111111112 0.37617187500000004 0.6763888888888889
0 0.45703125 0.8329861111111111 0.05078125 0.09652777777777778
0 0.5072265625 0.9298611111111111 0.106640625 0.17083333333333334
0 0.47734375 0.8739583333333334 0.15156250000000002 0.2465277777777778
0 0.4326171875 0.7958333333333334 0.5105468750000001 0.9125000000000001
