0 0.4728021978021978 0.615625 0.10824175824175825 0.14375000000000002
0 0.5107142857142857 0.6618055555555555 0.13681318681318683 0.16527777777777777
0 0.5898351648351648 0.76875 0.028021978021978023 0.051388888888888894
0 0.5425824175824175 0.7010416666666667 0.10824175824175825 0.12986111111111112
0 0.7447802197802198 0.9572916666666667 0.2796703296703297 0.35347222222222224
0 0.653021978021978 0.8371527777777779 0.1445054945054945 0.17708333333333334
0 0.6296703296703297 0.8100694444444445 0.13626373626373625 0.16597222222222222
0 0.6104395604395605 0.7868055555555555 0.17912087912087912 0.21805555555555556
0 0.6810439560439561 0.8736111111111111 0.16758241758241757 0.20555555555555557
0 0.5884615384615385 0.7652777777777778 0.5989010989010989 0.7430555555555556
0 0.45384615384615384 0.5958333333333333 0.4956043956043956 0.6041666666666667
0 0.4543956043956044 0.5923611111111111 0.5175824175824176 0.638888888888889
0 0.43626373626373627 0.571875 0.5703296703296703 0.7270833333333334
0 0.47445054945054943 0.6142361111111111 0.47527472527472525 0.6090277777777778
0 0.3994505494505495 0.5201388888888889 0.3098901098901099 0.40555555555555556
0 0.3412087912087912 0.45 0.3637362637362637 0.4791666666666667
0 0.3217032967032967 0.4170138888888889 0.15 0.1826388888888889
0 0.2519230769230769 0.33194444444444443 0.3269230769230769 0.42083333333333334
0 0.23873626373626375 0.31666666666666665 0.22802197802197802 0.275
0 0.225 0.30208333333333337 0.2554945054945055 0.31527777777777777
0 0.22554945054945055 0.29756944444444444 0.260989010989011 0.32708333333333334
0 0.23351648351648352 0.30868055555555557 0.14835164835164835 0.1826388888888889
0 0.13021978021978023 0.1798611111111111 0.01868131868131868 0.016666666666666666
0 0.36840659340659343 0.4826388888888889 0.5115384615384615 0.6541666666666667
0 0.40054945054945057 0.5222222222222223 0.5131868131868131 0.6486111111111111
0 0.289010989010989 0.3854166666666667 0.41318681318681316 0.525
