0 0.4703296703296703 0.6229166666666667 0.34395604395604396 0.4305555555555556
0 0.4620879120879121 0.6135416666666667 0.29010989010989013 0.36736111111111114
0 0.36813186813186816 0.49618055555555557 0.34395604395604396 0.4256944444444445
0 0.3271978021978022 0.44201388888888893 0.019230769230769232 0.02291666666666667
0 0.317032967032967 0.4274305555555556 0.11318681318681319 0.12291666666666667
0 0.32362637362637364 0.43194444444444446 0.26153846153846155 0.3236111111111111
0 0.47307692307692306 0.6263888888888889 0.3021978021978022 0.4013888888888889
0 0.5373626373626373 0.7083333333333334 0.002197802197802198 0.005555555555555556
0 0.5318681318681319 0.6989583333333333 0.189010989010989 0.22847222222222224
0 0.6181318681318682 0.8052083333333334 0.11098901098901098 0.12291666666666667
0 0.7395604395604396 0.9552083333333333 0.1879120879120879 0.24930555555555556
0 0.6596153846153846 0.8572916666666667 0.41703296703296705 0.5395833333333333
0 0.6717032967032966 0.8743055555555556 0.45989010989010987 0.6041666666666667
0 0.33296703296703295 0.44270833333333337 0.3901098901098901 0.5131944444444445
0 0.4623626373626374 0.6104166666666667 0.6763736263736264 0.8444444444444444
0 0.5945054945054945 0.7760416666666667 0.7164835164835165 0.8868055555555556
0 0.24670329670329672 0.3385416666666667 0.17362637362637362 0.22430555555555556
