0 0.1631868131868132 0.22881944444444446 0.04725274725274725 0.06597222222222222
0 0.15027472527472527 0.21597222222222223 0.036813186813186814 0.05277777777777778
0 0.2043956043956044 0.2847222222222222 0.13296703296703297 0.16527777777777777
0 0.39697802197802196 0.5243055555555556 0.28736263736263734 0.3541666666666667
0 0.47307692307692306 0.6260416666666667 0.26593406593406593 0.33958333333333335
0 0.42554945054945054 0.5545138888888889 0.3873626373626374 0.47847222222222224
0 0.46785714285714286 0.61875 0.7928571428571428 0.9972222222222222
0 0.4631868131868132 0.6086805555555556 0.7791208791208791 0.9881944444444445
0 0.4686813186813187 0.615625 0.765934065934066 0.982638888888889
0 0.656043956043956 0.8482638888888889 0.3659340659340659 0.4715277777777778
0 0.7038461538461539 0.915625 0.12087912087912088 0.14930555555555555
0 0.7019230769230769 0.9128472222222223 0.11043956043956044 0.13819444444444445
0 0.5862637362637363 0.7697916666666667 0.16813186813186815 0.20902777777777778
0 0.576098901098901 0.7552083333333334 0.22362637362637364 0.2715277777777778
0 0.5486263736263737 0.71875 0.2774725274725275 0.33333333333333337
0 0.3107142857142857 0.41875 0.4543956043956044 0.5819444444444445
0 0.34505494505494505 0.465625 0.24285714285714285 0.3090277777777778
0 0.3769230769230769 0.5003472222222223 0.4835164835164835 0.6104166666666667
