0 0.24296875 0.4607638888888889 0.21015625000000002 0.36458333333333337
0 0.2681640625 0.5076388888888889 0.15351562500000002 0.25416666666666665
0 0.2205078125 0.415625 0.033203125 0.05902777777777778
0 0.323046875 0.5993055555555555 0.017968750000000002 0.019444444444444445
0 0.3330078125 0.6204861111111112 0.162109375 0.2923611111111111
0 0.3697265625 0.6805555555555556 0.172265625 0.2833333333333333
0 0.33046875000000003 0.6138888888888889 0.278125 0.49444444444444446
0 0.371875 0.6892361111111112 0.44062500000000004 0.7743055555555556
0 0.37246093750000003 0.6888888888888889 0.451953125 0.7902777777777779
0 0.49160156250000003 0.9027777777777778 0.18476562500000002 0.3138888888888889
0 0.4380859375 0.8111111111111111 0.16757812500000002 0.3111111111111111
0 0.42128906250000003 0.7763888888888889 0.132421875 0.2652777777777778
0 0.501953125 0.9184027777777778 0.55 0.9895833333333334
