0 0.19862637362637361 0.26875 0.12582417582417582 0.14722222222222223
0 0.19505494505494506 0.25833333333333336 0.0967032967032967 0.11666666666666667
0 0.19175824175824177 0.26319444444444445 0.23076923076923078 0.29444444444444445
0 0.1467032967032967 0.20034722222222223 0.210989010989011 0.2798611111111111
0 0.10521978021978022 0.14722222222222223 0.05 0.0763888888888889
0 0.20576923076923076 0.2704861111111111 0.019230769230769232 0.02013888888888889
0 0.3791208791208791 0.4982638888888889 0.15494505494505495 0.21041666666666667
0 0.24725274725274726 0.32708333333333334 0.22747252747252747 0.28611111111111115
0 0.24313186813186813 0.3236111111111111 0.22802197802197802 0.28611111111111115
0 0.41483516483516486 0.5385416666666667 0.5791208791208792 0.7423611111111111
0 0.4260989010989011 0.5506944444444445 0.6203296703296703 0.7736111111111111
0 0.4217032967032967 0.5458333333333334 0.6401098901098901 0.8041666666666667
0 0.41016483516483515 0.5329861111111112 0.6247252747252747 0.7923611111111112
0 0.41126373626373625 0.5350694444444445 0.6510989010989011 0.8215277777777779
0 0.4063186813186813 0.5322916666666667 0.6489010989010989 0.8173611111111111
0 0.41098901098901097 0.5309027777777778 0.6615384615384615 0.8395833333333333
0 0.42445054945054944 0.55 0.7203296703296703 0.9166666666666667
0 0.5664835164835165 0.7354166666666667 0.545054945054945 0.6902777777777778
0 0.5717032967032967 0.7416666666666667 0.27087912087912086 0.3375
0 0.6071428571428571 0.7805555555555556 0.15494505494505495 0.19861111111111113
0 0.6192307692307693 0.7965277777777778 0.15384615384615385 0.18888888888888888
0 0.5903846153846154 0.7572916666666667 0.3598901098901099 0.45069444444444445
0 0.5895604395604396 0.7583333333333334 0.34835164835164834 0.43194444444444446
0 0.6013736263736263 0.7784722222222222 0.36538461538461536 0.4569444444444445
0 0.5848901098901099 0.7493055555555556 0.39285714285714285 0.5013888888888889
0 0.5961538461538461 0.7684027777777778 0.4197802197802198 0.5437500000000001
0 0.6101648351648352 0.7826388888888889 0.37747252747252746 0.48194444444444445
0 0.7368131868131869 0.9510416666666667 0.3054945054945055 0.3715277777777778
0 0.685989010989011 0.8784722222222222 0.2653846153846154 0.3375
0 0.6884615384615385 0.8927083333333333 0.44065934065934065 0.5631944444444444
0 0.6244505494505495 0.8052083333333334 0.12582417582417582 0.14791666666666667
0 0.5510989010989011 0.7149305555555556 0.13296703296703297 0.16458333333333333
0 0.492032967032967 0.6368055555555556 0.20934065934065935 0.27083333333333337
0 0.4887362637362637 0.634375 0.21703296703296704 0.27708333333333335
0 0.41208791208791207 0.5336805555555556 0.11538461538461539 0.14652777777777778
0 0.48214285714285715 0.6208333333333333 0.13791208791208792 0.18333333333333335
0 0.325 0.43506944444444445 0.22362637362637364 0.2923611111111111
0 0.2906593406593407 0.37743055555555555 0.26043956043956046 0.3284722222222222
0 0.3791208791208791 0.4916666666666667 0.2945054945054945 0.3680555555555556
0 0.4118131868131868 0.5434027777777778 0.4247252747252747 0.5368055555555555
