0 0.4035714285714286 0.5298611111111111 0.22582417582417583 0.28611111111111115
0 0.41208791208791207 0.5378472222222223 0.30439560439560437 0.3965277777777778
0 0.5318681318681319 0.6885416666666667 0.12197802197802197 0.16597222222222222
0 0.5164835164835165 0.6680555555555556 0.08351648351648351 0.11111111111111112
0 0.47692307692307695 0.6180555555555556 0.17472527472527472 0.22916666666666669
0 0.44175824175824174 0.576388888888889 0.13186813186813187 0.16111111111111112
0 0.32994505494505494 0.43680555555555556 0.39175824175824175 0.5097222222222222
0 0.3392857142857143 0.4461805555555556 0.3862637362637363 0.48541666666666666
0 0.3096153846153846 0.40868055555555555 0.49835164835164836 0.6465277777777778
0 0.2563186813186813 0.33819444444444446 0.20494505494505494 0.2625
0 0.22747252747252747 0.29930555555555555 0.15494505494505495 0.20277777777777778
0 0.25851648351648354 0.34444444444444444 0.03461538461538462 0.05694444444444444
0 0.11758241758241758 0.16493055555555555 0.031868131868131866 0.027083333333333334
0 0.5802197802197803 0.7548611111111111 0.5395604395604395 0.6930555555555555
0 0.4815934065934066 0.6236111111111111 0.4631868131868132 0.5916666666666667
0 0.46895604395604396 0.6142361111111111 0.7598901098901099 0.9715277777777778
0 0.6991758241758241 0.8968750000000001 0.1510989010989011 0.18541666666666667
0 0.6881868131868132 0.8833333333333334 0.1510989010989011 0.1902777777777778
0 0.6406593406593406 0.8246527777777778 0.17032967032967034 0.2215277777777778
0 0.6285714285714286 0.8093750000000001 0.13736263736263737 0.16041666666666668
