0 0.278125 0.5184027777777778 0.029687500000000002 0.03680555555555556
0 0.2759765625 0.5131944444444445 0.06601562500000001 0.10833333333333334
0 0.29296875 0.5416666666666667 0.059375000000000004 0.11527777777777778
0 0.19785156250000002 0.37222222222222223 0.14960937500000002 0.2791666666666667
0 0.1419921875 0.2711805555555556 0.065234375 0.09791666666666667
0 0.14179687500000002 0.26944444444444443 0.07734375 0.12222222222222223
0 0.328125 0.6038194444444445 0.1171875 0.20069444444444445
0 0.40839843750000004 0.7461805555555556 0.098828125 0.1951388888888889
0 0.27480468750000003 0.5086805555555556 0.429296875 0.7826388888888889
0 0.29765625 0.5496527777777778 0.49296875 0.8729166666666667
0 0.30507812500000003 0.5586805555555556 0.51171875 0.8965277777777778
0 0.3689453125 0.6770833333333334 0.31757812500000004 0.5875
0 0.453125 0.8243055555555556 0.275 0.47222222222222227
0 0.3865234375 0.7135416666666667 0.140234375 0.24375000000000002
0 0.46035156250000003 0.8361111111111111 0.038671875 0.08611111111111111
0 0.4712890625 0.8611111111111112 0.044921875 0.08333333333333334
0 0.512890625 0.9343750000000001 0.014843750000000001 0.04236111111111111
0 0.4703125 0.8534722222222223 0.48750000000000004 0.851388888888889
0 0.47871093750000004 0.8694444444444445 0.472265625 0.8222222222222223
0 0.543359375 0.984375 0.3921875 0.7159722222222222
