0 0.15976562500000002 0.3041666666666667 0.09453125000000001 0.17916666666666667
0 0.1697265625 0.31909722222222225 0.230859375 0.4256944444444445
0 0.22871093750000002 0.43020833333333336 0.025390625 0.03958333333333333
0 0.241015625 0.44895833333333335 0.03671875 0.08263888888888889
0 0.3064453125 0.5673611111111111 0.072265625 0.12083333333333333
0 0.30078125 0.5576388888888889 0.17343750000000002 0.29583333333333334
0 0.31269531250000004 0.5760416666666667 0.189453125 0.3493055555555556
0 0.26503906250000003 0.49583333333333335 0.351171875 0.6277777777777778
0 0.2673828125 0.4979166666666667 0.42226562500000003 0.7694444444444445
0 0.24726562500000002 0.4586805555555556 0.42109375000000004 0.7395833333333334
0 0.3935546875 0.7225694444444445 0.362109375 0.6409722222222223
0 0.39453125 0.7288194444444445 0.31093750000000003 0.5423611111111112
0 0.4189453125 0.7642361111111111 0.156640625 0.29375
0 0.4322265625 0.7899305555555556 0.006640625000000001 0.0076388888888888895
0 0.44960937500000003 0.8229166666666667 0.015625 0.020833333333333336
0 0.4705078125 0.8559027777777778 0.10429687500000001 0.16875
0 0.5322265625 0.9684027777777778 0.40351562500000004 0.7409722222222223
0 0.5166015625 0.9444444444444445 0.45429687500000004 0.8041666666666667
0 0.53515625 0.9736111111111111 0.5453125 0.976388888888889
