0 0.2736328125 0.5090277777777777 0.037890625000000004 0.0625
0 0.2138671875 0.39583333333333337 0.005859375 0.016666666666666666
0 0.1443359375 0.28125 0.072265625 0.12083333333333333
0 0.16484375 0.3111111111111111 0.15859375 0.26805555555555555
0 0.16425781250000002 0.3107638888888889 0.174609375 0.3090277777777778
0 0.32656250000000003 0.5982638888888889 0.16718750000000002 0.28541666666666665
0 0.3671875 0.6708333333333334 0.1 0.19583333333333333
0 0.34375 0.6302083333333334 0.25234375000000003 0.46319444444444446
0 0.39921875 0.7364583333333333 0.20546875 0.3548611111111111
0 0.4126953125 0.7552083333333334 0.13789062500000002 0.2534722222222222
0 0.45859375 0.8322916666666667 0.0390625 0.08541666666666667
0 0.48183593750000003 0.8770833333333333 0.055859375 0.07916666666666666
0 0.49238281250000004 0.8968750000000001 0.087109375 0.13819444444444445
0 0.296484375 0.5434027777777778 0.40234375 0.7034722222222223
0 0.2900390625 0.5371527777777778 0.519140625 0.9326388888888889
0 0.23593750000000002 0.43819444444444444 0.38593750000000004 0.6708333333333334
0 0.5328125 0.967013888888889 0.384375 0.7020833333333334
0 0.49824218750000004 0.909375 0.43476562500000004 0.7743055555555556
0 0.397265625 0.725 0.565625 0.9861111111111112
