0 0.1748046875 0.33611111111111114 0.0074218750000000005 0.002777777777777778
0 0.2302734375 0.4357638888888889 0.069140625 0.12847222222222224
0 0.2001953125 0.38298611111111114 0.127734375 0.23680555555555557
0 0.37812500000000004 0.6965277777777779 0.16328125000000002 0.28194444444444444
0 0.3474609375 0.6420138888888889 0.244140625 0.4465277777777778
0 0.33359375 0.61875 0.2515625 0.45
0 0.306640625 0.5684027777777778 0.384375 0.6756944444444445
0 0.2759765625 0.5149305555555556 0.38007812500000004 0.6923611111111111
0 0.2580078125 0.48194444444444445 0.380859375 0.6875
0 0.416015625 0.7680555555555556 0.0859375 0.15833333333333333
0 0.44257812500000004 0.8135416666666667 0.1203125 0.22013888888888888
0 0.47578125000000004 0.8711805555555556 0.0078125 0.013194444444444444
0 0.4228515625 0.78125 0.539453125 0.9333333333333333
0 0.455078125 0.8375 0.50234375 0.8902777777777778
0 0.5365234375 0.976388888888889 0.39101562500000003 0.7138888888888889
