0 0.2294921875 0.42673611111111115 0.058984375000000006 0.11875000000000001
0 0.2220703125 0.4170138888888889 0.012109375 0.027083333333333334
0 0.302734375 0.5586805555555556 0.09140625000000001 0.13958333333333334
0 0.3359375 0.6166666666666667 0.2 0.375
0 0.35195312500000003 0.6482638888888889 0.04609375 0.07569444444444445
0 0.1791015625 0.34097222222222223 0.164453125 0.3041666666666667
0 0.1619140625 0.30694444444444446 0.220703125 0.39166666666666666
0 0.1212890625 0.23402777777777778 0.102734375 0.16805555555555557
0 0.433203125 0.7902777777777779 0.18359375 0.34305555555555556
0 0.3728515625 0.6888888888888889 0.19492187500000002 0.3416666666666667
0 0.33417968750000004 0.6152777777777778 0.241015625 0.4375
0 0.2986328125 0.5437500000000001 0.505078125 0.8986111111111111
0 0.2990234375 0.5503472222222222 0.523828125 0.9159722222222223
0 0.26875 0.4979166666666667 0.31875000000000003 0.55
0 0.52890625 0.9604166666666667 0.0765625 0.11805555555555557
0 0.5339843750000001 0.9711805555555556 0.05234375 0.10486111111111111
0 0.44648437500000004 0.815625 0.00390625 0.010416666666666668
0 0.5378906250000001 0.9770833333333334 0.49921875000000004 0.8694444444444445
0 0.509375 0.9253472222222222 0.45390625 0.820138888888889
0 0.4693359375 0.8527777777777779 0.48867187500000003 0.85
0 0.4697265625 0.8534722222222223 0.498828125 0.8986111111111111
0 0.42128906250000003 0.7673611111111112 0.536328125 0.951388888888889
