0 0.11318681318681319 0.15833333333333333 0.03956043956043956 0.04861111111111111
0 0.21703296703296704 0.29444444444444445 0.24505494505494504 0.30694444444444446
0 0.2412087912087912 0.31875000000000003 0.08351648351648351 0.1125
0 0.1967032967032967 0.2638888888888889 0.07032967032967033 0.08750000000000001
0 0.2552197802197802 0.33472222222222225 0.19285714285714287 0.23611111111111113
0 0.3118131868131868 0.4065972222222222 0.4346153846153846 0.5576388888888889
0 0.3335164835164835 0.4354166666666667 0.4593406593406593 0.5791666666666667
0 0.4282967032967033 0.5572916666666667 0.5631868131868132 0.7076388888888889
0 0.4445054945054945 0.5756944444444445 0.5428571428571428 0.6833333333333333
0 0.43626373626373627 0.5652777777777778 0.6406593406593406 0.8194444444444445
0 0.4126373626373626 0.534375 0.621978021978022 0.7965277777777778
0 0.4747252747252747 0.6145833333333334 0.7791208791208791 0.9833333333333334
0 0.489010989010989 0.6322916666666667 0.7186813186813187 0.9215277777777778
0 0.4947802197802198 0.640625 0.6258241758241758 0.7798611111111111
0 0.5263736263736264 0.6815972222222223 0.7527472527472527 0.9437500000000001
0 0.5370879120879121 0.6944444444444444 0.762087912087912 0.9583333333333334
0 0.6978021978021978 0.8979166666666667 0.3912087912087912 0.4902777777777778
0 0.6167582417582418 0.796875 0.4434065934065934 0.5729166666666667
0 0.6005494505494505 0.7739583333333334 0.3956043956043956 0.5118055555555556
0 0.5906593406593407 0.7614583333333333 0.26043956043956046 0.32569444444444445
0 0.6230769230769231 0.8006944444444445 0.4076923076923077 0.5166666666666667
0 0.5656593406593406 0.7277777777777779 0.25659340659340657 0.32083333333333336
0 0.5989010989010989 0.7736111111111111 0.14505494505494507 0.19861111111111113
0 0.6346153846153846 0.8166666666666667 0.11208791208791209 0.13333333333333333
0 0.4480769230769231 0.5802083333333333 0.17527472527472526 0.22013888888888888
0 0.45604395604395603 0.5899305555555556 0.1945054945054945 0.23541666666666666
0 0.5063186813186813 0.65625 0.08956043956043956 0.12361111111111112
0 0.49038461538461536 0.6326388888888889 0.08406593406593407 0.11527777777777778
0 0.27774725274725276 0.36562500000000003 0.4104395604395604 0.5118055555555556
0 0.25769230769230766 0.34097222222222223 0.3758241758241758 0.47500000000000003
0 0.2879120879120879 0.3770833333333333 0.29010989010989013 0.35555555555555557
