0 0.16181318681318682 0.22847222222222224 0.046703296703296704 0.0625
0 0.15 0.2152777777777778 0.03626373626373627 0.05277777777777778
0 0.20494505494505494 0.2847222222222222 0.13076923076923078 0.16527777777777777
0 0.47335164835164834 0.6256944444444444 0.2653846153846154 0.3388888888888889
0 0.39807692307692305 0.525 0.28736263736263734 0.35694444444444445
0 0.42335164835164835 0.5552083333333333 0.3862637362637363 0.4798611111111111
0 0.47005494505494505 0.6138888888888889 0.7664835164835165 0.9805555555555556
0 0.4623626373626374 0.6083333333333334 0.7785714285714286 0.9861111111111112
0 0.46895604395604396 0.6180555555555556 0.7917582417582417 0.9958333333333333
0 0.656043956043956 0.8486111111111111 0.3648351648351648 0.4708333333333333
0 0.7041208791208792 0.9166666666666667 0.12142857142857143 0.15
0 0.7019230769230769 0.9145833333333334 0.10934065934065934 0.13611111111111113
0 0.5873626373626374 0.7704861111111111 0.16593406593406593 0.21041666666666667
0 0.576098901098901 0.75625 0.22362637362637364 0.27361111111111114
0 0.5472527472527473 0.717013888888889 0.27362637362637365 0.3354166666666667
0 0.34505494505494505 0.46597222222222223 0.24175824175824176 0.30833333333333335
0 0.37664835164835164 0.4996527777777778 0.4818681318681319 0.6090277777777778
0 0.31043956043956045 0.41944444444444445 0.44945054945054946 0.5819444444444445
