0 0.42335164835164835 0.5510416666666667 0.007142857142857143 0.0034722222222222225
0 0.442032967032967 0.5746527777777778 0.03131868131868132 0.03263888888888889
0 0.5936813186813187 0.7704861111111111 0.022527472527472527 0.03402777777777778
0 0.5324175824175824 0.6854166666666667 0.16373626373626374 0.2152777777777778
0 0.48434065934065934 0.6197916666666667 0.09505494505494505 0.11875000000000001
0 0.28214285714285714 0.37569444444444444 0.37747252747252746 0.48333333333333334
0 0.3239010989010989 0.4295138888888889 0.2521978021978022 0.31875000000000003
0 0.2664835164835165 0.34652777777777777 0.17472527472527472 0.22361111111111112
0 0.3881868131868132 0.5038194444444445 0.22362637362637364 0.28125
0 0.15631868131868132 0.21423611111111113 0.024725274725274724 0.04097222222222222
0 0.2620879120879121 0.3451388888888889 0.13406593406593406 0.18194444444444446
0 0.24010989010989012 0.3128472222222222 0.13956043956043956 0.17708333333333334
0 0.22142857142857142 0.290625 0.25164835164835164 0.31319444444444444
0 0.21895604395604396 0.29409722222222223 0.2620879120879121 0.3298611111111111
0 0.3142857142857143 0.41458333333333336 0.3747252747252747 0.48750000000000004
0 0.4054945054945055 0.5270833333333333 0.45384615384615384 0.5708333333333333
0 0.4063186813186813 0.5281250000000001 0.47087912087912087 0.6006944444444444
0 0.6329670329670329 0.810763888888889 0.12747252747252746 0.16736111111111113
0 0.6315934065934066 0.8118055555555556 0.160989010989011 0.2138888888888889
0 0.6381868131868131 0.8246527777777778 0.16428571428571428 0.20486111111111113
0 0.639010989010989 0.8197916666666667 0.1758241758241758 0.22569444444444445
0 0.6785714285714286 0.8704861111111112 0.15384615384615385 0.1951388888888889
0 0.4755494505494505 0.6170138888888889 0.47307692307692306 0.6034722222222223
0 0.4736263736263736 0.6218750000000001 0.5087912087912088 0.6590277777777778
0 0.4815934065934066 0.6263888888888889 0.6675824175824175 0.8375
0 0.49835164835164836 0.6413194444444444 0.6934065934065934 0.882638888888889
0 0.47307692307692306 0.6104166666666667 0.6802197802197802 0.8541666666666667
0 0.47527472527472525 0.6225694444444445 0.7494505494505495 0.9465277777777779
