0 0.4835164835164835 0.6295138888888889 0.11428571428571428 0.14791666666666667
0 0.42637362637362636 0.5545138888888889 0.03296703296703297 0.04236111111111111
0 0.4043956043956044 0.5329861111111112 0.1967032967032967 0.25625000000000003
0 0.40274725274725276 0.5246527777777777 0.23846153846153847 0.29930555555555555
0 0.592032967032967 0.7663194444444444 0.03901098901098901 0.04930555555555556
0 0.5436813186813186 0.7055555555555556 0.20714285714285716 0.24722222222222223
0 0.6934065934065934 0.8923611111111112 0.15604395604395604 0.19444444444444445
0 0.618956043956044 0.8013888888888889 0.16428571428571428 0.19722222222222224
0 0.6063186813186813 0.7822916666666667 0.19175824175824177 0.22986111111111113
0 0.4706043956043956 0.6114583333333333 0.47637362637362635 0.59375
0 0.5565934065934066 0.7222222222222222 0.7494505494505495 0.9305555555555556
0 0.4502747252747253 0.5902777777777778 0.7598901098901099 0.951388888888889
0 0.35521978021978023 0.4666666666666667 0.4576923076923077 0.5736111111111112
0 0.34285714285714286 0.44756944444444446 0.5384615384615384 0.670138888888889
0 0.3335164835164835 0.4378472222222222 0.36153846153846153 0.46597222222222223
0 0.24505494505494504 0.32743055555555556 0.06923076923076923 0.0951388888888889
0 0.210989010989011 0.28611111111111115 0.005494505494505494 0.0125
0 0.22774725274725274 0.3027777777777778 0.1532967032967033 0.2
0 0.23214285714285715 0.30833333333333335 0.25 0.30833333333333335
0 0.185989010989011 0.25104166666666666 0.18516483516483517 0.22708333333333333
