0 0.29532967032967034 0.39861111111111114 0.002747252747252747 0.001388888888888889
0 0.2947802197802198 0.39861111111111114 0.024725274725274724 0.04027777777777778
0 0.18186813186813186 0.25798611111111114 0.012087912087912088 0.017361111111111112
0 0.34945054945054943 0.46631944444444445 0.15714285714285714 0.1826388888888889
0 0.40796703296703296 0.5361111111111111 0.30494505494505497 0.39305555555555555
0 0.439010989010989 0.5739583333333333 0.36153846153846153 0.4590277777777778
0 0.4524725274725275 0.5947916666666667 0.539010989010989 0.6687500000000001
0 0.4186813186813187 0.5527777777777778 0.5901098901098901 0.75
0 0.5222527472527473 0.6822916666666667 0.6631868131868132 0.8354166666666667
0 0.6362637362637362 0.8284722222222223 0.3637362637362637 0.46111111111111114
0 0.6211538461538462 0.8065972222222223 0.32582417582417583 0.4076388888888889
0 0.6714285714285714 0.8736111111111111 0.17142857142857143 0.20277777777777778
0 0.5423076923076923 0.7107638888888889 0.00989010989010989 0.00625
0 0.42747252747252745 0.5670138888888889 0.15164835164835164 0.19097222222222224
0 0.5689560439560439 0.7440972222222223 0.22362637362637364 0.2604166666666667
0 0.40192307692307694 0.5350694444444445 0.41703296703296705 0.5229166666666667
0 0.39807692307692305 0.5281250000000001 0.42142857142857143 0.5270833333333333
0 0.27912087912087913 0.37604166666666666 0.45054945054945056 0.5909722222222222
