0 0.214010989010989 0.29444444444444445 0.14560439560439561 0.17222222222222222
0 0.17554945054945054 0.24409722222222224 0.0016483516483516484 0.00625
0 0.2087912087912088 0.2881944444444445 0.12087912087912088 0.16111111111111112
0 0.41346153846153844 0.5427083333333333 0.29285714285714287 0.3784722222222222
0 0.3239010989010989 0.4340277777777778 0.3302197802197802 0.43194444444444446
0 0.3708791208791209 0.48750000000000004 0.34725274725274724 0.4361111111111111
0 0.5071428571428571 0.6611111111111111 0.6373626373626373 0.788888888888889
0 0.43736263736263736 0.5736111111111112 0.7450549450549451 0.9541666666666667
0 0.5447802197802197 0.7104166666666667 0.7291208791208791 0.9166666666666667
0 0.7381868131868132 0.9552083333333333 0.3686813186813187 0.4479166666666667
0 0.740934065934066 0.9583333333333334 0.3543956043956044 0.4277777777777778
0 0.635989010989011 0.8222222222222223 0.19615384615384615 0.23750000000000002
0 0.5153846153846153 0.6767361111111111 0.2549450549450549 0.33263888888888893
0 0.47335164835164834 0.6225694444444445 0.2368131868131868 0.3145833333333333
0 0.5840659340659341 0.7642361111111111 0.17362637362637362 0.20208333333333334
0 0.4052197802197802 0.5357638888888889 0.3675824175824176 0.4618055555555556
0 0.39093406593406593 0.5208333333333334 0.41593406593406596 0.5430555555555556
0 0.28846153846153844 0.3871527777777778 0.4604395604395604 0.5993055555555555
