0 0.19752747252747252 0.27222222222222225 0.08956043956043956 0.125
0 0.24587912087912087 0.33645833333333336 0.13131868131868132 0.16875
0 0.18434065934065935 0.2569444444444445 0.036813186813186814 0.061111111111111116
0 0.2947802197802198 0.39861111111111114 0.32252747252747255 0.4027777777777778
0 0.3291208791208791 0.4486111111111111 0.2098901098901099 0.2513888888888889
0 0.3747252747252747 0.5055555555555555 0.18571428571428572 0.24027777777777778
0 0.5912087912087912 0.7725694444444444 0.056043956043956046 0.08402777777777778
0 0.5752747252747252 0.7513888888888889 0.1813186813186813 0.20833333333333334
0 0.557967032967033 0.7305555555555556 0.21263736263736263 0.28194444444444444
0 0.32362637362637364 0.43194444444444446 0.3747252747252747 0.4791666666666667
0 0.4623626373626374 0.6121527777777778 0.38076923076923075 0.48125
0 0.47307692307692306 0.6218750000000001 0.3021978021978022 0.3909722222222222
0 0.7615384615384615 0.9875 0.43846153846153846 0.5472222222222223
0 0.7497252747252747 0.9750000000000001 0.260989010989011 0.33472222222222225
0 0.5862637362637363 0.7677083333333333 0.6131868131868132 0.7673611111111112
0 0.4510989010989011 0.5961805555555556 0.6461538461538462 0.8006944444444445
0 0.4472527472527473 0.5881944444444445 0.6967032967032967 0.8861111111111112
