0 0.15576923076923077 0.21805555555555556 0.05989010989010989 0.06944444444444445
0 0.14807692307692308 0.21284722222222224 0.014835164835164835 0.014583333333333334
0 0.16813186813186815 0.23750000000000002 0.012087912087912088 0.008333333333333333
0 0.3335164835164835 0.44375000000000003 0.31648351648351647 0.41250000000000003
0 0.42527472527472526 0.5565972222222223 0.38571428571428573 0.4826388888888889
0 0.47307692307692306 0.623263888888889 0.33186813186813185 0.40902777777777777
0 0.45796703296703295 0.6010416666666667 0.7642857142857142 0.9618055555555556
0 0.45082417582417583 0.5951388888888889 0.7467032967032967 0.9500000000000001
0 0.42115384615384616 0.553125 0.7159340659340659 0.9145833333333334
0 0.643956043956044 0.8322916666666667 0.34395604395604396 0.44375000000000003
0 0.656043956043956 0.8538194444444445 0.3901098901098901 0.5034722222222222
0 0.7456043956043956 0.9708333333333333 0.321978021978022 0.39861111111111114
0 0.46291208791208793 0.6100694444444444 0.20604395604395603 0.27569444444444446
0 0.5233516483516484 0.6875 0.260989010989011 0.34305555555555556
0 0.5074175824175824 0.6694444444444445 0.2664835164835165 0.3416666666666667
0 0.3381868131868132 0.453125 0.24010989010989012 0.3201388888888889
0 0.3107142857142857 0.4197916666666667 0.3203296703296703 0.40208333333333335
0 0.2651098901098901 0.36180555555555555 0.39615384615384613 0.5027777777777778
