0 0.15247252747252749 0.20902777777777778 0.18736263736263736 0.24305555555555555
0 0.14532967032967034 0.20104166666666667 0.10384615384615385 0.11458333333333334
0 0.16813186813186815 0.22881944444444446 0.23516483516483516 0.31180555555555556
0 0.20714285714285716 0.27708333333333335 0.07912087912087912 0.09583333333333334
0 0.2662087912087912 0.3496527777777778 0.19175824175824177 0.24791666666666667
0 0.24010989010989012 0.3194444444444445 0.25384615384615383 0.3236111111111111
0 0.3239010989010989 0.4288194444444445 0.47197802197802197 0.6034722222222223
0 0.41126373626373625 0.534375 0.6368131868131868 0.8006944444444445
0 0.41126373626373625 0.5357638888888889 0.6576923076923077 0.8256944444444445
0 0.41318681318681316 0.5378472222222223 0.7065934065934066 0.8951388888888889
0 0.4837912087912088 0.6288194444444445 0.75 0.9423611111111111
0 0.5112637362637362 0.6618055555555555 0.760989010989011 0.951388888888889
0 0.5148351648351648 0.6663194444444445 0.7868131868131868 0.99375
0 0.47005494505494505 0.6079861111111111 0.6840659340659341 0.8701388888888889
0 0.48021978021978023 0.6201388888888889 0.5527472527472528 0.7027777777777778
0 0.5697802197802198 0.7364583333333333 0.7263736263736263 0.9006944444444445
0 0.6486263736263737 0.842013888888889 0.4565934065934066 0.5729166666666667
0 0.5689560439560439 0.7361111111111112 0.2587912087912088 0.3194444444444445
0 0.7337912087912087 0.945138888888889 0.3192307692307692 0.39583333333333337
0 0.7346153846153847 0.945138888888889 0.3032967032967033 0.3666666666666667
0 0.6824175824175824 0.8777777777777778 0.12197802197802197 0.15972222222222224
0 0.6771978021978022 0.86875 0.22142857142857142 0.2777777777777778
0 0.6747252747252748 0.8666666666666667 0.1835164835164835 0.2263888888888889
0 0.6258241758241758 0.8034722222222223 0.12967032967032968 0.15694444444444444
0 0.47884615384615387 0.6184027777777779 0.15879120879120878 0.19097222222222224
0 0.48214285714285715 0.628125 0.06538461538461539 0.07569444444444445
0 0.5269230769230769 0.6815972222222223 0.13076923076923078 0.16736111111111113
0 0.41236263736263734 0.5364583333333334 0.07307692307692308 0.08263888888888889
0 0.314010989010989 0.4173611111111111 0.2489010989010989 0.3027777777777778
0 0.3395604395604396 0.4447916666666667 0.24505494505494504 0.3076388888888889
0 0.31868131868131866 0.4138888888888889 0.26373626373626374 0.3277777777777778
0 0.3120879120879121 0.4121527777777778 0.3208791208791209 0.41597222222222224
