0 0.2703125 0.5024305555555556 0.09453125000000001 0.16458333333333333
0 0.2451171875 0.4586805555555556 0.072265625 0.1326388888888889
0 0.2080078125 0.3885416666666667 0.005078125 0.014583333333333334
0 0.1294921875 0.24444444444444446 0.10429687500000001 0.18194444444444446
0 0.13671875 0.26006944444444446 0.1625 0.2881944444444445
0 0.1576171875 0.29791666666666666 0.21054687500000002 0.37083333333333335
0 0.17890625000000002 0.33819444444444446 0.15078125 0.2652777777777778
0 0.365234375 0.6690972222222222 0.26875 0.4715277777777778
0 0.33632812500000003 0.6142361111111111 0.2328125 0.4131944444444445
0 0.33027343750000004 0.6079861111111111 0.219140625 0.3826388888888889
0 0.36484375 0.6666666666666667 0.30390625000000004 0.5583333333333333
0 0.384375 0.7072916666666667 0.3140625 0.5743055555555556
0 0.266796875 0.49097222222222225 0.4703125 0.826388888888889
0 0.29453125 0.5413194444444445 0.40625 0.71875
0 0.2869140625 0.529513888888889 0.30976562500000004 0.545138888888889
0 0.529296875 0.9611111111111111 0.0921875 0.14444444444444446
0 0.48984375 0.8881944444444445 0.03828125 0.08194444444444444
0 0.48984375 0.8923611111111112 0.05 0.10416666666666667
0 0.4783203125 0.8697916666666667 0.46601562500000004 0.8104166666666667
0 0.4705078125 0.8569444444444445 0.470703125 0.8236111111111112
