0 0.521978021978022 0.6784722222222223 0.12747252747252746 0.16527777777777777
0 0.5315934065934066 0.6875 0.12142857142857143 0.1638888888888889
0 0.41126373626373625 0.5378472222222223 0.2917582417582418 0.37430555555555556
0 0.21346153846153845 0.28541666666666665 0.056593406593406594 0.08055555555555556
0 0.1631868131868132 0.22465277777777778 0.210989010989011 0.2715277777777778
0 0.12747252747252746 0.17881944444444445 0.2175824175824176 0.26319444444444445
0 0.26263736263736265 0.34479166666666666 0.15714285714285714 0.19375
0 0.2087912087912088 0.278125 0.21428571428571427 0.2715277777777778
0 0.2846153846153846 0.3767361111111111 0.44835164835164837 0.5743055555555556
0 0.27582417582417584 0.36423611111111115 0.35604395604395606 0.45069444444444445
0 0.4035714285714286 0.5267361111111112 0.506043956043956 0.6520833333333333
0 0.5865384615384616 0.75625 0.1401098901098901 0.16666666666666669
0 0.5538461538461539 0.7159722222222222 0.17362637362637362 0.22083333333333335
0 0.414010989010989 0.5364583333333334 0.23131868131868133 0.30069444444444443
0 0.24807692307692308 0.33194444444444443 0.17307692307692307 0.21805555555555556
0 0.5296703296703297 0.6927083333333334 0.46153846153846156 0.5909722222222222
0 0.41923076923076924 0.5461805555555556 0.5923076923076923 0.732638888888889
0 0.43626373626373627 0.5722222222222223 0.6318681318681318 0.8125
0 0.6244505494505495 0.80625 0.2291208791208791 0.2847222222222222
0 0.6288461538461538 0.8104166666666667 0.13901098901098902 0.1625
0 0.6450549450549451 0.83125 0.16923076923076924 0.2125
0 0.7368131868131869 0.9493055555555556 0.22967032967032966 0.2972222222222222
0 0.7063186813186814 0.9052083333333334 0.1532967032967033 0.20208333333333334
