0 0.1494140625 0.2847222222222222 0.129296875 0.24583333333333335
0 0.2146484375 0.40520833333333334 0.11601562500000001 0.19930555555555557
0 0.19003906250000002 0.36041666666666666 0.039453125000000006 0.08888888888888889
0 0.23164062500000002 0.4329861111111111 0.015625 0.04652777777777778
0 0.2673828125 0.4965277777777778 0.041796875000000004 0.09444444444444444
0 0.30605468750000003 0.5635416666666667 0.079296875 0.12430555555555556
0 0.30097656250000004 0.5579861111111112 0.173828125 0.32569444444444445
0 0.3037109375 0.5611111111111111 0.16757812500000002 0.29583333333333334
0 0.28046875 0.5190972222222222 0.33906250000000004 0.5951388888888889
0 0.2833984375 0.5256944444444445 0.369140625 0.6513888888888889
0 0.3462890625 0.6371527777777778 0.37929687500000003 0.6923611111111111
0 0.3990234375 0.7340277777777778 0.327734375 0.5972222222222222
0 0.42988281250000004 0.7878472222222223 0.306640625 0.5215277777777778
0 0.45 0.820138888888889 0.27265625 0.4625
0 0.42265625 0.7805555555555556 0.07109375 0.125
0 0.4548828125 0.8302083333333333 0.001953125 0.01875
0 0.47285156250000004 0.8618055555555556 0.065234375 0.09444444444444444
0 0.4744140625 0.8663194444444445 0.498046875 0.8868055555555556
