0 0.2010989010989011 0.2743055555555556 0.12637362637362637 0.1527777777777778
0 0.18928571428571428 0.2635416666666667 0.13681318681318683 0.17569444444444446
0 0.175 0.2423611111111111 0.11703296703296703 0.13611111111111113
0 0.3576923076923077 0.4763888888888889 0.3901098901098901 0.4763888888888889
0 0.4239010989010989 0.5541666666666667 0.39065934065934066 0.4916666666666667
0 0.4717032967032967 0.61875 0.3521978021978022 0.4416666666666667
0 0.47774725274725277 0.6260416666666667 0.7489010989010989 0.9368055555555556
0 0.47115384615384615 0.6190972222222223 0.7489010989010989 0.9270833333333334
0 0.4195054945054945 0.5513888888888889 0.717032967032967 0.9166666666666667
0 0.6587912087912088 0.8510416666666667 0.32857142857142857 0.42291666666666666
0 0.6755494505494506 0.8798611111111111 0.2510989010989011 0.30833333333333335
0 0.7247252747252747 0.9395833333333333 0.12087912087912088 0.15972222222222224
0 0.5815934065934066 0.7607638888888889 0.01703296703296703 0.035416666666666666
0 0.5510989010989011 0.7211805555555556 0.12637362637362637 0.17569444444444446
0 0.4593406593406593 0.6062500000000001 0.2098901098901099 0.2847222222222222
0 0.3532967032967033 0.47361111111111115 0.5131868131868131 0.6430555555555556
0 0.3521978021978022 0.46979166666666666 0.5010989010989011 0.6340277777777779
0 0.2681318681318681 0.36319444444444443 0.35714285714285715 0.45555555555555555
