0 0.4706043956043956 0.6104166666666667 0.10384615384615385 0.1375
0 0.35824175824175825 0.4690972222222222 0.11538461538461539 0.1451388888888889
0 0.4521978021978022 0.5878472222222223 0.02857142857142857 0.03819444444444445
0 0.4184065934065934 0.5458333333333334 0.28296703296703296 0.3680555555555556
0 0.30741758241758244 0.4027777777777778 0.5005494505494505 0.6430555555555556
0 0.30604395604395607 0.4041666666666667 0.4098901098901099 0.513888888888889
0 0.1978021978021978 0.26493055555555556 0.2802197802197802 0.34375
0 0.23873626373626375 0.31701388888888893 0.2456043956043956 0.31180555555555556
0 0.23736263736263735 0.3107638888888889 0.22527472527472528 0.27847222222222223
0 0.11181318681318682 0.15729166666666666 0.08186813186813187 0.10069444444444445
0 0.5096153846153846 0.6625 0.46098901098901096 0.5805555555555556
0 0.5857142857142857 0.7614583333333333 0.6428571428571429 0.7979166666666667
0 0.589010989010989 0.7670138888888889 0.654945054945055 0.8215277777777779
0 0.7414835164835165 0.9534722222222223 0.2752747252747253 0.3388888888888889
0 0.7041208791208792 0.9034722222222222 0.15 0.19583333333333333
0 0.6467032967032967 0.8309027777777778 0.16923076923076924 0.2076388888888889
0 0.6285714285714286 0.8090277777777778 0.13846153846153847 0.16111111111111112
0 0.5447802197802197 0.7034722222222223 0.07417582417582418 0.08750000000000001
0 0.6730769230769231 0.8680555555555556 0.13516483516483516 0.17083333333333334
0 0.23983516483516484 0.31493055555555555 0.014835164835164835 0.025694444444444447
0 0.40796703296703296 0.534375 0.3291208791208791 0.42291666666666666
0 0.40494505494505495 0.5260416666666667 0.1835164835164835 0.23541666666666666
0 0.5134615384615384 0.6697916666666667 0.128021978021978 0.16041666666666668
