0 0.7115384615384616 0.925 0.24065934065934066 0.29444444444444445
0 0.7233516483516483 0.9385416666666667 0.20604395604395603 0.2798611111111111
0 0.7057692307692308 0.9142361111111111 0.18076923076923077 0.22708333333333333
0 0.6057692307692307 0.7927083333333333 0.08846153846153847 0.10069444444444445
0 0.6043956043956044 0.7920138888888889 0.12637362637362637 0.14375000000000002
0 0.5791208791208792 0.7579861111111111 0.20659340659340658 0.23819444444444446
0 0.4434065934065934 0.5868055555555556 0.3274725274725275 0.40972222222222227
0 0.44148351648351647 0.5847222222222223 0.2796703296703297 0.35555555555555557
0 0.3923076923076923 0.5222222222222223 0.4604395604395604 0.5680555555555555
0 0.21318681318681318 0.29444444444444445 0.0956043956043956 0.14166666666666666
0 0.31153846153846154 0.41423611111111114 0.07472527472527472 0.08125
0 0.3129120879120879 0.4222222222222222 0.08296703296703296 0.08750000000000001
0 0.3230769230769231 0.43333333333333335 0.33406593406593404 0.4444444444444445
0 0.4173076923076923 0.5503472222222222 0.37637362637362637 0.46458333333333335
0 0.43956043956043955 0.5753472222222222 0.37252747252747254 0.4826388888888889
0 0.5631868131868132 0.7361111111111112 0.7230769230769231 0.9208333333333334
