0 0.2239010989010989 0.30659722222222224 0.03241758241758242 0.06041666666666667
0 0.19917582417582416 0.2743055555555556 0.03241758241758242 0.0625
0 0.22857142857142856 0.3128472222222222 0.13516483516483516 0.17430555555555557
0 0.4434065934065934 0.5788194444444444 0.321978021978022 0.4215277777777778
0 0.39505494505494504 0.5274305555555556 0.2978021978021978 0.38819444444444445
0 0.3739010989010989 0.4930555555555556 0.2456043956043956 0.3138888888888889
0 0.4585164835164835 0.5979166666666667 0.7532967032967033 0.9652777777777778
0 0.45494505494505494 0.6003472222222223 0.7483516483516484 0.9395833333333333
0 0.47115384615384615 0.6184027777777779 0.7115384615384616 0.8923611111111112
0 0.7252747252747253 0.9416666666666667 0.34505494505494505 0.4291666666666667
0 0.7324175824175824 0.946875 0.32857142857142857 0.41597222222222224
0 0.7134615384615385 0.9281250000000001 0.30054945054945054 0.38958333333333334
0 0.5554945054945055 0.7236111111111111 0.006593406593406593 0.02777777777777778
0 0.5445054945054945 0.7149305555555556 0.0032967032967032967 0.02291666666666667
0 0.4593406593406593 0.6052083333333333 0.210989010989011 0.28125
0 0.3675824175824176 0.49097222222222225 0.4967032967032967 0.6152777777777778
0 0.3131868131868132 0.4222222222222222 0.5032967032967033 0.6472222222222223
0 0.2925824175824176 0.39548611111111115 0.48516483516483516 0.6215277777777778
