0 0.2677734375 0.496875 0.074609375 0.13819444444444445
0 0.24960937500000002 0.46493055555555557 0.010937500000000001 0.014583333333333334
0 0.220703125 0.40902777777777777 0.0078125 0.02638888888888889
0 0.1810546875 0.3423611111111111 0.16757812500000002 0.30833333333333335
0 0.1494140625 0.28194444444444444 0.207421875 0.3805555555555556
0 0.1212890625 0.2357638888888889 0.102734375 0.16597222222222222
0 0.39863281250000004 0.7267361111111111 0.08476562500000001 0.16597222222222222
0 0.3603515625 0.6597222222222222 0.037109375 0.07361111111111111
0 0.36875 0.6805555555555556 0.1921875 0.33194444444444443
0 0.40371093750000003 0.7409722222222223 0.251171875 0.4569444444444445
0 0.333984375 0.6159722222222223 0.23515625 0.40972222222222227
0 0.2455078125 0.4545138888888889 0.369140625 0.6423611111111112
0 0.2984375 0.5479166666666667 0.478125 0.8375
0 0.2998046875 0.5517361111111111 0.523828125 0.9145833333333334
0 0.52890625 0.9618055555555556 0.0890625 0.14305555555555557
0 0.475390625 0.8690972222222223 0.18828125 0.3229166666666667
0 0.4107421875 0.7506944444444444 0.064453125 0.11944444444444445
0 0.5300781250000001 0.9649305555555556 0.3921875 0.6951388888888889
0 0.46894531250000004 0.853125 0.491796875 0.8604166666666667
0 0.47089843750000004 0.8534722222222223 0.501953125 0.8986111111111111
0 0.42304687500000004 0.7708333333333334 0.5437500000000001 0.9569444444444445
