0 0.15604395604395604 0.21736111111111112 0.06043956043956044 0.06944444444444445
0 0.14835164835164835 0.21354166666666669 0.016483516483516484 0.017361111111111112
0 0.16895604395604397 0.2357638888888889 0.012637362637362638 0.004861111111111111
0 0.3241758241758242 0.4340277777777778 0.2978021978021978 0.3791666666666667
0 0.42417582417582417 0.5565972222222223 0.38571428571428573 0.48541666666666666
0 0.47307692307692306 0.625 0.33186813186813185 0.40972222222222227
0 0.4576923076923077 0.6017361111111111 0.7637362637362637 0.9631944444444445
0 0.4519230769230769 0.5965277777777778 0.7478021978021978 0.951388888888889
0 0.4156593406593407 0.5486111111111112 0.7060439560439561 0.8986111111111111
0 0.746978021978022 0.9690972222222223 0.3313186813186813 0.40208333333333335
0 0.6645604395604395 0.8652777777777778 0.40054945054945057 0.5125000000000001
0 0.6445054945054945 0.8336805555555555 0.34505494505494505 0.4465277777777778
0 0.4634615384615385 0.6104166666666667 0.20604395604395603 0.275
0 0.5236263736263737 0.6871527777777778 0.26373626373626374 0.34097222222222223
0 0.5079670329670329 0.6694444444444445 0.2664835164835165 0.3416666666666667
0 0.3357142857142857 0.4496527777777778 0.23846153846153847 0.31736111111111115
0 0.3131868131868132 0.41875 0.30439560439560437 0.37222222222222223
0 0.26483516483516484 0.36215277777777777 0.3967032967032967 0.50625
