0 0.12774725274725274 0.1857638888888889 0.03241758241758242 0.02847222222222222
0 0.22582417582417583 0.31180555555555556 0.02967032967032967 0.03194444444444445
0 0.20054945054945056 0.28229166666666666 0.1956043956043956 0.23541666666666666
0 0.42637362637362636 0.5635416666666667 0.4736263736263736 0.5826388888888889
0 0.41483516483516486 0.5520833333333334 0.34945054945054943 0.45555555555555555
0 0.44642857142857145 0.5899305555555556 0.4796703296703297 0.6118055555555556
0 0.6016483516483516 0.7892361111111111 0.24065934065934066 0.3104166666666667
0 0.6052197802197802 0.7881944444444444 0.22582417582417583 0.29444444444444445
0 0.6145604395604396 0.790625 0.22142857142857142 0.2715277777777778
0 0.714010989010989 0.9236111111111112 0.07417582417582418 0.09305555555555556
0 0.6420329670329671 0.8381944444444445 0.2302197802197802 0.3013888888888889
0 0.5824175824175825 0.7680555555555556 0.6659340659340659 0.8402777777777778
0 0.4846153846153846 0.6340277777777779 0.8010989010989011 0.9944444444444445
0 0.4458791208791209 0.5885416666666667 0.6247252747252747 0.7673611111111112
0 0.2925824175824176 0.3961805555555556 0.40604395604395604 0.5020833333333333
0 0.24478021978021977 0.33194444444444443 0.26978021978021977 0.3541666666666667
0 0.2403846153846154 0.3277777777777778 0.2752747252747253 0.3652777777777778
