0 0.7307692307692307 0.9472222222222223 0.3769230769230769 0.49444444444444446
0 0.6527472527472528 0.8524305555555556 0.2681318681318681 0.3159722222222222
0 0.65 0.8440972222222223 0.3747252747252747 0.4826388888888889
0 0.5263736263736264 0.6958333333333334 0.7670329670329671 0.9722222222222222
0 0.44505494505494503 0.5857638888888889 0.7417582417582418 0.945138888888889
0 0.38763736263736265 0.5159722222222223 0.39285714285714285 0.4986111111111111
0 0.37664835164835164 0.5006944444444444 0.41813186813186815 0.525
0 0.40302197802197803 0.5315972222222223 0.19945054945054946 0.26180555555555557
0 0.4554945054945055 0.603125 0.13626373626373625 0.19375
0 0.48296703296703297 0.6371527777777778 0.1758241758241758 0.21319444444444446
0 0.5796703296703297 0.7569444444444444 0.007692307692307693 0.030555555555555558
0 0.40164835164835166 0.5326388888888889 0.25934065934065936 0.31666666666666665
0 0.4304945054945055 0.5711805555555556 0.2510989010989011 0.33819444444444446
0 0.30604395604395607 0.4135416666666667 0.3802197802197802 0.4979166666666667
0 0.2571428571428571 0.35000000000000003 0.014285714285714285 0.011111111111111112
0 0.29917582417582417 0.4017361111111111 0.043406593406593405 0.043750000000000004
0 0.2021978021978022 0.2791666666666667 0.08351648351648351 0.12083333333333333
