0 0.15604395604395604 0.22083333333333335 0.05714285714285714 0.07083333333333333
0 0.1478021978021978 0.2138888888888889 0.01868131868131868 0.02361111111111111
0 0.16593406593406593 0.23645833333333335 0.045054945054945054 0.052083333333333336
0 0.3695054945054945 0.4947916666666667 0.15 0.18125
0 0.3302197802197802 0.44097222222222227 0.37252747252747254 0.47361111111111115
0 0.4239010989010989 0.5555555555555556 0.38846153846153847 0.48194444444444445
0 0.4574175824175824 0.5993055555555555 0.7576923076923077 0.9680555555555556
0 0.45 0.592013888888889 0.7571428571428571 0.9395833333333333
0 0.4368131868131868 0.5753472222222222 0.7494505494505495 0.9631944444444445
0 0.756043956043956 0.9857638888888889 0.2978021978021978 0.36875
0 0.7557692307692307 0.9836805555555556 0.2434065934065934 0.30208333333333337
0 0.6321428571428571 0.8184027777777778 0.30604395604395607 0.3923611111111111
0 0.5464285714285714 0.7197916666666667 0.2521978021978022 0.31180555555555556
0 0.5362637362637362 0.7059027777777778 0.26373626373626374 0.33125
0 0.5217032967032967 0.6864583333333334 0.27307692307692305 0.34097222222222223
0 0.3700549450549451 0.4947916666666667 0.5148351648351648 0.6368055555555556
0 0.3271978021978022 0.4388888888888889 0.3840659340659341 0.49722222222222223
0 0.2980769230769231 0.4048611111111111 0.2631868131868132 0.325
