0 0.16785714285714284 0.23541666666666666 0.06758241758241758 0.09583333333333334
0 0.15357142857142858 0.21944444444444444 0.0543956043956044 0.0763888888888889
0 0.16043956043956045 0.22534722222222223 0.0879120879120879 0.11875000000000001
0 0.44258241758241756 0.5815972222222222 0.3412087912087912 0.43680555555555556
0 0.4247252747252747 0.5555555555555556 0.3879120879120879 0.48750000000000004
0 0.3222527472527473 0.43333333333333335 0.2620879120879121 0.32222222222222224
0 0.5019230769230769 0.659375 0.782967032967033 0.9784722222222223
0 0.47087912087912087 0.6170138888888889 0.7681318681318682 0.9798611111111112
0 0.4582417582417582 0.6034722222222223 0.7747252747252747 0.9888888888888889
0 0.7508241758241758 0.967013888888889 0.32582417582417583 0.4173611111111111
0 0.6351648351648351 0.8295138888888889 0.2076923076923077 0.2520833333333333
0 0.6365384615384615 0.8305555555555556 0.18186813186813186 0.2125
0 0.5431318681318681 0.7125 0.160989010989011 0.20416666666666666
0 0.4887362637362637 0.6430555555555556 0.2368131868131868 0.3125
0 0.4472527472527473 0.5913194444444445 0.0967032967032967 0.11180555555555556
0 0.38983516483516484 0.5177083333333333 0.4401098901098901 0.5548611111111111
0 0.3343406593406593 0.4451388888888889 0.3994505494505495 0.5194444444444445
0 0.3239010989010989 0.43333333333333335 0.40054945054945057 0.5263888888888889
