0 0.28652343750000003 0.5319444444444444 0.027734375000000002 0.044444444444444446
0 0.31972656250000003 0.5871527777777777 0.017578125 0.010416666666666668
0 0.21738281250000002 0.40625 0.009765625 0.009722222222222222
0 0.1591796875 0.30069444444444443 0.18085937500000002 0.3263888888888889
0 0.1205078125 0.23125 0.148046875 0.275
0 0.16562500000000002 0.31354166666666666 0.15859375 0.2659722222222222
0 0.15097656250000002 0.2857638888888889 0.051953125 0.08402777777777778
0 0.3505859375 0.6427083333333333 0.098828125 0.16597222222222222
0 0.32636718750000004 0.5965277777777778 0.173828125 0.29444444444444445
0 0.3580078125 0.6548611111111111 0.16914062500000002 0.2833333333333333
0 0.39921875 0.7347222222222223 0.209375 0.3611111111111111
0 0.3748046875 0.685763888888889 0.286328125 0.48958333333333337
0 0.29609375 0.5427083333333333 0.40078125000000003 0.7020833333333334
0 0.3115234375 0.5743055555555556 0.491796875 0.8666666666666667
0 0.2912109375 0.5381944444444444 0.509765625 0.9083333333333333
0 0.478125 0.8715277777777778 0.1546875 0.26805555555555555
0 0.491796875 0.8961805555555555 0.08515625 0.13819444444444445
0 0.45429687500000004 0.8260416666666667 0.030468750000000003 0.06736111111111111
0 0.49140625000000004 0.8961805555555555 0.44062500000000004 0.7701388888888889
0 0.470703125 0.857638888888889 0.5007812500000001 0.9083333333333333
