0 0.3241758241758242 0.4340277777777778 0.43956043956043955 0.5347222222222222
0 0.4137362637362637 0.5392361111111111 0.2725274725274725 0.3506944444444445
0 0.3010989010989011 0.3975694444444445 0.15054945054945054 0.18819444444444444
0 0.32060439560439563 0.415625 0.4236263736263736 0.5326388888888889
0 0.20137362637362638 0.2711805555555556 0.06428571428571428 0.06736111111111111
0 0.18626373626373627 0.2520833333333333 0.07472527472527472 0.10277777777777779
0 0.21868131868131868 0.29270833333333335 0.26263736263736265 0.3451388888888889
0 0.23296703296703297 0.30659722222222224 0.13626373626373625 0.17708333333333334
0 0.11978021978021978 0.1670138888888889 0.08351648351648351 0.10347222222222223
0 0.5763736263736263 0.7520833333333333 0.5296703296703297 0.6847222222222222
0 0.5255494505494506 0.6885416666666667 0.7554945054945055 0.9493055555555556
0 0.435989010989011 0.5704861111111111 0.5521978021978022 0.6881944444444444
0 0.442032967032967 0.5819444444444445 0.5357142857142857 0.6638888888888889
0 0.4898351648351648 0.6315972222222223 0.47197802197802197 0.59375
0 0.6857142857142857 0.8805555555555555 0.17142857142857143 0.20833333333333334
0 0.737912087912088 0.9500000000000001 0.33406593406593404 0.43472222222222223
0 0.6313186813186813 0.8111111111111111 0.13626373626373625 0.16666666666666669
0 0.6521978021978022 0.8402777777777778 0.16923076923076924 0.20833333333333334
0 0.65 0.835763888888889 0.15164835164835164 0.20069444444444445
0 0.5887362637362638 0.7600694444444445 0.0521978021978022 0.07152777777777779
0 0.5967032967032967 0.771875 0.020879120879120878 0.015972222222222224
0 0.4288461538461538 0.5586805555555556 0.02032967032967033 0.03402777777777778
0 0.47994505494505496 0.623263888888889 0.11703296703296703 0.15208333333333335
0 0.5118131868131868 0.6631944444444444 0.2291208791208791 0.2847222222222222
0 0.3934065934065934 0.5149305555555556 0.5208791208791209 0.6493055555555556
0 0.31043956043956045 0.4076388888888889 0.5054945054945055 0.6444444444444445
0 0.30741758241758244 0.4079861111111111 0.493956043956044 0.6326388888888889
