0 0.2052197802197802 0.27743055555555557 0.13351648351648351 0.16041666666666668
0 0.11043956043956044 0.15694444444444444 0.027472527472527472 0.04861111111111111
0 0.12142857142857143 0.17256944444444444 0.002197802197802198 0.0020833333333333333
0 0.23846153846153847 0.3142361111111111 0.24505494505494504 0.30486111111111114
0 0.3769230769230769 0.4986111111111111 0.14065934065934066 0.1902777777777778
0 0.2876373626373626 0.38020833333333337 0.24670329670329672 0.31875000000000003
0 0.5258241758241758 0.6843750000000001 0.46483516483516485 0.5881944444444445
0 0.4225274725274725 0.5555555555555556 0.5824175824175825 0.7319444444444445
0 0.5848901098901099 0.7649305555555556 0.6510989010989011 0.8243055555555556
0 0.6458791208791209 0.8302083333333333 0.17637362637362639 0.22291666666666668
0 0.6398351648351648 0.8239583333333333 0.1467032967032967 0.18958333333333335
0 0.6293956043956044 0.8086805555555556 0.13791208791208792 0.16458333333333333
0 0.6582417582417582 0.8482638888888889 0.13186813186813187 0.17152777777777778
0 0.7052197802197803 0.90625 0.1543956043956044 0.20694444444444446
0 0.5557692307692308 0.7173611111111111 0.20164835164835165 0.24027777777777778
0 0.47087912087912087 0.6177083333333333 0.12087912087912088 0.14097222222222222
0 0.38763736263736265 0.5069444444444444 0.5247252747252747 0.6513888888888889
0 0.3912087912087912 0.5097222222222222 0.5307692307692308 0.6652777777777779
0 0.4142857142857143 0.5430555555555556 0.27362637362637365 0.3513888888888889
