0 0.21456043956043955 0.296875 0.16758241758241757 0.21319444444444446
0 0.16923076923076924 0.24027777777777778 0.06483516483516484 0.0763888888888889
0 0.15357142857142858 0.22083333333333335 0.006043956043956044 0.0
0 0.40796703296703296 0.5447916666666667 0.41593406593406596 0.5159722222222223
0 0.4434065934065934 0.5777777777777778 0.34395604395604396 0.43194444444444446
0 0.371978021978022 0.49236111111111114 0.24505494505494504 0.3125
0 0.5587912087912088 0.7302083333333333 0.6329670329670329 0.7993055555555556
0 0.4887362637362637 0.6402777777777778 0.6730769230769231 0.8680555555555556
0 0.4118131868131868 0.5447916666666667 0.6862637362637363 0.8798611111111111
0 0.6947802197802198 0.8989583333333334 0.1686813186813187 0.21319444444444446
0 0.6486263736263737 0.8427083333333334 0.1478021978021978 0.1701388888888889
0 0.6552197802197802 0.8534722222222223 0.12472527472527473 0.15972222222222224
0 0.5274725274725275 0.6913194444444445 0.289010989010989 0.3451388888888889
0 0.4945054945054945 0.6517361111111112 0.09340659340659341 0.11458333333333334
0 0.5222527472527473 0.6854166666666667 0.13241758241758242 0.17083333333333334
0 0.3585164835164835 0.47847222222222224 0.5115384615384615 0.6305555555555555
0 0.3554945054945055 0.47534722222222225 0.5 0.6159722222222223
0 0.3381868131868132 0.45208333333333334 0.49725274725274726 0.6444444444444445
