0 0.4532967032967033 0.5916666666666667 0.06813186813186813 0.09583333333333334
0 0.5865384615384616 0.7552083333333334 0.03021978021978022 0.035416666666666666
0 0.5543956043956044 0.7145833333333333 0.0912087912087912 0.10972222222222222
0 0.4423076923076923 0.5722222222222223 0.16593406593406593 0.2125
0 0.6675824175824175 0.8569444444444445 0.14725274725274726 0.18472222222222223
0 0.6483516483516484 0.8340277777777778 0.20549450549450549 0.2652777777777778
0 0.6304945054945055 0.8093750000000001 0.12912087912087913 0.16875
0 0.6387362637362637 0.8215277777777779 0.1412087912087912 0.18194444444444446
0 0.7181318681318681 0.9229166666666667 0.17142857142857143 0.22777777777777777
0 0.5318681318681319 0.6885416666666667 0.47802197802197804 0.6048611111111112
0 0.4936813186813187 0.6447916666666667 0.5049450549450549 0.6215277777777778
0 0.579945054945055 0.75625 0.6664835164835164 0.8291666666666667
0 0.4796703296703297 0.6253472222222223 0.654945054945055 0.8354166666666667
0 0.4774725274725275 0.6138888888888889 0.6725274725274726 0.8486111111111111
0 0.49835164835164836 0.640625 0.6923076923076923 0.8798611111111111
0 0.3118131868131868 0.41250000000000003 0.2291208791208791 0.2888888888888889
0 0.36346153846153845 0.4746527777777778 0.38846153846153847 0.5020833333333333
0 0.2675824175824176 0.34618055555555555 0.1758241758241758 0.22291666666666668
0 0.3892857142857143 0.5041666666666667 0.22252747252747251 0.2791666666666667
0 0.23351648351648352 0.30972222222222223 0.14395604395604394 0.19444444444444445
0 0.24093406593406594 0.3138888888888889 0.13351648351648351 0.16944444444444445
0 0.26565934065934066 0.3524305555555556 0.06098901098901099 0.08541666666666667
0 0.25686813186813184 0.34131944444444445 0.20164835164835165 0.25069444444444444
0 0.22225274725274724 0.29131944444444446 0.25 0.3145833333333333
0 0.3222527472527473 0.4236111111111111 0.5148351648351648 0.65
0 0.3758241758241758 0.49409722222222224 0.4868131868131868 0.6118055555555556
0 0.35274725274725277 0.4590277777777778 0.22527472527472528 0.2847222222222222
