0 0.15027472527472527 0.2059027777777778 0.1412087912087912 0.17430555555555557
0 0.12252747252747252 0.17152777777777778 0.027472527472527472 0.04583333333333334
0 0.2510989010989011 0.33263888888888893 0.006593406593406593 0.004166666666666667
0 0.19285714285714287 0.2638888888888889 0.24725274725274726 0.3111111111111111
0 0.2541208791208791 0.3388888888888889 0.3543956043956044 0.4527777777777778
0 0.3184065934065934 0.4149305555555556 0.2445054945054945 0.3104166666666667
0 0.31895604395604393 0.4138888888888889 0.2554945054945055 0.3194444444444445
0 0.35412087912087914 0.4642361111111111 0.5115384615384615 0.6506944444444445
0 0.5747252747252747 0.7402777777777778 0.12857142857142856 0.1513888888888889
0 0.5725274725274725 0.7416666666666667 0.12087912087912088 0.1375
0 0.5142857142857142 0.6677083333333333 0.017582417582417582 0.02013888888888889
0 0.4467032967032967 0.5822916666666667 0.16703296703296702 0.2215277777777778
0 0.5791208791208792 0.7510416666666667 0.17032967032967034 0.21736111111111112
0 0.6510989010989011 0.8375 0.2934065934065934 0.3597222222222222
0 0.5958791208791209 0.76875 0.2456043956043956 0.3125
0 0.6258241758241758 0.8076388888888889 0.4340659340659341 0.5583333333333333
0 0.6131868131868132 0.7940972222222222 0.45714285714285713 0.5659722222222222
0 0.6162087912087912 0.7993055555555556 0.13901098901098902 0.16111111111111112
0 0.5653846153846154 0.7319444444444445 0.5747252747252747 0.7319444444444445
0 0.5722527472527472 0.7385416666666667 0.5697802197802198 0.71875
0 0.49835164835164836 0.6454861111111111 0.6934065934065934 0.86875
0 0.46675824175824177 0.6024305555555556 0.5401098901098901 0.6770833333333334
0 0.5739010989010989 0.7423611111111111 0.7016483516483516 0.8736111111111111
0 0.47005494505494505 0.6104166666666667 0.795054945054945 0.9958333333333333
0 0.4936813186813187 0.6368055555555556 0.7873626373626373 1.0
0 0.3868131868131868 0.5069444444444444 0.4175824175824176 0.5305555555555556
0 0.27225274725274723 0.35625 0.17857142857142858 0.23472222222222222
0 0.3087912087912088 0.40347222222222223 0.17912087912087912 0.22083333333333335
