0 0.2793956043956044 0.3753472222222222 0.028021978021978023 0.014583333333333334
0 0.17802197802197803 0.24756944444444445 0.06153846153846154 0.08680555555555555
0 0.16483516483516483 0.23194444444444445 0.04285714285714286 0.051388888888888894
0 0.41126373626373625 0.5375 0.38186813186813184 0.4902777777777778
0 0.4524725274725275 0.5927083333333334 0.40494505494505495 0.4951388888888889
0 0.4796703296703297 0.6260416666666667 0.26263736263736265 0.32430555555555557
0 0.5293956043956044 0.6875 0.6631868131868132 0.8541666666666667
0 0.4739010989010989 0.6190972222222223 0.7928571428571428 0.9895833333333334
0 0.4521978021978022 0.59375 0.7450549450549451 0.951388888888889
0 0.7535714285714286 0.9739583333333334 0.19835164835164834 0.2673611111111111
0 0.7549450549450549 0.9760416666666667 0.18571428571428572 0.24375000000000002
0 0.7516483516483516 0.9704861111111112 0.17912087912087912 0.22986111111111113
0 0.593956043956044 0.775 0.16703296703296702 0.18888888888888888
0 0.5813186813186814 0.7583333333333334 0.2175824175824176 0.2513888888888889
0 0.510989010989011 0.6697916666666667 0.16373626373626374 0.21597222222222223
0 0.375 0.49756944444444445 0.4818681318681319 0.5965277777777778
0 0.3739010989010989 0.4965277777777778 0.4697802197802198 0.5888888888888889
0 0.3019230769230769 0.40625 0.4785714285714286 0.6180555555555556
