0 0.2392578125 0.4486111111111111 0.10117187500000001 0.1625
0 0.16523437500000002 0.32222222222222224 0.10078125 0.1875
0 0.1849609375 0.35520833333333335 0.181640625 0.34652777777777777
0 0.3611328125 0.6645833333333333 0.205078125 0.3611111111111111
0 0.31757812500000004 0.5829861111111111 0.23125 0.42430555555555555
0 0.27382812500000003 0.5083333333333333 0.19765625 0.33333333333333337
0 0.3466796875 0.6409722222222223 0.264453125 0.4847222222222222
0 0.33320312500000004 0.6152777777777778 0.36171875000000003 0.6652777777777779
0 0.304296875 0.5642361111111112 0.43515625 0.7590277777777779
0 0.42265625 0.7760416666666667 0.1234375 0.20347222222222222
0 0.4072265625 0.7510416666666667 0.09335937500000001 0.15208333333333335
0 0.50546875 0.9270833333333334 0.013281250000000001 0.022222222222222223
0 0.544921875 0.9944444444444445 0.21250000000000002 0.3861111111111111
