0 0.4607142857142857 0.6003472222222223 0.09615384615384616 0.1326388888888889
0 0.48131868131868133 0.6236111111111111 0.12417582417582418 0.15555555555555556
0 0.5807692307692308 0.7479166666666667 0.15824175824175823 0.19722222222222224
0 0.5662087912087912 0.7319444444444445 0.15219780219780218 0.19722222222222224
0 0.6296703296703297 0.8104166666666667 0.13406593406593406 0.16666666666666669
0 0.6486263736263737 0.8350694444444445 0.14560439560439561 0.19097222222222224
0 0.6815934065934066 0.8746527777777778 0.16758241758241757 0.20486111111111113
0 0.6947802197802198 0.8927083333333333 0.17087912087912088 0.21736111111111112
0 0.7447802197802198 0.9548611111111112 0.29725274725274725 0.36944444444444446
0 0.42335164835164835 0.5506944444444445 0.5961538461538461 0.7597222222222223
0 0.43021978021978025 0.5677083333333334 0.5824175824175825 0.7451388888888889
0 0.46291208791208793 0.6045138888888889 0.6796703296703297 0.8715277777777778
0 0.5093406593406593 0.665625 0.7362637362637363 0.9243055555555556
0 0.4541208791208791 0.5909722222222222 0.5192307692307693 0.6652777777777779
0 0.3192307692307692 0.4197916666666667 0.09230769230769231 0.11319444444444444
0 0.3195054945054945 0.4232638888888889 0.08406593406593407 0.10486111111111111
0 0.4145604395604396 0.5361111111111111 0.21263736263736263 0.27222222222222225
0 0.2771978021978022 0.3607638888888889 0.3862637362637363 0.49097222222222225
0 0.4035714285714286 0.5256944444444445 0.5115384615384615 0.638888888888889
0 0.40934065934065933 0.5329861111111112 0.5131868131868131 0.6354166666666667
0 0.2813186813186813 0.3736111111111111 0.4318681318681319 0.5583333333333333
0 0.22142857142857142 0.29618055555555556 0.25934065934065936 0.3298611111111111
0 0.22142857142857142 0.28958333333333336 0.25164835164835164 0.3125
0 0.23351648351648352 0.3076388888888889 0.14835164835164835 0.18472222222222223
0 0.11950549450549451 0.16631944444444446 0.03021978021978022 0.027083333333333334
0 0.11648351648351649 0.1642361111111111 0.04725274725274725 0.043750000000000004
