0 0.49752747252747254 0.6447916666666667 0.12582417582417582 0.16736111111111113
0 0.5054945054945055 0.65625 0.13406593406593406 0.1625
0 0.5052197802197802 0.65625 0.10164835164835165 0.13472222222222222
0 0.5947802197802198 0.76875 0.03901098901098901 0.05416666666666667
0 0.6296703296703297 0.8104166666666667 0.13516483516483516 0.16666666666666669
0 0.6425824175824176 0.828125 0.15 0.19236111111111112
0 0.6491758241758242 0.8354166666666667 0.1434065934065934 0.1902777777777778
0 0.6815934065934066 0.875 0.1686813186813187 0.20416666666666666
0 0.7434065934065934 0.9552083333333333 0.2967032967032967 0.36597222222222225
0 0.4480769230769231 0.5888888888888889 0.5016483516483516 0.6236111111111111
0 0.4524725274725275 0.5895833333333333 0.5137362637362637 0.6625
0 0.43543956043956045 0.5701388888888889 0.5642857142857143 0.7152777777777778
0 0.4351648351648352 0.5694444444444444 0.5406593406593406 0.6805555555555556
0 0.5379120879120879 0.6982638888888889 0.7670329670329671 0.9548611111111112
0 0.3903846153846154 0.5083333333333333 0.27087912087912086 0.3541666666666667
0 0.382967032967033 0.49895833333333334 0.33296703296703295 0.4354166666666667
0 0.26071428571428573 0.34861111111111115 0.1543956043956044 0.19861111111111113
0 0.2519230769230769 0.32916666666666666 0.2664835164835165 0.33055555555555555
0 0.16153846153846155 0.22118055555555557 0.051648351648351645 0.07430555555555556
0 0.25137362637362637 0.3340277777777778 0.21373626373626373 0.27222222222222225
0 0.24835164835164836 0.33090277777777777 0.22747252747252747 0.27847222222222223
0 0.23406593406593407 0.3072916666666667 0.14835164835164835 0.18541666666666667
0 0.225 0.29444444444444445 0.2521978021978022 0.31666666666666665
0 0.2815934065934066 0.37569444444444444 0.4225274725274725 0.5555555555555556
0 0.39725274725274723 0.5173611111111112 0.5098901098901099 0.6444444444444445
0 0.40494505494505495 0.5288194444444445 0.5186813186813187 0.6395833333333334
