0 0.3708791208791209 0.48020833333333335 0.34615384615384615 0.4354166666666667
0 0.3994505494505495 0.5239583333333333 0.16483516483516483 0.21875
0 0.27994505494505495 0.37569444444444444 0.40714285714285714 0.5111111111111112
0 0.28736263736263734 0.37777777777777777 0.26703296703296703 0.3402777777777778
0 0.2771978021978022 0.3628472222222222 0.39175824175824175 0.4965277777777778
0 0.4208791208791209 0.5572916666666667 0.5648351648351648 0.7173611111111111
0 0.4175824175824176 0.5475694444444444 0.5813186813186814 0.7270833333333334
0 0.44285714285714284 0.5833333333333334 0.5384615384615384 0.6916666666666667
0 0.5239010989010989 0.6864583333333334 0.45879120879120877 0.5854166666666667
0 0.5057692307692307 0.6531250000000001 0.7423076923076923 0.9340277777777778
0 0.6541208791208791 0.8447916666666667 0.1423076923076923 0.1951388888888889
0 0.6857142857142857 0.882638888888889 0.17252747252747253 0.20416666666666666
0 0.7401098901098901 0.9510416666666667 0.24395604395604395 0.3229166666666667
0 0.6645604395604395 0.8625 0.16428571428571428 0.20416666666666666
0 0.5975274725274725 0.7756944444444445 0.015934065934065933 0.011111111111111112
0 0.5942307692307692 0.76875 0.04230769230769231 0.059722222222222225
0 0.5214285714285715 0.6767361111111111 0.10329670329670329 0.12708333333333333
0 0.45714285714285713 0.5965277777777778 0.12857142857142856 0.16805555555555557
0 0.23186813186813188 0.30659722222222224 0.14065934065934066 0.17708333333333334
0 0.24862637362637363 0.33125 0.02032967032967033 0.034722222222222224
0 0.2302197802197802 0.3104166666666667 0.25054945054945055 0.30833333333333335
0 0.22637362637362637 0.3038194444444445 0.26593406593406593 0.32430555555555557
0 0.2010989010989011 0.2729166666666667 0.27472527472527475 0.3625
0 0.3543956043956044 0.46458333333333335 0.532967032967033 0.6861111111111111
0 0.32060439560439563 0.42638888888888893 0.49725274725274726 0.638888888888889
0 0.3159340659340659 0.4170138888888889 0.4978021978021978 0.6381944444444445
