0 0.24642857142857144 0.3302083333333333 0.2302197802197802 0.27847222222222223
0 0.17554945054945054 0.24097222222222223 0.2664835164835165 0.3388888888888889
0 0.18571428571428572 0.2548611111111111 0.03296703296703297 0.025
0 0.2804945054945055 0.36944444444444446 0.12692307692307692 0.17083333333333334
0 0.3403846153846154 0.4486111111111111 0.2906593406593407 0.35555555555555557
0 0.27582417582417584 0.3697916666666667 0.32857142857142857 0.43125
0 0.5810439560439561 0.753125 0.6983516483516483 0.8673611111111111
0 0.578021978021978 0.7420138888888889 0.6351648351648351 0.7979166666666667
0 0.529945054945055 0.6989583333333333 0.7708791208791209 0.96875
0 0.493956043956044 0.6454861111111111 0.7098901098901099 0.882638888888889
0 0.5134615384615384 0.6600694444444445 0.7521978021978022 0.95625
0 0.5412087912087912 0.6958333333333334 0.5681318681318681 0.7166666666666667
0 0.5923076923076923 0.7684027777777778 0.23296703296703297 0.27708333333333335
0 0.6041208791208791 0.7809027777777778 0.19835164835164834 0.2590277777777778
0 0.6434065934065935 0.8291666666666667 0.1956043956043956 0.24166666666666667
0 0.6291208791208791 0.8114583333333334 0.13846153846153847 0.16180555555555556
0 0.7450549450549451 0.9545138888888889 0.3505494505494505 0.44375000000000003
0 0.5914835164835165 0.7697916666666667 0.11153846153846154 0.12152777777777778
0 0.5263736263736264 0.6850694444444445 0.12747252747252746 0.15486111111111112
0 0.4521978021978022 0.5885416666666667 0.08571428571428572 0.12152777777777778
0 0.4519230769230769 0.5815972222222222 0.02032967032967033 0.02013888888888889
0 0.47307692307692306 0.609375 0.11538461538461539 0.1451388888888889
0 0.2802197802197802 0.3697916666666667 0.37252747252747254 0.46875
0 0.26978021978021977 0.3611111111111111 0.4175824175824176 0.513888888888889
0 0.289010989010989 0.3753472222222222 0.42637362637362636 0.5368055555555555
0 0.32445054945054946 0.4326388888888889 0.5258241758241758 0.6722222222222223
