0 0.14615384615384616 0.20069444444444445 0.04395604395604395 0.061111111111111116
0 0.20054945054945056 0.27187500000000003 0.07802197802197802 0.11041666666666668
0 0.2521978021978022 0.33958333333333335 0.00989010989010989 0.015277777777777779
0 0.24532967032967032 0.3197916666666667 0.018131868131868133 0.02013888888888889
0 0.25137362637362637 0.34444444444444444 0.14560439560439561 0.17777777777777778
0 0.25961538461538464 0.33993055555555557 0.20824175824175825 0.25625000000000003
0 0.317032967032967 0.41458333333333336 0.11978021978021978 0.14027777777777778
0 0.23516483516483516 0.31527777777777777 0.3230769230769231 0.3902777777777778
0 0.41318681318681316 0.5416666666666667 0.6736263736263737 0.8666666666666667
0 0.4126373626373626 0.5395833333333333 0.6428571428571429 0.8083333333333333
0 0.4412087912087912 0.5722222222222223 0.5593406593406594 0.7125
0 0.46565934065934067 0.6024305555555556 0.7752747252747253 0.982638888888889
0 0.45576923076923076 0.5909722222222222 0.7697802197802198 0.9819444444444445
0 0.4771978021978022 0.6184027777777779 0.4928571428571429 0.6215277777777778
0 0.5612637362637363 0.725 0.5269230769230769 0.6805555555555556
0 0.5631868131868132 0.7305555555555556 0.676923076923077 0.8458333333333333
0 0.5439560439560439 0.7000000000000001 0.7681318681318682 0.9666666666666667
0 0.5928571428571429 0.763888888888889 0.17802197802197803 0.21805555555555556
0 0.5785714285714286 0.7475694444444445 0.2175824175824176 0.26319444444444445
0 0.6032967032967033 0.7815972222222223 0.26483516483516484 0.3201388888888889
0 0.6618131868131868 0.8565972222222222 0.19395604395604396 0.22986111111111113
0 0.6505494505494506 0.8361111111111111 0.15274725274725276 0.2
0 0.6057692307692307 0.7791666666666667 0.3401098901098901 0.425
0 0.6332417582417582 0.8135416666666667 0.41923076923076924 0.5298611111111111
0 0.6112637362637363 0.7840277777777778 0.17417582417582417 0.2138888888888889
0 0.6398351648351648 0.8253472222222222 0.11373626373626373 0.13541666666666669
0 0.6335164835164835 0.8180555555555555 0.12197802197802197 0.15
0 0.6052197802197802 0.7756944444444445 0.19835164835164834 0.2513888888888889
0 0.49038461538461536 0.6385416666666667 0.21593406593406594 0.2673611111111111
0 0.41318681318681316 0.5368055555555555 0.08571428571428572 0.09861111111111112
0 0.45274725274725275 0.5868055555555556 0.0967032967032967 0.11388888888888889
0 0.35906593406593407 0.4715277777777778 0.24010989010989012 0.3180555555555556
0 0.3802197802197802 0.49270833333333336 0.29120879120879123 0.3770833333333333
0 0.28818681318681316 0.3885416666666667 0.25659340659340657 0.3145833333333333
