0 0.18818681318681318 0.26458333333333334 0.01703296703296703 0.011111111111111112
0 0.14917582417582417 0.21458333333333335 0.028021978021978023 0.03888888888888889
0 0.15604395604395604 0.22118055555555557 0.07582417582417582 0.09791666666666667
0 0.4236263736263736 0.55625 0.38461538461538464 0.4861111111111111
0 0.43763736263736264 0.5777777777777778 0.3401098901098901 0.43333333333333335
0 0.45357142857142857 0.5979166666666667 0.40824175824175823 0.4986111111111111
0 0.5530219780219781 0.7236111111111111 0.6027472527472527 0.7666666666666667
0 0.45989010989010987 0.6041666666666667 0.7769230769230769 0.9888888888888889
0 0.4642857142857143 0.6104166666666667 0.7681318681318682 0.9819444444444445
0 0.6582417582417582 0.8562500000000001 0.3879120879120879 0.5041666666666667
0 0.6865384615384615 0.8868055555555556 0.3456043956043956 0.43333333333333335
0 0.7381868131868132 0.9555555555555556 0.1412087912087912 0.19444444444444445
0 0.5096153846153846 0.6687500000000001 0.2510989010989011 0.3277777777777778
0 0.48543956043956044 0.638888888888889 0.2456043956043956 0.3180555555555556
0 0.4502747252747253 0.596875 0.08296703296703296 0.0951388888888889
0 0.31346153846153846 0.42118055555555556 0.3741758241758242 0.48125
0 0.4052197802197802 0.5368055555555555 0.3401098901098901 0.43472222222222223
0 0.4065934065934066 0.5413194444444445 0.4197802197802198 0.5243055555555556
