0 0.27890625 0.5131944444444445 0.09453125000000001 0.15416666666666667
0 0.2181640625 0.40555555555555556 0.043359375000000006 0.08888888888888889
0 0.20820312500000002 0.38819444444444445 0.00390625 0.011111111111111112
0 0.126953125 0.24166666666666667 0.10078125 0.1875
0 0.11796875000000001 0.22534722222222223 0.11640625 0.21180555555555555
0 0.11777343750000001 0.225 0.13007812500000002 0.24027777777777778
0 0.14179687500000002 0.2711805555555556 0.1625 0.28541666666666665
0 0.3513671875 0.6395833333333334 0.22382812500000002 0.39166666666666666
0 0.42226562500000003 0.7677083333333333 0.16562500000000002 0.3104166666666667
0 0.279296875 0.5111111111111112 0.40625 0.7263888888888889
0 0.24453125 0.45381944444444444 0.421875 0.7618055555555556
0 0.2353515625 0.4361111111111111 0.378515625 0.6597222222222222
0 0.3619140625 0.6631944444444444 0.28945312500000003 0.525
0 0.42031250000000003 0.7666666666666667 0.278125 0.4916666666666667
0 0.37910156250000004 0.6940972222222223 0.181640625 0.32569444444444445
0 0.5056640625000001 0.9187500000000001 0.115234375 0.21805555555555556
0 0.470703125 0.8572916666666667 0.0734375 0.12847222222222224
0 0.433203125 0.7902777777777779 0.0546875 0.07777777777777778
0 0.5052734375 0.9222222222222223 0.441015625 0.7777777777777778
0 0.5033203125 0.9222222222222223 0.39179687500000004 0.6805555555555556
0 0.54609375 0.9902777777777778 0.3984375 0.725
0 0.487109375 0.8795138888888889 0.44921875 0.7895833333333334
0 0.27890625 0.5131944444444445 0.09453125000000001 0.15416666666666667
0 0.2181640625 0.40555555555555556 0.043359375000000006 0.08888888888888889
0 0.20820312500000002 0.38819444444444445 0.00390625 0.011111111111111112
0 0.126953125 0.24166666666666667 0.10078125 0.1875
0 0.11796875000000001 0.22534722222222223 0.11640625 0.21180555555555555
0 0.11777343750000001 0.225 0.13007812500000002 0.24027777777777778
0 0.14179687500000002 0.2711805555555556 0.1625 0.28541666666666665
0 0.3513671875 0.6395833333333334 0.22382812500000002 0.39166666666666666
0 0.42226562500000003 0.7677083333333333 0.16562500000000002 0.3104166666666667
0 0.279296875 0.5111111111111112 0.40625 0.7263888888888889
0 0.24453125 0.45381944444444444 0.421875 0.7618055555555556
0 0.2353515625 0.4361111111111111 0.378515625 0.6597222222222222
0 0.3619140625 0.6631944444444444 0.28945312500000003 0.525
0 0.42031250000000003 0.7666666666666667 0.278125 0.4916666666666667
0 0.37910156250000004 0.6940972222222223 0.181640625 0.32569444444444445
0 0.5056640625000001 0.9187500000000001 0.115234375 0.21805555555555556
0 0.470703125 0.8572916666666667 0.0734375 0.12847222222222224
0 0.433203125 0.7902777777777779 0.0546875 0.07777777777777778
0 0.5052734375 0.9222222222222223 0.441015625 0.7777777777777778
0 0.5033203125 0.9222222222222223 0.39179687500000004 0.6805555555555556
0 0.54609375 0.9902777777777778 0.3984375 0.725
0 0.487109375 0.8795138888888889 0.44921875 0.7895833333333334
