0 0.2771978021978022 0.375 0.03131868131868132 0.02361111111111111
0 0.18434065934065935 0.26006944444444446 0.0543956043956044 0.06597222222222222
0 0.16428571428571428 0.23055555555555557 0.023076923076923078 0.04583333333333334
0 0.41016483516483515 0.5368055555555555 0.38186813186813184 0.4902777777777778
0 0.4725274725274725 0.6253472222222223 0.2956043956043956 0.3840277777777778
0 0.36153846153846153 0.4760416666666667 0.13516483516483516 0.17847222222222223
0 0.4870879120879121 0.6399305555555556 0.5258241758241758 0.6673611111111112
0 0.4857142857142857 0.6333333333333333 0.5252747252747253 0.6625
0 0.4519230769230769 0.59375 0.7565934065934066 0.9722222222222222
0 0.7217032967032967 0.9309027777777779 0.11373626373626373 0.15208333333333335
0 0.7164835164835165 0.9298611111111111 0.12417582417582418 0.15833333333333333
0 0.6282967032967033 0.81875 0.32252747252747255 0.41805555555555557
0 0.5975274725274725 0.7815972222222223 0.13681318681318683 0.1826388888888889
0 0.5192307692307693 0.68125 0.2835164835164835 0.35694444444444445
0 0.5870879120879121 0.7694444444444445 0.06428571428571428 0.0763888888888889
0 0.385989010989011 0.5114583333333333 0.4653846153846154 0.5729166666666667
0 0.37335164835164836 0.49618055555555557 0.47197802197802197 0.5840277777777778
0 0.34423076923076923 0.45763888888888893 0.4653846153846154 0.6055555555555556
