0 0.11992187500000001 0.22777777777777777 0.1328125 0.24166666666666667
0 0.12070312500000001 0.22916666666666669 0.11953125 0.225
0 0.12714843750000002 0.2420138888888889 0.102734375 0.19236111111111112
0 0.1375 0.26319444444444445 0.06640625 0.10416666666666667
0 0.287890625 0.529513888888889 0.07968750000000001 0.12569444444444444
0 0.21406250000000002 0.3982638888888889 0.0234375 0.05625
0 0.2328125 0.43472222222222223 0.05 0.08750000000000001
0 0.3501953125 0.6375000000000001 0.223046875 0.39583333333333337
0 0.347265625 0.6399305555555556 0.10859375 0.19652777777777777
0 0.2837890625 0.5197916666666667 0.516015625 0.9284722222222223
0 0.27871093750000003 0.5121527777777778 0.408203125 0.7312500000000001
0 0.30703125000000003 0.5677083333333334 0.3125 0.5604166666666667
0 0.3640625 0.6687500000000001 0.296875 0.5319444444444444
0 0.359375 0.6569444444444444 0.18984375 0.3236111111111111
0 0.4087890625 0.7454861111111112 0.29335937500000003 0.5340277777777778
0 0.49843750000000003 0.9052083333333334 0.09453125000000001 0.1826388888888889
0 0.4693359375 0.8534722222222223 0.07382812500000001 0.12916666666666668
0 0.44570312500000003 0.8125 0.13671875 0.25972222222222224
0 0.4892578125 0.8951388888888889 0.416015625 0.7430555555555556
0 0.4625 0.8434027777777778 0.48828125 0.8881944444444445
0 0.494140625 0.898263888888889 0.5328125 0.9298611111111111
0 0.5447265625000001 0.9909722222222223 0.40273437500000003 0.7333333333333334
0 0.48554687500000004 0.8784722222222222 0.44921875 0.7902777777777779
0 0.11992187500000001 0.22777777777777777 0.1328125 0.24166666666666667
0 0.12070312500000001 0.22916666666666669 0.11953125 0.225
0 0.12714843750000002 0.2420138888888889 0.102734375 0.19236111111111112
0 0.1375 0.26319444444444445 0.06640625 0.10416666666666667
0 0.287890625 0.529513888888889 0.07968750000000001 0.12569444444444444
0 0.21406250000000002 0.3982638888888889 0.0234375 0.05625
0 0.2328125 0.43472222222222223 0.05 0.08750000000000001
0 0.3501953125 0.6375000000000001 0.223046875 0.39583333333333337
0 0.347265625 0.6399305555555556 0.10859375 0.19652777777777777
0 0.2837890625 0.5197916666666667 0.516015625 0.9284722222222223
0 0.27871093750000003 0.5121527777777778 0.408203125 0.7312500000000001
0 0.30703125000000003 0.5677083333333334 0.3125 0.5604166666666667
0 0.3640625 0.6687500000000001 0.296875 0.5319444444444444
0 0.359375 0.6569444444444444 0.18984375 0.3236111111111111
0 0.4087890625 0.7454861111111112 0.29335937500000003 0.5340277777777778
0 0.49843750000000003 0.9052083333333334 0.09453125000000001 0.1826388888888889
0 0.4693359375 0.8534722222222223 0.07382812500000001 0.12916666666666668
0 0.44570312500000003 0.8125 0.13671875 0.25972222222222224
0 0.4892578125 0.8951388888888889 0.416015625 0.7430555555555556
0 0.4625 0.8434027777777778 0.48828125 0.8881944444444445
0 0.494140625 0.898263888888889 0.5328125 0.9298611111111111
0 0.5447265625000001 0.9909722222222223 0.40273437500000003 0.7333333333333334
0 0.48554687500000004 0.8784722222222222 0.44921875 0.7902777777777779
