0 0.4541208791208791 0.5909722222222222 0.06978021978021978 0.09444444444444444
0 0.4925824175824176 0.6347222222222223 0.12252747252747252 0.16111111111111112
0 0.5472527472527473 0.7090277777777778 0.056043956043956046 0.07222222222222223
0 0.5667582417582417 0.7312500000000001 0.18296703296703296 0.23055555555555557
0 0.631043956043956 0.8104166666666667 0.128021978021978 0.16666666666666669
0 0.6434065934065935 0.8295138888888889 0.17362637362637362 0.23125
0 0.6376373626373626 0.8194444444444445 0.1401098901098901 0.18055555555555555
0 0.6623626373626373 0.8506944444444445 0.1346153846153846 0.16944444444444445
0 0.7115384615384616 0.9125000000000001 0.18571428571428572 0.23472222222222222
0 0.41813186813186815 0.546875 0.6362637362637362 0.8173611111111111
0 0.4337912087912088 0.5701388888888889 0.6719780219780219 0.8388888888888889
0 0.5717032967032967 0.7375 0.5412087912087912 0.6847222222222222
0 0.4796703296703297 0.6253472222222223 0.656043956043956 0.8354166666666667
0 0.47692307692307695 0.6142361111111111 0.6725274725274726 0.8506944444444445
0 0.49835164835164836 0.640625 0.6934065934065934 0.8784722222222222
0 0.3087912087912088 0.4104166666666667 0.22527472527472528 0.2833333333333333
0 0.36428571428571427 0.4791666666666667 0.4 0.5152777777777778
0 0.38873626373626374 0.5041666666666667 0.22472527472527473 0.28194444444444444
0 0.2653846153846154 0.3458333333333333 0.17472527472527472 0.22361111111111112
0 0.14725274725274726 0.20277777777777778 0.03406593406593406 0.051388888888888894
0 0.11813186813186813 0.165625 0.027472527472527472 0.035416666666666666
0 0.23818681318681317 0.3107638888888889 0.1357142857142857 0.17569444444444446
0 0.2326923076923077 0.3111111111111111 0.17307692307692307 0.20555555555555557
0 0.2217032967032967 0.290625 0.2521978021978022 0.31319444444444444
0 0.37637362637362637 0.4965277777777778 0.4978021978021978 0.6152777777777778
0 0.36428571428571427 0.4743055555555556 0.24835164835164836 0.3263888888888889
0 0.35 0.4590277777777778 0.5296703296703297 0.6805555555555556
