0 0.21565934065934067 0.29618055555555556 0.11263736263736264 0.16458333333333333
0 0.2541208791208791 0.34756944444444443 0.12912087912087913 0.16041666666666668
0 0.22692307692307692 0.3128472222222222 0.17252747252747253 0.21041666666666667
0 0.45686813186813185 0.6045138888888889 0.28626373626373625 0.35625
0 0.3335164835164835 0.4434027777777778 0.34505494505494505 0.44236111111111115
0 0.3228021978021978 0.43125 0.17747252747252748 0.2125
0 0.489010989010989 0.6395833333333334 0.5461538461538461 0.7097222222222223
0 0.48653846153846153 0.6347222222222223 0.7587912087912088 0.9500000000000001
0 0.45467032967032966 0.6017361111111111 0.7708791208791209 0.9770833333333334
0 0.7486263736263736 0.9701388888888889 0.17417582417582417 0.22777777777777777
0 0.7478021978021978 0.9732638888888889 0.1967032967032967 0.2604166666666667
0 0.7387362637362638 0.9527777777777778 0.360989010989011 0.4388888888888889
0 0.5442307692307692 0.709375 0.18626373626373627 0.2534722222222222
0 0.5774725274725274 0.7555555555555555 0.16813186813186815 0.2013888888888889
0 0.5458791208791208 0.7173611111111111 0.2653846153846154 0.30833333333333335
0 0.33763736263736266 0.4552083333333333 0.360989010989011 0.4618055555555556
0 0.3912087912087912 0.5222222222222223 0.31648351648351647 0.42083333333333334
0 0.3903846153846154 0.51875 0.29725274725274725 0.39305555555555555
