0 0.1370879120879121 0.19305555555555556 0.0016483516483516484 0.0
0 0.25274725274725274 0.3354166666666667 0.2087912087912088 0.25
0 0.23434065934065934 0.3072916666666667 0.15 0.19097222222222224
0 0.22115384615384615 0.28958333333333336 0.25769230769230766 0.32222222222222224
0 0.19505494505494506 0.26319444444444445 0.26043956043956046 0.33333333333333337
0 0.28846153846153844 0.38506944444444446 0.0956043956043956 0.12152777777777778
0 0.3546703296703297 0.4684027777777778 0.33681318681318684 0.42708333333333337
0 0.48928571428571427 0.6444444444444445 0.7697802197802198 0.9833333333333334
0 0.6898351648351648 0.8861111111111112 0.3203296703296703 0.41111111111111115
0 0.4502747252747253 0.5847222222222223 0.5148351648351648 0.6513888888888889
0 0.4950549450549451 0.6489583333333333 0.6472527472527473 0.820138888888889
0 0.4401098901098901 0.5722222222222223 0.5615384615384615 0.7263888888888889
0 0.4337912087912088 0.5597222222222222 0.6598901098901099 0.8291666666666667
0 0.6802197802197802 0.8739583333333334 0.16593406593406593 0.20347222222222222
0 0.6302197802197802 0.8097222222222222 0.13406593406593406 0.16666666666666669
0 0.6233516483516484 0.7996527777777778 0.16538461538461538 0.21180555555555555
0 0.6519230769230769 0.8368055555555556 0.1445054945054945 0.19444444444444445
0 0.5898351648351648 0.7618055555555556 0.012637362637362638 0.006944444444444445
0 0.5857142857142857 0.7555555555555555 0.020879120879120878 0.02361111111111111
0 0.5142857142857142 0.6611111111111111 0.12417582417582418 0.15555555555555556
0 0.506043956043956 0.6555555555555556 0.12087912087912088 0.14444444444444446
0 0.2887362637362637 0.37951388888888893 0.28076923076923077 0.3423611111111111
0 0.2906593406593407 0.38993055555555556 0.4175824175824176 0.5298611111111111
0 0.3967032967032967 0.5152777777777778 0.5208791208791209 0.6472222222222223
0 0.253021978021978 0.33298611111111115 0.19725274725274725 0.25069444444444444
0 0.28846153846153844 0.3753472222222222 0.12857142857142856 0.16736111111111113
0 0.6741758241758242 0.8625 0.14285714285714285 0.18611111111111112
0 0.5008241758241758 0.6430555555555556 0.7247252747252747 0.9180555555555556
