0 0.15631868131868132 0.22048611111111113 0.03571428571428571 0.05347222222222223
0 0.1532967032967033 0.22118055555555557 0.005494505494505494 0.015972222222222224
0 0.26373626373626374 0.36006944444444444 0.045054945054945054 0.043750000000000004
0 0.32142857142857145 0.43368055555555557 0.321978021978022 0.42291666666666666
0 0.40824175824175823 0.5385416666666667 0.38351648351648354 0.49097222222222225
0 0.47527472527472525 0.6246527777777778 0.24945054945054945 0.31319444444444444
0 0.5038461538461538 0.6652777777777779 0.5934065934065934 0.7388888888888889
0 0.45796703296703295 0.6020833333333333 0.539010989010989 0.6708333333333334
0 0.45796703296703295 0.6038194444444445 0.6093406593406593 0.7743055555555556
0 0.6744505494505495 0.8815972222222223 0.13901098901098902 0.1701388888888889
0 0.6793956043956044 0.8829861111111111 0.11483516483516483 0.14097222222222222
0 0.676923076923077 0.8822916666666667 0.12527472527472527 0.15625
0 0.5956043956043956 0.7833333333333333 0.08681318681318681 0.11111111111111112
0 0.531043956043956 0.7000000000000001 0.21813186813186813 0.26666666666666666
0 0.49642857142857144 0.6576388888888889 0.2741758241758242 0.35555555555555557
0 0.367032967032967 0.4899305555555556 0.4989010989010989 0.6159722222222223
0 0.3557692307692308 0.48055555555555557 0.48406593406593407 0.6083333333333334
0 0.30631868131868134 0.4166666666666667 0.23461538461538461 0.2888888888888889
