0 0.17832031250000002 0.3385416666666667 0.166015625 0.30486111111111114
0 0.164453125 0.309375 0.21875 0.3923611111111111
0 0.1212890625 0.23506944444444444 0.099609375 0.16180555555555556
0 0.212890625 0.3982638888888889 0.01015625 0.0076388888888888895
0 0.27675781250000003 0.509375 0.136328125 0.22847222222222224
0 0.3291015625 0.6062500000000001 0.08867187500000001 0.1486111111111111
0 0.35468750000000004 0.6506944444444445 0.03828125 0.07361111111111111
0 0.27968750000000003 0.5177083333333333 0.009375000000000001 0.02847222222222222
0 0.269140625 0.49444444444444446 0.43281250000000004 0.7694444444444445
0 0.2451171875 0.45659722222222227 0.417578125 0.7534722222222222
0 0.26992187500000003 0.49895833333333334 0.31796875 0.5506944444444445
0 0.34414062500000003 0.6309027777777778 0.2625 0.4534722222222222
0 0.369921875 0.6809027777777779 0.1921875 0.3451388888888889
0 0.37226562500000004 0.6822916666666667 0.16484375 0.27569444444444446
0 0.5281250000000001 0.9611111111111111 0.07500000000000001 0.12083333333333333
0 0.4609375 0.8381944444444445 0.025781250000000002 0.059722222222222225
0 0.4470703125 0.8177083333333334 0.138671875 0.2659722222222222
0 0.53828125 0.9770833333333334 0.49921875000000004 0.8708333333333333
0 0.546484375 0.992013888888889 0.4078125 0.7395833333333334
0 0.46718750000000003 0.8503472222222223 0.49062500000000003 0.8618055555555556
0 0.4703125 0.8524305555555556 0.5007812500000001 0.8951388888888889
0 0.421484375 0.76875 0.53828125 0.951388888888889
