0 0.241015625 0.4517361111111111 0.07578125000000001 0.13958333333333334
0 0.2990234375 0.5506944444444445 0.050390625 0.09027777777777778
0 0.22285156250000002 0.41770833333333335 0.008203125 0.02291666666666667
0 0.41250000000000003 0.7538194444444445 0.16953125000000002 0.28125
0 0.35234375 0.65 0.04453125 0.07777777777777778
0 0.1796875 0.34131944444444445 0.16328125000000002 0.30347222222222225
0 0.16230468750000002 0.3072916666666667 0.219140625 0.38958333333333334
0 0.121484375 0.23333333333333334 0.10234375000000001 0.16666666666666669
0 0.37324218750000004 0.6888888888888889 0.195703125 0.33611111111111114
0 0.3408203125 0.6274305555555556 0.22382812500000002 0.3909722222222222
0 0.4267578125 0.7770833333333333 0.16757812500000002 0.31666666666666665
0 0.486328125 0.8902777777777778 0.035937500000000004 0.04861111111111111
0 0.49628906250000004 0.9027777777777778 0.011328125000000001 0.002777777777777778
0 0.5291015625000001 0.9614583333333334 0.076171875 0.11736111111111111
0 0.26894531250000003 0.496875 0.31757812500000004 0.5506944444444445
0 0.2984375 0.5517361111111111 0.49062500000000003 0.8645833333333334
0 0.29921875000000003 0.55 0.521875 0.913888888888889
0 0.5380859375 0.9767361111111111 0.499609375 0.8701388888888889
0 0.5222656250000001 0.9489583333333333 0.45937500000000003 0.795138888888889
0 0.4685546875 0.8538194444444445 0.487890625 0.8493055555555555
0 0.4697265625 0.8538194444444445 0.498828125 0.8979166666666667
0 0.42128906250000003 0.7680555555555556 0.537109375 0.951388888888889
