0 0.35027472527472525 0.46319444444444446 0.1401098901098901 0.1902777777777778
0 0.30027472527472526 0.3965277777777778 0.3302197802197802 0.43194444444444446
0 0.4145604395604396 0.5354166666666667 0.21373626373626373 0.2625
0 0.43763736263736264 0.5722222222222223 0.5357142857142857 0.6694444444444445
0 0.4381868131868132 0.576388888888889 0.5576923076923077 0.6972222222222223
0 0.4771978021978022 0.6284722222222222 0.7664835164835165 0.9750000000000001
0 0.5233516483516484 0.6805555555555556 0.7741758241758242 0.9625
0 0.4472527472527473 0.5770833333333334 0.7131868131868132 0.9027777777777778
0 0.6788461538461539 0.8711805555555556 0.16538461538461538 0.20208333333333334
0 0.6645604395604395 0.8552083333333333 0.15219780219780218 0.18958333333333335
0 0.6535714285714286 0.8423611111111111 0.13131868131868132 0.16944444444444445
0 0.6293956043956044 0.8100694444444445 0.1357142857142857 0.16736111111111113
0 0.4804945054945055 0.6218750000000001 0.11263736263736264 0.15069444444444444
0 0.5335164835164835 0.6930555555555555 0.12417582417582418 0.1638888888888889
0 0.5717032967032967 0.7388888888888889 0.007142857142857143 0.020833333333333336
0 0.564010989010989 0.7288194444444445 0.13351648351648351 0.16875
0 0.6532967032967033 0.8371527777777779 0.15604395604395604 0.19097222222222224
0 0.303021978021978 0.40069444444444446 0.38956043956043956 0.5041666666666667
0 0.3425824175824176 0.45 0.5258241758241758 0.6666666666666667
0 0.4002747252747253 0.5211805555555555 0.5192307692307693 0.6659722222222223
0 0.22472527472527473 0.30208333333333337 0.04065934065934066 0.05277777777777778
0 0.14038461538461539 0.19444444444444445 0.053296703296703295 0.07083333333333333
0 0.2502747252747253 0.3315972222222222 0.21923076923076923 0.26458333333333334
0 0.23516483516483516 0.3079861111111111 0.15164835164835164 0.18958333333333335
0 0.21263736263736263 0.2826388888888889 0.26593406593406593 0.32916666666666666
0 0.26868131868131867 0.35034722222222225 0.14065934065934066 0.1840277777777778
