0 0.27197802197802196 0.3701388888888889 0.08571428571428572 0.10694444444444445
0 0.18873626373626373 0.26145833333333335 0.0521978021978022 0.07569444444444445
0 0.22857142857142856 0.3107638888888889 0.15714285714285714 0.18541666666666667
0 0.4107142857142857 0.5368055555555555 0.38076923076923075 0.48888888888888893
0 0.4521978021978022 0.5961805555555556 0.16593406593406593 0.22847222222222224
0 0.3395604395604396 0.45069444444444445 0.17032967032967034 0.21666666666666667
0 0.5574175824175824 0.7288194444444445 0.6928571428571428 0.8645833333333334
0 0.4458791208791209 0.584375 0.7532967032967033 0.9548611111111112
0 0.475 0.6218750000000001 0.7818681318681319 0.9868055555555556
0 0.7406593406593407 0.9593750000000001 0.14615384615384616 0.1826388888888889
0 0.7027472527472527 0.909375 0.11538461538461539 0.15069444444444444
0 0.6961538461538461 0.8986111111111111 0.11868131868131868 0.15833333333333333
0 0.5634615384615385 0.7340277777777778 0.2598901098901099 0.30972222222222223
0 0.5239010989010989 0.6861111111111111 0.27197802197802196 0.3236111111111111
0 0.509065934065934 0.670138888888889 0.28736263736263734 0.3625
0 0.38653846153846155 0.5125000000000001 0.45989010989010987 0.5652777777777778
0 0.38076923076923075 0.5045138888888889 0.45164835164835165 0.5631944444444444
0 0.31456043956043955 0.42291666666666666 0.47307692307692306 0.6083333333333334
