0 0.13021978021978023 0.18090277777777777 0.04285714285714286 0.04097222222222222
0 0.16813186813186815 0.2295138888888889 0.16483516483516483 0.21319444444444446
0 0.2175824175824176 0.29131944444444446 0.23186813186813188 0.28541666666666665
0 0.24368131868131868 0.3246527777777778 0.22582417582417583 0.2965277777777778
0 0.2651098901098901 0.3496527777777778 0.19395604395604396 0.24791666666666667
0 0.4043956043956044 0.5281250000000001 0.3791208791208791 0.4743055555555556
0 0.4793956043956044 0.6208333333333333 0.55 0.7027777777777778
0 0.43846153846153846 0.5684027777777778 0.5362637362637362 0.6743055555555556
0 0.5247252747252747 0.6802083333333334 0.5032967032967033 0.6423611111111112
0 0.5804945054945055 0.7489583333333334 0.6203296703296703 0.7826388888888889
0 0.5607142857142857 0.7243055555555555 0.7489010989010989 0.9416666666666667
0 0.5304945054945055 0.6875 0.7741758241758242 0.976388888888889
0 0.5134615384615384 0.6638888888888889 0.7851648351648352 0.9972222222222222
0 0.414010989010989 0.5381944444444444 0.7060439560439561 0.8972222222222223
0 0.41098901098901097 0.5336805555555556 0.6593406593406593 0.8215277777777779
0 0.41785714285714287 0.5416666666666667 0.6598901098901099 0.8277777777777778
0 0.7247252747252747 0.935763888888889 0.23406593406593407 0.29791666666666666
0 0.7351648351648352 0.9423611111111111 0.26593406593406593 0.33611111111111114
0 0.739010989010989 0.946875 0.2813186813186813 0.3590277777777778
0 0.7313186813186813 0.9388888888888889 0.2835164835164835 0.3611111111111111
0 0.5689560439560439 0.7368055555555556 0.29395604395604397 0.3805555555555556
0 0.6288461538461538 0.8072916666666667 0.38956043956043956 0.4951388888888889
0 0.6392857142857142 0.8204861111111111 0.26978021978021977 0.3479166666666667
0 0.46016483516483514 0.5975694444444445 0.008241758241758242 0.004861111111111111
0 0.5379120879120879 0.6961805555555556 0.051648351648351645 0.06458333333333334
0 0.5038461538461538 0.65 0.21208791208791208 0.275
0 0.41126373626373625 0.5409722222222222 0.06758241758241758 0.09444444444444444
0 0.35824175824175825 0.4701388888888889 0.25054945054945055 0.33194444444444443
0 0.34395604395604396 0.4486111111111111 0.23956043956043957 0.30833333333333335
0 0.40796703296703296 0.5309027777777778 0.4785714285714286 0.5923611111111111
