0 0.389010989010989 0.5083333333333333 0.1956043956043956 0.2611111111111111
0 0.5543956043956044 0.7156250000000001 0.2010989010989011 0.2423611111111111
0 0.5063186813186813 0.6569444444444444 0.21043956043956044 0.27361111111111114
0 0.3425824175824176 0.4496527777777778 0.5214285714285715 0.6645833333333333
0 0.3447802197802198 0.4527777777777778 0.4423076923076923 0.5625
0 0.21785714285714286 0.290625 0.2631868131868132 0.3354166666666667
0 0.1978021978021978 0.2652777777777778 0.2087912087912088 0.2777777777777778
0 0.19642857142857142 0.2611111111111111 0.27087912087912086 0.3416666666666667
0 0.18983516483516483 0.25104166666666666 0.2587912087912088 0.33263888888888893
0 0.12087912087912088 0.16909722222222223 0.016483516483516484 0.011805555555555555
0 0.27692307692307694 0.36388888888888893 0.1076923076923077 0.14027777777777778
0 0.40934065934065933 0.534375 0.3263736263736264 0.4256944444444445
0 0.4980769230769231 0.6465277777777778 0.12142857142857143 0.16527777777777777
0 0.589010989010989 0.7579861111111111 0.008791208791208791 0.02291666666666667
0 0.4107142857142857 0.5385416666666667 0.2664835164835165 0.3493055555555556
0 0.4620879120879121 0.6038194444444445 0.7571428571428571 0.9743055555555556
0 0.5843406593406594 0.7600694444444445 0.5708791208791208 0.7145833333333333
0 0.5497252747252748 0.7152777777777778 0.5082417582417582 0.6361111111111112
0 0.4239010989010989 0.5513888888888889 0.5807692307692308 0.7263888888888889
0 0.6288461538461538 0.8093750000000001 0.13791208791208792 0.16041666666666668
0 0.6450549450549451 0.8322916666666667 0.14395604395604394 0.18541666666666667
0 0.6461538461538462 0.8298611111111112 0.17142857142857143 0.20833333333333334
0 0.704945054945055 0.904513888888889 0.15054945054945054 0.19652777777777777
0 0.7406593406593407 0.951388888888889 0.3021978021978022 0.3736111111111111
