0 0.15467032967032968 0.21145833333333333 0.04120879120879121 0.05625
0 0.20494505494505494 0.2777777777777778 0.027472527472527472 0.04166666666666667
0 0.175 0.23854166666666668 0.2456043956043956 0.2951388888888889
0 0.3 0.39375 0.46373626373626375 0.5777777777777778
0 0.4277472527472527 0.5559027777777777 0.47527472527472525 0.5979166666666667
0 0.3546703296703297 0.46597222222222223 0.2302197802197802 0.2902777777777778
0 0.5461538461538461 0.7111111111111111 0.210989010989011 0.26805555555555555
0 0.46263736263736266 0.6003472222222223 0.0978021978021978 0.11041666666666668
0 0.5074175824175824 0.6576388888888889 0.12912087912087913 0.15555555555555556
0 0.24395604395604395 0.32256944444444446 0.21318681318681318 0.26180555555555557
0 0.3524725274725275 0.46493055555555557 0.18956043956043955 0.2534722222222222
0 0.4186813186813187 0.5493055555555556 0.6527472527472528 0.8361111111111111
0 0.48928571428571427 0.6347222222222223 0.48956043956043954 0.6055555555555556
0 0.5431318681318681 0.7072916666666667 0.47197802197802197 0.6118055555555556
0 0.7054945054945055 0.9069444444444444 0.15384615384615385 0.19861111111111113
0 0.643956043956044 0.8302083333333333 0.15824175824175823 0.18541666666666667
0 0.6288461538461538 0.8086805555555556 0.13681318681318683 0.16319444444444445
0 0.5986263736263736 0.7756944444444445 0.21923076923076923 0.27222222222222225
