0 0.5186813186813187 0.6704861111111111 0.12747252747252746 0.17152777777777778
0 0.5211538461538462 0.6739583333333333 0.12032967032967033 0.16736111111111113
0 0.5173076923076924 0.6715277777777778 0.11263736263736264 0.1486111111111111
0 0.6296703296703297 0.8100694444444445 0.13406593406593406 0.16736111111111113
0 0.6535714285714286 0.8395833333333333 0.1445054945054945 0.17916666666666667
0 0.6818681318681319 0.875 0.16813186813186815 0.20416666666666666
0 0.589010989010989 0.759375 0.03076923076923077 0.03125
0 0.4 0.5197916666666667 0.5131868131868131 0.64375
0 0.439010989010989 0.5711805555555556 0.3384615384615385 0.4340277777777778
0 0.2906593406593407 0.3871527777777778 0.4142857142857143 0.5256944444444445
0 0.7420329670329671 0.9548611111111112 0.2895604395604396 0.37083333333333335
0 0.5807692307692308 0.7586805555555556 0.5461538461538461 0.70625
0 0.5796703296703297 0.7517361111111112 0.6285714285714286 0.7840277777777778
0 0.4543956043956044 0.5909722222222222 0.5153846153846153 0.6416666666666667
0 0.43626373626373627 0.5708333333333333 0.5714285714285714 0.725
0 0.4739010989010989 0.6111111111111112 0.48516483516483516 0.6097222222222223
0 0.32335164835164837 0.4260416666666667 0.26978021978021977 0.3548611111111111
0 0.39972527472527475 0.5211805555555555 0.31263736263736264 0.4076388888888889
0 0.3423076923076923 0.4447916666666667 0.1054945054945055 0.13958333333333334
0 0.2510989010989011 0.33090277777777777 0.2813186813186813 0.36458333333333337
0 0.21456043956043955 0.28541666666666665 0.2543956043956044 0.3180555555555556
0 0.24285714285714285 0.3229166666666667 0.22417582417582418 0.275
0 0.23324175824175825 0.309375 0.1478021978021978 0.1826388888888889
0 0.13846153846153847 0.19236111111111112 0.11208791208791209 0.1486111111111111
