0 0.5601648351648352 0.7309027777777778 0.5192307692307693 0.6645833333333333
0 0.4277472527472527 0.5569444444444445 0.6049450549450549 0.7722222222222223
0 0.5782967032967034 0.7510416666666667 0.7082417582417583 0.8951388888888889
0 0.3752747252747253 0.4934027777777778 0.25164835164835164 0.30486111111111114
0 0.4010989010989011 0.5281250000000001 0.22747252747252747 0.30208333333333337
0 0.4197802197802198 0.5437500000000001 0.26483516483516484 0.325
0 0.303021978021978 0.3979166666666667 0.3038461538461538 0.37083333333333335
0 0.13131868131868132 0.18298611111111113 0.016483516483516484 0.024305555555555556
0 0.15989010989010988 0.22013888888888888 0.045054945054945054 0.05416666666666667
0 0.11978021978021978 0.17118055555555556 0.17362637362637362 0.22569444444444445
0 0.24972527472527473 0.3295138888888889 0.22362637362637364 0.2729166666666667
0 0.2978021978021978 0.39583333333333337 0.26153846153846155 0.32083333333333336
0 0.36565934065934064 0.4822916666666667 0.4104395604395604 0.5256944444444445
0 0.3914835164835165 0.5128472222222222 0.47307692307692306 0.5868055555555556
0 0.5607142857142857 0.7236111111111111 0.18846153846153846 0.23055555555555557
0 0.5288461538461539 0.6854166666666667 0.046703296703296704 0.07222222222222223
0 0.5024725274725275 0.6541666666666667 0.13681318681318683 0.17222222222222222
0 0.5156593406593406 0.6687500000000001 0.12912087912087913 0.15972222222222224
0 0.6719780219780219 0.8673611111111111 0.14725274725274726 0.17222222222222222
0 0.7063186813186814 0.9076388888888889 0.1565934065934066 0.2
0 0.6571428571428571 0.8461805555555556 0.13956043956043956 0.16736111111111113
0 0.6288461538461538 0.8114583333333334 0.13681318681318683 0.16319444444444445
0 0.6447802197802198 0.83125 0.17527472527472526 0.2263888888888889
