0 0.2802734375 0.5170138888888889 0.033984375000000004 0.04930555555555556
0 0.233203125 0.43368055555555557 0.02734375 0.04236111111111111
0 0.23261718750000002 0.43368055555555557 0.053515625000000004 0.11319444444444444
0 0.193359375 0.36215277777777777 0.09921875000000001 0.16458333333333333
0 0.181640625 0.3385416666666667 0.06171875 0.11458333333333334
0 0.1462890625 0.27708333333333335 0.091796875 0.1513888888888889
0 0.34609375000000003 0.6309027777777778 0.234375 0.4215277777777778
0 0.3521484375 0.6451388888888889 0.27382812500000003 0.5041666666666667
0 0.3552734375 0.6517361111111112 0.25820312500000003 0.4590277777777778
0 0.23398437500000002 0.4329861111111111 0.4109375 0.7409722222222223
0 0.274609375 0.5041666666666667 0.5046875000000001 0.9027777777777778
0 0.298046875 0.546875 0.5296875 0.9298611111111111
0 0.4302734375 0.7829861111111112 0.178515625 0.32708333333333334
0 0.44296875 0.8055555555555556 0.21796875000000002 0.4
0 0.4841796875 0.8809027777777778 0.09726562500000001 0.17847222222222223
0 0.5212890625000001 0.945138888888889 0.155078125 0.2611111111111111
0 0.5419921875 0.9836805555555556 0.08554687500000001 0.14097222222222222
0 0.519140625 0.9486111111111112 0.51796875 0.9319444444444445
0 0.5294921875 0.9625 0.504296875 0.8986111111111111
0 0.49648437500000003 0.9024305555555556 0.5265625 0.9520833333333334
0 0.5228515625 0.9458333333333334 0.44648437500000004 0.7944444444444445
