0 0.41208791208791207 0.5399305555555556 0.2978021978021978 0.3826388888888889
0 0.30521978021978025 0.40694444444444444 0.42142857142857143 0.5472222222222223
0 0.26703296703296703 0.3527777777777778 0.2989010989010989 0.3819444444444445
0 0.3706043956043956 0.478125 0.3456043956043956 0.43680555555555556
0 0.31868131868131866 0.4232638888888889 0.4978021978021978 0.6409722222222223
0 0.3343406593406593 0.43993055555555555 0.49065934065934064 0.6354166666666667
0 0.35521978021978023 0.4652777777777778 0.5302197802197802 0.6819444444444445
0 0.5868131868131868 0.7642361111111111 0.11978021978021978 0.14652777777777778
0 0.596978021978022 0.775 0.06318681318681318 0.08611111111111111
0 0.5953296703296703 0.7684027777777778 0.05549450549450549 0.05486111111111111
0 0.7403846153846154 0.9510416666666667 0.2456043956043956 0.3201388888888889
0 0.6865384615384615 0.8815972222222223 0.17197802197802198 0.2076388888888889
0 0.65 0.8364583333333334 0.14835164835164835 0.19652777777777777
0 0.6329670329670329 0.8170138888888889 0.15604395604395604 0.18958333333333335
0 0.5043956043956044 0.6638888888888889 0.7802197802197802 0.9750000000000001
0 0.4206043956043956 0.5520833333333334 0.6730769230769231 0.8541666666666667
0 0.44368131868131866 0.5836805555555555 0.539010989010989 0.6895833333333333
0 0.49038461538461536 0.6399305555555556 0.7489010989010989 0.9534722222222223
0 0.5002747252747253 0.6440972222222222 0.4642857142857143 0.59375
0 0.20137362637362638 0.27361111111111114 0.2763736263736264 0.35000000000000003
0 0.21263736263736263 0.28229166666666666 0.2703296703296703 0.35347222222222224
0 0.23104395604395606 0.3076388888888889 0.13901098901098902 0.17916666666666667
0 0.11263736263736264 0.16145833333333334 0.1087912087912088 0.13819444444444445
0 0.11153846153846154 0.16006944444444446 0.12417582417582418 0.1701388888888889
0 0.5659340659340659 0.7329861111111111 0.14945054945054945 0.18680555555555556
