0 0.19807692307692307 0.26944444444444443 0.128021978021978 0.14722222222222223
0 0.10467032967032967 0.146875 0.0489010989010989 0.07430555555555556
0 0.1445054945054945 0.2 0.21318681318681318 0.2791666666666667
0 0.1914835164835165 0.2625 0.2302197802197802 0.29583333333333334
0 0.20604395604395603 0.2701388888888889 0.01978021978021978 0.022222222222222223
0 0.3782967032967033 0.4982638888888889 0.1532967032967033 0.20625000000000002
0 0.24615384615384617 0.3263888888888889 0.22637362637362637 0.28611111111111115
0 0.24285714285714285 0.3232638888888889 0.22857142857142856 0.28541666666666665
0 0.4258241758241758 0.5506944444444445 0.6208791208791209 0.7763888888888889
0 0.4228021978021978 0.5472222222222223 0.6412087912087913 0.8
0 0.4153846153846154 0.5392361111111111 0.5791208791208792 0.7423611111111111
0 0.41016483516483515 0.5329861111111112 0.6247252747252747 0.7923611111111112
0 0.41208791208791207 0.5340277777777778 0.6505494505494506 0.8222222222222223
0 0.4115384615384615 0.5305555555555556 0.6626373626373626 0.8430555555555556
0 0.4063186813186813 0.5326388888888889 0.65 0.8180555555555555
0 0.42445054945054944 0.5493055555555556 0.7203296703296703 0.913888888888889
0 0.45164835164835165 0.5795138888888889 0.7681318681318682 0.9701388888888889
0 0.4774725274725275 0.6131944444444445 0.7461538461538462 0.9430555555555556
0 0.5659340659340659 0.7354166666666667 0.5439560439560439 0.6888888888888889
0 0.5719780219780219 0.7409722222222223 0.2703296703296703 0.3375
0 0.5903846153846154 0.7590277777777779 0.3489010989010989 0.43472222222222223
0 0.5906593406593407 0.7569444444444444 0.35934065934065934 0.4513888888888889
0 0.6019230769230769 0.7770833333333333 0.36648351648351646 0.45972222222222225
0 0.6148351648351649 0.7864583333333334 0.35604395604395606 0.4479166666666667
0 0.6098901098901099 0.7840277777777778 0.378021978021978 0.48194444444444445
0 0.6079670329670329 0.7802083333333334 0.1543956043956044 0.19791666666666669
0 0.6195054945054945 0.7958333333333334 0.1532967032967033 0.18888888888888888
0 0.6244505494505495 0.8041666666666667 0.12472527472527473 0.15
0 0.6881868131868132 0.8927083333333333 0.4412087912087912 0.5604166666666667
0 0.5953296703296703 0.7697916666666667 0.41923076923076924 0.5465277777777778
0 0.5837912087912088 0.7489583333333334 0.39175824175824175 0.5006944444444444
0 0.7346153846153847 0.951388888888889 0.3054945054945055 0.37222222222222223
0 0.5486263736263737 0.7142361111111112 0.12912087912087913 0.16041666666666668
0 0.489010989010989 0.6354166666666667 0.2175824175824176 0.275
0 0.49148351648351646 0.6375000000000001 0.20824175824175825 0.27083333333333337
0 0.41236263736263734 0.5361111111111111 0.11483516483516483 0.1388888888888889
0 0.325 0.4361111111111111 0.22252747252747251 0.2916666666666667
0 0.3791208791208791 0.4930555555555556 0.2934065934065934 0.36388888888888893
0 0.41208791208791207 0.5420138888888889 0.42417582417582417 0.5340277777777778
