0 0.21620879120879122 0.3013888888888889 0.15989010989010988 0.19861111111111113
0 0.1532967032967033 0.21944444444444444 0.016483516483516484 0.02361111111111111
0 0.21071428571428572 0.2888888888888889 0.10934065934065934 0.15972222222222224
0 0.3010989010989011 0.40729166666666666 0.26593406593406593 0.33263888888888893
0 0.3598901098901099 0.4760416666666667 0.2549450549450549 0.3298611111111111
0 0.3574175824175824 0.4774305555555556 0.10604395604395604 0.14097222222222222
0 0.41016483516483515 0.5420138888888889 0.6840659340659341 0.86875
0 0.4282967032967033 0.5659722222222222 0.6983516483516483 0.9
0 0.5208791208791209 0.6805555555555556 0.6934065934065934 0.888888888888889
0 0.6653846153846154 0.867013888888889 0.4032967032967033 0.5201388888888889
0 0.7524725274725275 0.9770833333333334 0.260989010989011 0.3263888888888889
0 0.6914835164835165 0.8954861111111111 0.15879120879120878 0.1840277777777778
0 0.5019230769230769 0.6635416666666667 0.29395604395604397 0.3701388888888889
0 0.42527472527472526 0.5628472222222223 0.1945054945054945 0.2604166666666667
0 0.4576923076923077 0.6038194444444445 0.29010989010989013 0.3423611111111111
0 0.38571428571428573 0.5125000000000001 0.2857142857142857 0.37777777777777777
0 0.3925824175824176 0.5211805555555555 0.30934065934065935 0.40902777777777777
0 0.34093406593406594 0.4604166666666667 0.36428571428571427 0.4666666666666667
