0 0.17197802197802198 0.23958333333333334 0.12747252747252746 0.17500000000000002
0 0.16895604395604397 0.23333333333333334 0.10604395604395604 0.14444444444444446
0 0.16126373626373627 0.22812500000000002 0.06318681318681318 0.09097222222222223
0 0.41016483516483515 0.5454861111111111 0.1423076923076923 0.18541666666666667
0 0.3994505494505495 0.5281250000000001 0.23956043956043957 0.3076388888888889
0 0.42527472527472526 0.5559027777777777 0.3879120879120879 0.48958333333333337
0 0.4755494505494505 0.623263888888889 0.7653846153846153 0.96875
0 0.4480769230769231 0.5906250000000001 0.7653846153846153 0.9729166666666667
0 0.43956043956043955 0.5805555555555556 0.7571428571428571 0.9527777777777778
0 0.6502747252747253 0.8402777777777778 0.30164835164835163 0.3888888888888889
0 0.6546703296703297 0.8489583333333334 0.1532967032967033 0.20208333333333334
0 0.7406593406593407 0.9597222222222223 0.13296703296703297 0.17916666666666667
0 0.5826923076923077 0.7631944444444445 0.015934065934065933 0.034722222222222224
0 0.48956043956043954 0.6430555555555556 0.031868131868131866 0.058333333333333334
0 0.4760989010989011 0.6284722222222222 0.21043956043956044 0.27083333333333337
0 0.4087912087912088 0.5434027777777778 0.3384615384615385 0.43819444444444444
0 0.32857142857142857 0.44062500000000004 0.3934065934065934 0.4965277777777778
0 0.3173076923076923 0.42534722222222227 0.4467032967032967 0.5770833333333334
