0 0.280078125 0.515625 0.0328125 0.04930555555555556
0 0.23300781250000002 0.43333333333333335 0.026953125 0.043055555555555555
0 0.23203125000000002 0.4340277777777778 0.05390625 0.11527777777777778
0 0.1484375 0.28020833333333334 0.08750000000000001 0.14652777777777778
0 0.181640625 0.340625 0.05859375 0.11180555555555556
0 0.1716796875 0.3232638888888889 0.018359375 0.04513888888888889
0 0.34765625 0.63125 0.23515625 0.425
0 0.3486328125 0.638888888888889 0.226953125 0.41805555555555557
0 0.28750000000000003 0.5302083333333334 0.40156250000000004 0.7131944444444445
0 0.275 0.503125 0.50390625 0.9020833333333333
0 0.27734375 0.5131944444444445 0.50390625 0.9055555555555556
0 0.5470703125 0.9954861111111112 0.06992187500000001 0.12986111111111112
0 0.5443359375 0.9861111111111112 0.086328125 0.14583333333333334
0 0.4833984375 0.8795138888888889 0.095703125 0.17569444444444446
0 0.43007812500000003 0.7840277777777778 0.18281250000000002 0.33194444444444443
0 0.444140625 0.8069444444444445 0.22187500000000002 0.40694444444444444
0 0.35664062500000004 0.6534722222222222 0.26171875 0.4638888888888889
0 0.5158203125 0.9440972222222223 0.516015625 0.9270833333333334
0 0.5177734375 0.9430555555555556 0.564453125 0.9958333333333333
0 0.5142578125 0.9364583333333334 0.405859375 0.7076388888888889
0 0.5212890625000001 0.9437500000000001 0.443359375 0.7791666666666667
