0 0.21953125 0.4173611111111111 0.0015625 0.018055555555555557
0 0.1775390625 0.33958333333333335 0.20039062500000002 0.34861111111111115
0 0.18417968750000002 0.3506944444444445 0.009765625 0.034722222222222224
0 0.32949218750000003 0.6045138888888889 0.19101562500000002 0.35625
0 0.35683593750000003 0.6614583333333334 0.23164062500000002 0.40347222222222223
0 0.38691406250000004 0.7107638888888889 0.18085937500000002 0.3340277777777778
0 0.28066406250000003 0.5270833333333333 0.408203125 0.7444444444444445
0 0.2978515625 0.5506944444444445 0.312109375 0.5486111111111112
0 0.3232421875 0.596875 0.21601562500000002 0.40625
0 0.4375 0.8069444444444445 0.030468750000000003 0.051388888888888894
0 0.40644531250000004 0.7486111111111111 0.006640625000000001 0.022222222222222223
0 0.48125 0.8809027777777778 0.0625 0.08958333333333333
0 0.43007812500000003 0.790625 0.5421875 0.9659722222222222
