0 0.4980769230769231 0.6565972222222223 0.7456043956043956 0.9215277777777778
0 0.5846153846153846 0.7628472222222222 0.6615384615384615 0.8256944444444445
0 0.4925824175824176 0.6461805555555555 0.55 0.68125
0 0.7239010989010989 0.9392361111111112 0.3489010989010989 0.42708333333333337
0 0.7456043956043956 0.9673611111111111 0.07032967032967033 0.10555555555555556
0 0.7093406593406594 0.9197916666666667 0.054945054945054944 0.07708333333333334
0 0.6274725274725275 0.8173611111111111 0.06923076923076923 0.07222222222222223
0 0.5733516483516483 0.7503472222222223 0.16538461538461538 0.2326388888888889
0 0.5634615384615385 0.7444444444444445 0.2587912087912088 0.3194444444444445
0 0.3942307692307692 0.5253472222222222 0.3412087912087912 0.43819444444444444
0 0.32472527472527474 0.434375 0.5186813186813187 0.6798611111111111
0 0.34835164835164834 0.46284722222222224 0.567032967032967 0.732638888888889
0 0.28598901098901097 0.3875 0.11483516483516483 0.13055555555555556
0 0.30604395604395607 0.41145833333333337 0.27802197802197803 0.34652777777777777
0 0.3903846153846154 0.5184027777777778 0.2785714285714286 0.33958333333333335
0 0.22087912087912087 0.3059027777777778 0.08351648351648351 0.08819444444444445
0 0.16593406593406593 0.23645833333333335 0.045054945054945054 0.06319444444444444
0 0.20796703296703298 0.2923611111111111 0.18516483516483517 0.22361111111111112
