0 0.3269230769230769 0.43506944444444445 0.5241758241758242 0.68125
0 0.34505494505494505 0.45798611111111115 0.5637362637362637 0.7284722222222223
0 0.39587912087912086 0.5236111111111111 0.33791208791208793 0.4361111111111111
0 0.5739010989010989 0.7506944444444444 0.16428571428571428 0.23333333333333334
0 0.6274725274725275 0.8208333333333334 0.06813186813186813 0.06944444444444445
0 0.7445054945054945 0.9645833333333333 0.06923076923076923 0.10138888888888889
0 0.7093406593406594 0.9215277777777778 0.06043956043956044 0.07777777777777778
0 0.4958791208791209 0.6489583333333333 0.5510989010989011 0.6798611111111111
0 0.5837912087912088 0.765625 0.6532967032967033 0.820138888888889
0 0.49725274725274726 0.6583333333333333 0.7461538461538462 0.9222222222222223
0 0.38873626373626374 0.5170138888888889 0.28626373626373625 0.35208333333333336
0 0.30631868131868134 0.4131944444444445 0.2774725274725275 0.3472222222222222
0 0.28598901098901097 0.3909722222222222 0.11263736263736264 0.1277777777777778
0 0.21593406593406594 0.30173611111111115 0.08901098901098901 0.09375
0 0.16483516483516483 0.2371527777777778 0.041758241758241756 0.06180555555555556
0 0.2032967032967033 0.2857638888888889 0.18571428571428572 0.22847222222222224
0 0.5618131868131868 0.7430555555555556 0.2598901098901099 0.3194444444444445
0 0.7269230769230769 0.9423611111111111 0.34725274725274724 0.4277777777777778
