0 0.2552197802197802 0.3402777777777778 0.015934065934065933 0.036111111111111115
0 0.18571428571428572 0.2534722222222222 0.16263736263736264 0.21666666666666667
0 0.23214285714285715 0.3059027777777778 0.13901098901098902 0.17708333333333334
0 0.21071428571428572 0.28229166666666666 0.2642857142857143 0.3423611111111111
0 0.21703296703296704 0.2881944444444445 0.26263736263736265 0.33333333333333337
0 0.3274725274725275 0.4326388888888889 0.42527472527472526 0.5486111111111112
0 0.3357142857142857 0.4357638888888889 0.42527472527472526 0.5423611111111112
0 0.4107142857142857 0.5399305555555556 0.28186813186813187 0.36458333333333337
0 0.32664835164835165 0.42708333333333337 0.260989010989011 0.325
0 0.5857142857142857 0.763888888888889 0.5714285714285714 0.7333333333333334
0 0.5631868131868132 0.7291666666666667 0.521978021978022 0.6458333333333334
0 0.432967032967033 0.5680555555555555 0.701098901098901 0.888888888888889
0 0.4997252747252747 0.6440972222222222 0.47087912087912087 0.5923611111111111
0 0.631043956043956 0.8121527777777778 0.1357142857142857 0.16736111111111113
0 0.6868131868131868 0.8812500000000001 0.17142857142857143 0.20694444444444446
0 0.7423076923076923 0.9565972222222222 0.2934065934065934 0.37430555555555556
0 0.6486263736263737 0.8333333333333334 0.1401098901098901 0.17222222222222222
0 0.6494505494505495 0.835763888888889 0.15714285714285714 0.18958333333333335
0 0.6 0.7736111111111111 0.026373626373626374 0.04166666666666667
0 0.5934065934065934 0.7704861111111111 0.024175824175824177 0.02847222222222222
0 0.48626373626373626 0.6302083333333334 0.22087912087912087 0.28958333333333336
0 0.49642857142857144 0.6427083333333333 0.08296703296703296 0.09930555555555556
0 0.3118131868131868 0.4166666666666667 0.5049450549450549 0.65
0 0.33653846153846156 0.43993055555555555 0.4950549450549451 0.6395833333333334
0 0.27115384615384613 0.3597222222222222 0.3521978021978022 0.45555555555555555
0 0.43873626373626373 0.5743055555555556 0.5423076923076923 0.6763888888888889
