0 0.16538461538461538 0.22847222222222224 0.021978021978021976 0.044444444444444446
0 0.1848901098901099 0.259375 0.053296703296703295 0.06736111111111111
0 0.2771978021978022 0.375 0.03131868131868132 0.02361111111111111
0 0.36153846153846153 0.4756944444444445 0.13406593406593406 0.17500000000000002
0 0.4725274725274725 0.6256944444444444 0.2967032967032967 0.38333333333333336
0 0.4107142857142857 0.5371527777777778 0.382967032967033 0.48958333333333337
0 0.4857142857142857 0.6350694444444445 0.5252747252747253 0.6631944444444444
0 0.48653846153846153 0.6413194444444444 0.5258241758241758 0.6659722222222223
0 0.4521978021978022 0.5934027777777778 0.756043956043956 0.9729166666666667
0 0.628021978021978 0.8180555555555555 0.321978021978022 0.4166666666666667
0 0.7230769230769231 0.9315972222222223 0.11318681318681319 0.15208333333333335
0 0.7167582417582418 0.9305555555555556 0.12472527472527473 0.15694444444444444
0 0.5978021978021978 0.7815972222222223 0.13846153846153847 0.1840277777777778
0 0.5862637362637363 0.7680555555555556 0.06153846153846154 0.07916666666666666
0 0.5181318681318682 0.6802083333333334 0.2835164835164835 0.3576388888888889
0 0.38571428571428573 0.5125000000000001 0.46483516483516485 0.5722222222222223
0 0.3730769230769231 0.496875 0.4714285714285714 0.5826388888888889
0 0.34423076923076923 0.4572916666666667 0.4631868131868132 0.6062500000000001
