0 0.2368131868131868 0.33055555555555555 0.1043956043956044 0.14722222222222223
0 0.2478021978021978 0.3458333333333333 0.06043956043956044 0.09027777777777778
0 0.2445054945054945 0.33229166666666665 0.14945054945054945 0.1701388888888889
0 0.3120879120879121 0.41875 0.2714285714285714 0.34444444444444444
0 0.3793956043956044 0.5034722222222222 0.2445054945054945 0.2916666666666667
0 0.3747252747252747 0.496875 0.14945054945054945 0.2076388888888889
0 0.4519230769230769 0.5923611111111111 0.6236263736263736 0.775
0 0.503021978021978 0.6604166666666667 0.5631868131868132 0.6958333333333334
0 0.5403846153846154 0.7142361111111112 0.5137362637362637 0.6645833333333333
0 0.6313186813186813 0.8250000000000001 0.16043956043956045 0.18611111111111112
0 0.6804945054945055 0.8864583333333333 0.1532967032967033 0.19097222222222224
0 0.720054945054945 0.9302083333333334 0.1346153846153846 0.15625
0 0.5230769230769231 0.6885416666666667 0.017582417582417582 0.029861111111111113
0 0.6137362637362638 0.804513888888889 0.14505494505494507 0.18680555555555556
0 0.49175824175824173 0.6479166666666667 0.22747252747252747 0.3013888888888889
0 0.38159340659340657 0.5100694444444445 0.39505494505494504 0.4965277777777778
0 0.35302197802197804 0.4684027777777778 0.40824175824175823 0.51875
0 0.34175824175824177 0.4569444444444445 0.38571428571428573 0.4763888888888889
