0 0.489010989010989 0.6354166666666667 0.12637362637362637 0.15555555555555556
0 0.4098901098901099 0.5392361111111111 0.22197802197802197 0.28125
0 0.4043956043956044 0.5277777777777778 0.23956043956043957 0.3125
0 0.24807692307692308 0.32881944444444444 0.3027472527472527 0.3854166666666667
0 0.5546703296703297 0.7166666666666667 0.16758241758241757 0.22222222222222224
0 0.5958791208791209 0.7694444444444445 0.04230769230769231 0.0625
0 0.6 0.7743055555555556 0.03626373626373627 0.05555555555555556
0 0.5851648351648352 0.7552083333333334 0.03956043956043956 0.043750000000000004
0 0.6975274725274725 0.8947916666666667 0.1565934065934066 0.18958333333333335
0 0.6546703296703297 0.8434027777777778 0.1401098901098901 0.16875
0 0.6447802197802198 0.8305555555555556 0.16648351648351647 0.20555555555555557
0 0.6321428571428571 0.8149305555555556 0.1532967032967033 0.1826388888888889
0 0.47115384615384615 0.61875 0.6851648351648352 0.8569444444444445
0 0.43626373626373627 0.5715277777777777 0.5318681318681319 0.6513888888888889
0 0.5304945054945055 0.690625 0.5038461538461538 0.6465277777777778
0 0.3618131868131868 0.4756944444444445 0.33681318681318684 0.41250000000000003
0 0.3620879120879121 0.47500000000000003 0.5373626373626373 0.6763888888888889
0 0.35796703296703297 0.47222222222222227 0.5335164835164835 0.6638888888888889
0 0.20906593406593407 0.2777777777777778 0.2741758241758242 0.3375
0 0.22664835164835165 0.30069444444444443 0.15219780219780218 0.20277777777777778
0 0.11153846153846154 0.16111111111111112 0.1021978021978022 0.13194444444444445
0 0.11043956043956044 0.15868055555555557 0.07472527472527472 0.09375
