0 0.2587912087912088 0.3385416666666667 0.17032967032967034 0.21736111111111112
0 0.30467032967032964 0.40381944444444445 0.21703296703296704 0.26180555555555557
0 0.3008241758241758 0.39513888888888893 0.3357142857142857 0.43194444444444446
0 0.3153846153846154 0.41423611111111114 0.4307692307692308 0.5465277777777778
0 0.25384615384615383 0.3402777777777778 0.15164835164835164 0.19861111111111113
0 0.23516483516483516 0.30972222222222223 0.15054945054945054 0.1902777777777778
0 0.24093406593406594 0.31527777777777777 0.2456043956043956 0.3027777777777778
0 0.2087912087912088 0.28125 0.2692307692307692 0.33333333333333337
0 0.12307692307692308 0.17326388888888888 0.06043956043956044 0.08402777777777778
0 0.30247252747252745 0.4013888888888889 0.39065934065934066 0.49583333333333335
0 0.41016483516483515 0.5347222222222222 0.30604395604395607 0.3791666666666667
0 0.3813186813186813 0.4954861111111111 0.5263736263736264 0.6618055555555555
0 0.5936813186813187 0.7684027777777778 0.0543956043956044 0.07569444444444445
0 0.49862637362637363 0.646875 0.07637362637362638 0.08263888888888889
0 0.49175824175824173 0.6357638888888889 0.12417582417582418 0.16875
0 0.49615384615384617 0.6430555555555556 0.12197802197802197 0.15972222222222224
0 0.6293956043956044 0.8104166666666667 0.13351648351648351 0.16527777777777777
0 0.6796703296703297 0.8715277777777778 0.16703296703296702 0.20416666666666666
0 0.7271978021978022 0.9343750000000001 0.19175824175824177 0.2520833333333333
0 0.7285714285714285 0.9371527777777778 0.23736263736263735 0.30625
0 0.653021978021978 0.8392361111111112 0.1554945054945055 0.18680555555555556
0 0.5818681318681319 0.7541666666666667 0.5505494505494506 0.7097222222222223
0 0.5887362637362638 0.7666666666666667 0.6115384615384616 0.7722222222222223
0 0.4403846153846154 0.576388888888889 0.5137362637362637 0.6444444444444445
0 0.439010989010989 0.5753472222222222 0.5582417582417583 0.6965277777777779
0 0.45164835164835165 0.5868055555555556 0.7131868131868132 0.9027777777777778
