0 0.23956043956043957 0.3246527777777778 0.14725274725274726 0.18819444444444444
0 0.19285714285714287 0.2621527777777778 0.016483516483516484 0.03402777777777778
0 0.17994505494505494 0.24548611111111113 0.0005494505494505495 0.015972222222222224
0 0.13956043956043956 0.19131944444444446 0.07692307692307693 0.09791666666666667
0 0.3159340659340659 0.4215277777777778 0.22527472527472528 0.275
0 0.3412087912087912 0.44756944444444446 0.367032967032967 0.4548611111111111
0 0.41510989010989013 0.5402777777777777 0.2763736263736264 0.3416666666666667
0 0.48543956043956044 0.634375 0.5214285714285715 0.6548611111111111
0 0.46098901098901096 0.6048611111111112 0.7483516483516484 0.9666666666666667
0 0.5181318681318682 0.6784722222222223 0.7725274725274726 0.9652777777777778
0 0.628021978021978 0.8090277777777778 0.13846153846153847 0.1638888888888889
0 0.6788461538461539 0.8770833333333333 0.15219780219780218 0.1763888888888889
0 0.6917582417582417 0.8902777777777778 0.17472527472527472 0.225
0 0.6337912087912088 0.828125 0.19505494505494506 0.2451388888888889
0 0.4472527472527473 0.5829861111111111 0.14945054945054945 0.19791666666666669
0 0.4736263736263736 0.6208333333333333 0.1087912087912088 0.14305555555555557
0 0.4346153846153846 0.5725694444444445 0.06153846153846154 0.07847222222222222
0 0.2868131868131868 0.38333333333333336 0.2802197802197802 0.35694444444444445
0 0.34093406593406594 0.45069444444444445 0.41703296703296705 0.513888888888889
0 0.38983516483516484 0.5083333333333333 0.5247252747252747 0.6736111111111112
