0 0.13873626373626374 0.19270833333333334 0.057692307692307696 0.06180555555555556
0 0.1381868131868132 0.18888888888888888 0.19615384615384615 0.25833333333333336
0 0.13901098901098902 0.1920138888888889 0.1758241758241758 0.2215277777777778
0 0.15686813186813187 0.21597222222222223 0.2302197802197802 0.275
0 0.32362637362637364 0.42673611111111115 0.1087912087912088 0.15208333333333335
0 0.2651098901098901 0.3472222222222222 0.19285714285714287 0.25
0 0.42335164835164835 0.5489583333333333 0.582967032967033 0.7423611111111111
0 0.40494505494505495 0.5260416666666667 0.6615384615384615 0.8229166666666667
0 0.41126373626373625 0.5329861111111112 0.6598901098901099 0.8243055555555556
0 0.7065934065934066 0.9100694444444445 0.2945054945054945 0.36875
0 0.5986263736263736 0.7746527777777779 0.4269230769230769 0.5479166666666667
0 0.5832417582417583 0.7493055555555556 0.3730769230769231 0.4638888888888889
0 0.7076923076923077 0.9114583333333334 0.3923076923076923 0.4826388888888889
0 0.4868131868131868 0.6329861111111111 0.21208791208791208 0.2743055555555556
0 0.4085164835164835 0.5315972222222223 0.09285714285714286 0.11875000000000001
0 0.5228021978021978 0.68125 0.13131868131868132 0.15694444444444444
0 0.4271978021978022 0.5541666666666667 0.15 0.20277777777777778
0 0.34615384615384615 0.45243055555555556 0.26263736263736265 0.3451388888888889
0 0.2521978021978022 0.3350694444444445 0.34505494505494505 0.45208333333333334
0 0.35302197802197804 0.4590277777777778 0.2510989010989011 0.325
