0 0.34587912087912087 0.46284722222222224 0.4126373626373626 0.5423611111111112
0 0.34285714285714286 0.4590277777777778 0.38461538461538464 0.5125000000000001
0 0.32142857142857145 0.43368055555555557 0.35494505494505496 0.4673611111111111
0 0.2741758241758242 0.37395833333333334 0.12637362637362637 0.15069444444444444
0 0.27994505494505495 0.38159722222222225 0.11043956043956044 0.13541666666666669
0 0.321978021978022 0.43472222222222223 0.07582417582417582 0.07916666666666666
0 0.43241758241758244 0.5760416666666667 0.4461538461538462 0.5368055555555555
0 0.5815934065934066 0.7572916666666667 0.043406593406593405 0.07291666666666667
0 0.6035714285714285 0.7875 0.07747252747252747 0.07777777777777778
0 0.35796703296703297 0.47118055555555555 0.43021978021978025 0.5298611111111111
0 0.35906593406593407 0.4715277777777778 0.4401098901098901 0.5430555555555556
0 0.3263736263736264 0.434375 0.3769230769230769 0.5006944444444444
0 0.6208791208791209 0.8125 0.012087912087912088 0.022222222222222223
0 0.7098901098901099 0.9166666666666667 0.1835164835164835 0.24722222222222223
0 0.6546703296703297 0.8545138888888889 0.3456043956043956 0.40902777777777777
0 0.6703296703296703 0.8736111111111111 0.389010989010989 0.4791666666666667
0 0.5027472527472527 0.6600694444444445 0.5714285714285714 0.7201388888888889
