0 0.20824175824175825 0.2881944444444445 0.13846153846153847 0.18194444444444446
0 0.18653846153846154 0.25659722222222225 0.128021978021978 0.16041666666666668
0 0.24532967032967032 0.3350694444444445 0.12692307692307692 0.15208333333333335
0 0.37664835164835164 0.49895833333333334 0.3027472527472527 0.3909722222222222
0 0.42445054945054944 0.5555555555555556 0.38846153846153847 0.48888888888888893
0 0.3758241758241758 0.5024305555555556 0.432967032967033 0.5534722222222223
0 0.48928571428571427 0.64375 0.7840659340659341 0.9875
0 0.47445054945054943 0.6236111111111111 0.7521978021978022 0.9444444444444445
0 0.45989010989010987 0.6079861111111111 0.778021978021978 0.9868055555555556
0 0.6368131868131868 0.8295138888888889 0.34615384615384615 0.45069444444444445
0 0.6423076923076924 0.8340277777777778 0.34175824175824177 0.4388888888888889
0 0.6329670329670329 0.8260416666666667 0.1835164835164835 0.22013888888888888
0 0.46703296703296704 0.6152777777777778 0.024175824175824177 0.0125
0 0.5956043956043956 0.7784722222222222 0.07912087912087912 0.11666666666666667
0 0.5252747252747253 0.6892361111111112 0.27472527472527475 0.3423611111111111
0 0.35302197802197804 0.4684027777777778 0.5126373626373626 0.6465277777777778
0 0.303021978021978 0.4100694444444445 0.4950549450549451 0.6368055555555556
0 0.27664835164835166 0.3763888888888889 0.3532967032967033 0.4513888888888889
