0 0.1574175824175824 0.22187500000000002 0.03461538461538462 0.05486111111111111
0 0.18461538461538463 0.25625000000000003 0.13406593406593406 0.18611111111111112
0 0.2631868131868132 0.3607638888888889 0.045054945054945054 0.043750000000000004
0 0.31895604395604393 0.4309027777777778 0.3027472527472527 0.3923611111111111
0 0.4087912087912088 0.5378472222222223 0.38461538461538464 0.49236111111111114
0 0.475 0.625 0.25 0.3138888888888889
0 0.5038461538461538 0.6607638888888889 0.5912087912087912 0.7520833333333333
0 0.4673076923076923 0.615625 0.5368131868131868 0.6673611111111112
0 0.4582417582417582 0.603125 0.6142857142857143 0.7770833333333333
0 0.679945054945055 0.8850694444444445 0.12692307692307692 0.15486111111111112
0 0.6741758241758242 0.8833333333333334 0.13846153846153847 0.17222222222222222
0 0.6728021978021979 0.8697916666666667 0.12692307692307692 0.14930555555555555
0 0.5697802197802198 0.7468750000000001 0.24725274725274726 0.2965277777777778
0 0.5711538461538461 0.7527777777777778 0.2302197802197802 0.28055555555555556
0 0.47115384615384615 0.6208333333333333 0.23351648351648352 0.31527777777777777
0 0.3557692307692308 0.47847222222222224 0.4697802197802198 0.6041666666666667
0 0.33873626373626375 0.45555555555555555 0.5071428571428571 0.638888888888889
0 0.2571428571428571 0.3527777777777778 0.36923076923076925 0.45833333333333337
