0 0.7043956043956044 0.915625 0.1758241758241758 0.22847222222222224
0 0.7134615384615385 0.9256944444444445 0.1620879120879121 0.21666666666666667
0 0.5260989010989011 0.6909722222222222 0.5818681318681319 0.7375
0 0.49175824175824173 0.6465277777777778 0.7604395604395604 0.9625
0 0.44175824175824174 0.584375 0.7054945054945055 0.8812500000000001
0 0.41098901098901097 0.5430555555555556 0.42967032967032964 0.55
0 0.39093406593406593 0.5163194444444444 0.27197802197802196 0.36319444444444443
0 0.33983516483516485 0.4552083333333333 0.22582417582417583 0.2715277777777778
0 0.5112637362637362 0.6760416666666667 0.10604395604395604 0.11736111111111111
0 0.4967032967032967 0.6524305555555556 0.210989010989011 0.2826388888888889
0 0.4519230769230769 0.5996527777777778 0.11043956043956044 0.14375000000000002
0 0.4318681318681319 0.5708333333333333 0.24615384615384617 0.3277777777777778
0 0.43626373626373627 0.5784722222222223 0.3912087912087912 0.4791666666666667
0 0.29532967032967034 0.40069444444444446 0.30494505494505497 0.37777777777777777
0 0.22554945054945055 0.3072916666666667 0.018131868131868133 0.035416666666666666
0 0.22252747252747251 0.3059027777777778 0.13956043956043956 0.18958333333333335
0 0.22664835164835165 0.3111111111111111 0.1543956043956044 0.21666666666666667
