0 0.31757812500000004 0.5833333333333334 0.017968750000000002 0.0125
0 0.27285156250000003 0.5065972222222223 0.018359375 0.04097222222222222
0 0.21640625000000002 0.4041666666666667 0.004687500000000001 0.005555555555555556
0 0.1609375 0.3013888888888889 0.17343750000000002 0.3138888888888889
0 0.16523437500000002 0.31180555555555556 0.15859375 0.2652777777777778
0 0.1193359375 0.23055555555555557 0.146484375 0.27361111111111114
0 0.15097656250000002 0.28506944444444443 0.051171875000000006 0.08402777777777778
0 0.3251953125 0.5951388888888889 0.17539062500000002 0.29583333333333334
0 0.296484375 0.5437500000000001 0.40234375 0.7041666666666667
0 0.2974609375 0.5503472222222222 0.5066406250000001 0.9131944444444445
0 0.3404296875 0.6239583333333334 0.44570312500000003 0.7798611111111111
0 0.41035156250000004 0.7475694444444445 0.330078125 0.5673611111111111
0 0.39980468750000003 0.7354166666666667 0.20820312500000002 0.3611111111111111
0 0.3619140625 0.6618055555555555 0.296484375 0.5430555555555556
0 0.4986328125 0.9069444444444444 0.148828125 0.24444444444444446
0 0.4921875 0.8961805555555555 0.0859375 0.13819444444444445
0 0.4556640625 0.8288194444444444 0.030078125 0.06875
0 0.500390625 0.9086805555555556 0.4296875 0.7520833333333333
0 0.49238281250000004 0.8975694444444445 0.439453125 0.7756944444444445
0 0.5427734375000001 0.9895833333333334 0.516796875 0.9180555555555556
0 0.542578125 0.9902777777777778 0.5625 0.9819444444444445
0 0.46796875000000004 0.8510416666666667 0.49453125000000003 0.8909722222222223
