0 0.16071428571428573 0.22465277777777778 0.08846153846153847 0.11875000000000001
0 0.1510989010989011 0.215625 0.04395604395604395 0.05625
0 0.16758241758241757 0.2357638888888889 0.06813186813186813 0.09652777777777778
0 0.42445054945054944 0.5555555555555556 0.3873626373626374 0.48750000000000004
0 0.4423076923076923 0.5815972222222222 0.34065934065934067 0.43680555555555556
0 0.3467032967032967 0.4638888888888889 0.18021978021978022 0.2138888888888889
0 0.47087912087912087 0.6163194444444444 0.7681318681318682 0.9784722222222223
0 0.42005494505494506 0.5524305555555555 0.7115384615384616 0.90625
0 0.5021978021978022 0.6590277777777778 0.7813186813186813 0.976388888888889
0 0.7513736263736264 0.967013888888889 0.32582417582417583 0.4173611111111111
0 0.637087912087912 0.8298611111111112 0.18076923076923077 0.2111111111111111
0 0.635989010989011 0.8277777777777778 0.20274725274725275 0.23750000000000002
0 0.5354395604395604 0.7017361111111111 0.02912087912087912 0.03263888888888889
0 0.5085164835164835 0.6652777777777779 0.12362637362637363 0.17222222222222222
0 0.4887362637362637 0.6427083333333333 0.23901098901098902 0.31319444444444444
0 0.33406593406593404 0.4447916666666667 0.4 0.51875
0 0.3192307692307692 0.4291666666666667 0.3923076923076923 0.5041666666666667
0 0.3010989010989011 0.4045138888888889 0.48131868131868133 0.6256944444444444
