0 0.3171875 0.5798611111111112 0.01953125 0.019444444444444445
0 0.26503906250000003 0.4916666666666667 0.004296875 0.008333333333333333
0 0.2162109375 0.4010416666666667 0.004296875 0.0076388888888888895
0 0.1654296875 0.3125 0.158984375 0.2652777777777778
0 0.1615234375 0.30486111111111114 0.16914062500000002 0.30833333333333335
0 0.14765625000000002 0.2826388888888889 0.21875 0.40555555555555556
0 0.1513671875 0.28506944444444443 0.051953125 0.08402777777777778
0 0.3248046875 0.5944444444444444 0.17304687500000002 0.29305555555555557
0 0.36738281250000004 0.6711805555555556 0.105859375 0.2076388888888889
0 0.39960937500000004 0.7347222222222223 0.209375 0.3625
0 0.3603515625 0.6604166666666667 0.292578125 0.5361111111111111
0 0.43007812500000003 0.7833333333333333 0.16796875 0.3180555555555556
0 0.3521484375 0.6458333333333334 0.40351562500000004 0.7263888888888889
0 0.29609375 0.5440972222222222 0.40156250000000004 0.7020833333333334
0 0.30117187500000003 0.5538194444444444 0.521875 0.9076388888888889
0 0.4548828125 0.8267361111111111 0.030078125 0.06875
0 0.4921875 0.8965277777777778 0.08515625 0.1388888888888889
0 0.5150390625 0.9343750000000001 0.113671875 0.1840277777777778
0 0.4958984375 0.9020833333333333 0.440234375 0.775
0 0.5498046875 0.9975694444444445 0.544140625 0.982638888888889
0 0.5021484375 0.9097222222222222 0.429296875 0.7527777777777778
