0 0.4304945054945055 0.5618055555555556 0.028021978021978023 0.030555555555555558
0 0.4887362637362637 0.6336805555555556 0.0510989010989011 0.06180555555555556
0 0.5739010989010989 0.7434027777777779 0.1686813186813187 0.20208333333333334
0 0.5741758241758241 0.7395833333333334 0.025274725274725275 0.022222222222222223
0 0.26263736263736265 0.35347222222222224 0.2967032967032967 0.37222222222222223
0 0.3260989010989011 0.4256944444444445 0.2752747252747253 0.35833333333333334
0 0.26593406593406593 0.3451388888888889 0.17472527472527472 0.225
0 0.2552197802197802 0.3350694444444445 0.32472527472527474 0.41597222222222224
0 0.5068681318681318 0.6638888888888889 0.45989010989010987 0.5777777777777778
0 0.525 0.6805555555555556 0.46098901098901096 0.5833333333333334
0 0.5167582417582418 0.6725694444444444 0.6730769230769231 0.8340277777777778
0 0.47307692307692306 0.6177083333333333 0.5934065934065934 0.7520833333333333
0 0.4351648351648352 0.5638888888888889 0.643956043956044 0.8125
0 0.2574175824175824 0.3423611111111111 0.17967032967032967 0.22361111111111112
0 0.25137362637362637 0.3302083333333333 0.03241758241758242 0.04097222222222222
0 0.23543956043956044 0.315625 0.22032967032967032 0.28541666666666665
0 0.12225274725274725 0.171875 0.1565934065934066 0.20347222222222222
0 0.3967032967032967 0.515625 0.41208791208791207 0.5340277777777778
0 0.3054945054945055 0.40625 0.3505494505494505 0.45555555555555555
0 0.3598901098901099 0.4704861111111111 0.5285714285714286 0.670138888888889
0 0.7021978021978021 0.9041666666666667 0.15494505494505495 0.18472222222222223
0 0.6758241758241759 0.867013888888889 0.16373626373626374 0.20486111111111113
0 0.6307692307692307 0.8111111111111111 0.13186813186813187 0.16944444444444445
0 0.6104395604395605 0.7875 0.2087912087912088 0.275
0 0.6293956043956044 0.8052083333333334 0.27197802197802196 0.33958333333333335
