0 0.25384615384615383 0.35000000000000003 0.04065934065934066 0.05416666666666667
0 0.24532967032967032 0.3298611111111111 0.09945054945054944 0.1125
0 0.22802197802197802 0.315625 0.18021978021978022 0.20208333333333334
0 0.26456043956043956 0.35694444444444445 0.13681318681318683 0.1763888888888889
0 0.2854395604395604 0.38472222222222224 0.2532967032967033 0.3125
0 0.3335164835164835 0.4479166666666667 0.1901098901098901 0.25972222222222224
0 0.4835164835164835 0.6385416666666667 0.17032967032967034 0.2215277777777778
0 0.5464285714285714 0.7152777777777778 0.17857142857142858 0.20972222222222223
0 0.6258241758241758 0.8135416666666667 0.05384615384615385 0.05347222222222223
0 0.7008241758241758 0.9097222222222222 0.06318681318681318 0.08055555555555556
0 0.7222527472527472 0.9350694444444445 0.17307692307692307 0.20625000000000002
0 0.7343406593406593 0.9534722222222223 0.22362637362637364 0.27361111111111114
0 0.4826923076923077 0.6402777777777778 0.5192307692307693 0.6555555555555556
0 0.47005494505494505 0.6177083333333333 0.6412087912087913 0.8270833333333334
0 0.4543956043956044 0.5930555555555556 0.656043956043956 0.8444444444444444
0 0.3678571428571429 0.4920138888888889 0.4346153846153846 0.5618055555555556
0 0.3467032967032967 0.46319444444444446 0.3648351648351648 0.4666666666666667
0 0.4596153846153846 0.5996527777777778 0.49725274725274726 0.61875
