0 0.4634615384615385 0.6034722222222223 0.6565934065934066 0.8152777777777778
0 0.5846153846153846 0.765625 0.6043956043956044 0.7659722222222223
0 0.5576923076923077 0.7270833333333334 0.5021978021978022 0.6458333333333334
0 0.493956043956044 0.6368055555555556 0.46813186813186813 0.5944444444444444
0 0.4096153846153846 0.5347222222222222 0.30824175824175826 0.38333333333333336
0 0.303021978021978 0.4017361111111111 0.4291208791208791 0.5368055555555555
0 0.23186813186813188 0.3111111111111111 0.02857142857142857 0.04027777777777778
0 0.2478021978021978 0.33263888888888893 0.05054945054945055 0.06944444444444445
0 0.1989010989010989 0.26805555555555555 0.27692307692307694 0.34444444444444444
0 0.16538461538461538 0.22361111111111112 0.26153846153846155 0.33472222222222225
0 0.23214285714285715 0.3059027777777778 0.13901098901098902 0.17847222222222223
0 0.3173076923076923 0.4232638888888889 0.49725274725274726 0.6409722222222223
0 0.34285714285714286 0.4486111111111111 0.5307692307692308 0.6555555555555556
0 0.3576923076923077 0.4684027777777778 0.5296703296703297 0.6770833333333334
0 0.5925824175824176 0.7663194444444444 0.11923076923076924 0.15763888888888888
0 0.5923076923076923 0.7690972222222222 0.10659340659340659 0.13402777777777777
0 0.5942307692307692 0.7708333333333334 0.07637362637362638 0.09027777777777778
0 0.6857142857142857 0.8822916666666667 0.17142857142857143 0.2076388888888889
0 0.7425824175824176 0.95625 0.2675824175824176 0.3402777777777778
0 0.6104395604395605 0.7920138888888889 0.1945054945054945 0.25069444444444444
0 0.2601648351648352 0.34618055555555555 0.1346153846153846 0.16875
0 0.5337912087912088 0.6920138888888889 0.22582417582417583 0.2881944444444445
0 0.6282967032967033 0.8090277777777778 0.13901098901098902 0.16111111111111112
0 0.6489010989010989 0.8361111111111111 0.15054945054945054 0.19861111111111113
0 0.44285714285714284 0.5836805555555555 0.5362637362637362 0.6909722222222222
