0 0.20027472527472528 0.2763888888888889 0.1686813186813187 0.21944444444444444
0 0.39697802197802196 0.5239583333333333 0.40274725274725276 0.5173611111111112
0 0.5994505494505494 0.7847222222222222 0.0989010989010989 0.11805555555555557
0 0.2478021978021978 0.3375 0.07362637362637363 0.08750000000000001
0 0.253021978021978 0.34826388888888893 0.10824175824175825 0.12291666666666667
0 0.2552197802197802 0.3451388888888889 0.17637362637362639 0.20555555555555557
0 0.3252747252747253 0.43333333333333335 0.26703296703296703 0.34305555555555556
0 0.43434065934065935 0.5711805555555556 0.3697802197802198 0.48680555555555555
0 0.35027472527472525 0.46597222222222223 0.37967032967032965 0.4708333333333333
0 0.4846153846153846 0.6381944444444445 0.15164835164835164 0.18472222222222223
0 0.6203296703296703 0.8083333333333333 0.09340659340659341 0.13611111111111113
0 0.6898351648351648 0.8940972222222222 0.09395604395604396 0.10625
0 0.6686813186813186 0.8704861111111112 0.0912087912087912 0.10625
0 0.3782967032967033 0.5045138888888889 0.31373626373626373 0.4173611111111111
0 0.5791208791208792 0.7527777777777778 0.5681318681318681 0.7319444444444445
0 0.4379120879120879 0.5819444444444445 0.6747252747252748 0.8680555555555556
0 0.47802197802197804 0.6381944444444445 0.5285714285714286 0.6402777777777778
