0 0.41318681318681316 0.5430555555555556 0.24065934065934066 0.3027777777777778
0 0.5101648351648351 0.6614583333333334 0.12692307692307692 0.17430555555555557
0 0.5104395604395604 0.6621527777777778 0.11868131868131868 0.15625
0 0.4129120879120879 0.5392361111111111 0.30054945054945054 0.36875
0 0.15219780219780218 0.20798611111111112 0.008791208791208791 0.0034722222222222225
0 0.19945054945054946 0.2673611111111111 0.2098901098901099 0.2569444444444445
0 0.2291208791208791 0.3027777777777778 0.14945054945054945 0.19722222222222224
0 0.22527472527472528 0.3013888888888889 0.26483516483516484 0.3236111111111111
0 0.21318681318681318 0.2847222222222222 0.23406593406593407 0.2972222222222222
0 0.3304945054945055 0.4361111111111111 0.47197802197802197 0.5972222222222222
0 0.35604395604395606 0.46944444444444444 0.5 0.6472222222222223
0 0.32582417582417583 0.4277777777777778 0.5252747252747253 0.6611111111111111
0 0.453021978021978 0.5899305555555556 0.18846153846153846 0.25069444444444444
0 0.5815934065934066 0.7520833333333333 0.11263736263736264 0.12638888888888888
0 0.6642857142857143 0.8541666666666667 0.13846153846153847 0.16527777777777777
0 0.6936813186813187 0.890625 0.15989010989010988 0.19375
0 0.7060439560439561 0.9072916666666667 0.16373626373626374 0.21041666666666667
0 0.5711538461538461 0.7388888888888889 0.539010989010989 0.6888888888888889
0 0.5785714285714286 0.7520833333333333 0.6956043956043956 0.888888888888889
0 0.47307692307692306 0.6215277777777778 0.7483516483516484 0.9597222222222223
