0 0.17445054945054944 0.24270833333333333 0.057692307692307696 0.07291666666666667
0 0.19065934065934065 0.265625 0.14065934065934066 0.17708333333333334
0 0.21510989010989012 0.2972222222222222 0.160989010989011 0.20694444444444446
0 0.4032967032967033 0.5378472222222223 0.4340659340659341 0.5381944444444444
0 0.4167582417582418 0.5475694444444444 0.3741758241758242 0.4743055555555556
0 0.47115384615384615 0.6184027777777779 0.3510989010989011 0.4340277777777778
0 0.5568681318681319 0.7309027777777778 0.7005494505494505 0.882638888888889
0 0.5019230769230769 0.6597222222222222 0.695054945054945 0.8763888888888889
0 0.4824175824175824 0.6326388888888889 0.6747252747252748 0.8444444444444444
0 0.6766483516483517 0.8756944444444444 0.40054945054945057 0.5152777777777778
0 0.664010989010989 0.8631944444444445 0.40054945054945057 0.5152777777777778
0 0.6230769230769231 0.8166666666666667 0.2549450549450549 0.3263888888888889
0 0.5596153846153846 0.7329861111111111 0.00934065934065934 0.004861111111111111
0 0.5906593406593407 0.7743055555555556 0.189010989010989 0.2263888888888889
0 0.5881868131868132 0.7708333333333334 0.20824175824175825 0.27083333333333337
0 0.39285714285714285 0.5243055555555556 0.4010989010989011 0.5152777777777778
0 0.3291208791208791 0.44062500000000004 0.3087912087912088 0.38680555555555557
0 0.2804945054945055 0.3809027777777778 0.3467032967032967 0.45625000000000004
