0 0.15027472527472527 0.21284722222222224 0.02032967032967033 0.03125
0 0.17994505494505494 0.253125 0.13131868131868132 0.16458333333333333
0 0.29010989010989013 0.39131944444444444 0.035164835164835165 0.03402777777777778
0 0.42225274725274725 0.55625 0.37967032967032965 0.48750000000000004
0 0.44505494505494503 0.5840277777777778 0.3901098901098901 0.5041666666666667
0 0.40824175824175823 0.5454861111111111 0.4351648351648352 0.5493055555555556
0 0.5195054945054945 0.6791666666666667 0.6203296703296703 0.7972222222222223
0 0.4826923076923077 0.634375 0.7192307692307692 0.920138888888889
0 0.432967032967033 0.5704861111111111 0.7483516483516484 0.9590277777777778
0 0.6788461538461539 0.8743055555555556 0.39615384615384613 0.5069444444444444
0 0.6587912087912088 0.8631944444444445 0.29120879120879123 0.36944444444444446
0 0.6412087912087913 0.834375 0.17802197802197803 0.2076388888888889
0 0.4714285714285714 0.6218750000000001 0.17142857142857143 0.22847222222222224
0 0.595054945054945 0.7815972222222223 0.10659340659340659 0.14097222222222222
0 0.5884615384615385 0.7722222222222223 0.15934065934065933 0.1902777777777778
0 0.40192307692307694 0.5354166666666667 0.43131868131868134 0.5375
0 0.39972527472527475 0.5322916666666667 0.31263736263736264 0.4048611111111111
0 0.3293956043956044 0.4444444444444445 0.46098901098901096 0.5875
