0 0.4693359375 0.8454861111111112 0.037109375 0.06319444444444444
0 0.4107421875 0.7399305555555555 0.487109375 0.8729166666666667
0 0.5390625 0.9694444444444444 0.30390625000000004 0.5361111111111111
0 0.5486328125000001 0.9822916666666667 0.30976562500000004 0.545138888888889
0 0.21308593750000002 0.39166666666666666 0.069140625 0.12638888888888888
0 0.212890625 0.3861111111111111 0.07890625000000001 0.13472222222222222
0 0.5345703125 0.9611111111111111 0.30117187500000003 0.5277777777777778
0 0.427734375 0.7680555555555556 0.51953125 0.9305555555555556
0 0.2158203125 0.3940972222222222 0.058203125 0.10486111111111111
0 0.2599609375 0.47500000000000003 0.36367187500000003 0.6402777777777778
0 0.26699218750000003 0.4881944444444445 0.45039062500000004 0.8138888888888889
0 0.130859375 0.24409722222222224 0.115625 0.21597222222222223
0 0.237109375 0.43194444444444446 0.029687500000000002 0.0625
0 0.33242187500000003 0.5996527777777778 0.09453125000000001 0.16875
0 0.335546875 0.6069444444444445 0.09609375 0.17083333333333334
0 0.39140625 0.7104166666666667 0.08515625 0.14583333333333334
0 0.4921875 0.890625 0.07187500000000001 0.12430555555555556
0 0.1259765625 0.2371527777777778 0.07382812500000001 0.12847222222222224
0 0.24296875 0.44409722222222225 0.0390625 0.06041666666666667
0 0.46640625 0.8378472222222223 0.07890625000000001 0.13819444444444445
0 0.4744140625 0.859375 0.129296875 0.22986111111111113
0 0.4341796875 0.7822916666666667 0.18476562500000002 0.3298611111111111
0 0.3708984375 0.6722222222222223 0.11210937500000001 0.19583333333333333
0 0.30488281250000004 0.5538194444444444 0.30507812500000003 0.545138888888889
0 0.4693359375 0.8465277777777778 0.49726562500000004 0.875
0 0.4712890625 0.8465277777777778 0.532421875 0.9527777777777778
0 0.49628906250000004 0.8940972222222222 0.36367187500000003 0.6326388888888889
0 0.5466796875000001 0.9822916666666667 0.302734375 0.5354166666666667
0 0.466796875 0.842013888888889 0.45078125 0.8131944444444444
