0 0.13873626373626374 0.2 0.1510989010989011 0.17500000000000002
0 0.3791208791208791 0.4979166666666667 0.5384615384615384 0.6805555555555556
0 0.7414835164835165 0.9579861111111111 0.19395604395604396 0.23819444444444446
0 0.45357142857142857 0.5958333333333333 0.6994505494505494 0.8875000000000001
0 0.43653846153846154 0.5784722222222223 0.6807692307692308 0.8791666666666667
0 0.5563186813186813 0.7309027777777778 0.5247252747252747 0.6881944444444444
0 0.6755494505494506 0.8805555555555555 0.08846153846153847 0.10138888888888889
0 0.6417582417582418 0.835763888888889 0.17142857142857143 0.21180555555555555
0 0.6197802197802198 0.8114583333333334 0.10659340659340659 0.12986111111111112
0 0.6296703296703297 0.8222222222222223 0.06373626373626373 0.09861111111111112
0 0.48406593406593407 0.6392361111111111 0.15824175824175823 0.19652777777777777
0 0.3456043956043956 0.46145833333333336 0.3967032967032967 0.49097222222222225
0 0.3203296703296703 0.4309027777777778 0.27912087912087913 0.3493055555555556
0 0.367032967032967 0.48750000000000004 0.3054945054945055 0.37777777777777777
0 0.36236263736263735 0.47881944444444446 0.3851648351648352 0.4729166666666667
0 0.2456043956043956 0.3434027777777778 0.13186813186813187 0.15208333333333335
0 0.25 0.3479166666666667 0.04945054945054945 0.0625
0 0.375 0.5017361111111112 0.3467032967032967 0.43819444444444444
