0 0.15631868131868132 0.21909722222222222 0.057692307692307696 0.06736111111111111
0 0.1662087912087912 0.23506944444444444 0.03241758241758242 0.035416666666666666
0 0.14862637362637363 0.21284722222222224 0.014835164835164835 0.02013888888888889
0 0.3252747252747253 0.4326388888888889 0.23626373626373626 0.2986111111111111
0 0.425 0.5569444444444445 0.3851648351648352 0.48333333333333334
0 0.47445054945054943 0.6274305555555556 0.2785714285714286 0.3506944444444445
0 0.4563186813186813 0.5993055555555555 0.762087912087912 0.9666666666666667
0 0.45164835164835165 0.5944444444444444 0.7549450549450549 0.9430555555555556
0 0.41016483516483515 0.5413194444444445 0.65 0.8215277777777779
0 0.7502747252747253 0.9756944444444445 0.3181318681318681 0.39861111111111114
0 0.6892857142857143 0.898263888888889 0.11373626373626373 0.13819444444444445
0 0.6285714285714286 0.8166666666666667 0.3131868131868132 0.4013888888888889
0 0.47087912087912087 0.6180555555555556 0.2230769230769231 0.3
0 0.5255494505494506 0.6892361111111112 0.2653846153846154 0.33958333333333335
0 0.5087912087912088 0.6708333333333334 0.2692307692307692 0.3402777777777778
0 0.36126373626373626 0.4847222222222222 0.3203296703296703 0.40555555555555556
0 0.30494505494505497 0.40972222222222227 0.5098901098901099 0.6513888888888889
0 0.2917582417582418 0.3923611111111111 0.49340659340659343 0.6402777777777778
