0 0.17050781250000002 0.321875 0.219140625 0.3715277777777778
0 0.155078125 0.29930555555555555 0.14140625 0.24583333333333335
0 0.21445312500000002 0.4017361111111111 0.084375 0.17152777777777778
0 0.29140625000000003 0.5458333333333334 0.06328125 0.12916666666666668
0 0.2861328125 0.5309027777777778 0.074609375 0.14791666666666667
0 0.295703125 0.5458333333333334 0.09765625 0.16111111111111112
0 0.2947265625 0.5517361111111111 0.183984375 0.3368055555555556
0 0.30117187500000003 0.5569444444444445 0.1703125 0.2916666666666667
0 0.3560546875 0.6527777777777778 0.25820312500000003 0.4763888888888889
0 0.53515625 0.9736111111111111 0.04296875 0.10277777777777779
0 0.46992187500000004 0.8586805555555556 0.030468750000000003 0.035416666666666666
0 0.45253906250000003 0.8239583333333333 0.021484375 0.05763888888888889
0 0.4501953125 0.8225694444444445 0.241015625 0.4104166666666667
0 0.39277343750000004 0.7208333333333333 0.353515625 0.6097222222222223
0 0.37109375 0.6840277777777778 0.3171875 0.5888888888888889
0 0.2916015625 0.5385416666666667 0.459765625 0.7993055555555556
0 0.256640625 0.47708333333333336 0.44296875 0.8055555555555556
0 0.2357421875 0.4416666666666667 0.376953125 0.6597222222222222
0 0.42714843750000003 0.7774305555555556 0.544140625 0.9743055555555556
0 0.470703125 0.8572916666666667 0.49296875 0.8562500000000001
