0 0.29453125 0.5434027777777778 0.053125000000000006 0.08680555555555555
0 0.2888671875 0.5322916666666667 0.07695312500000001 0.12013888888888889
0 0.21015625000000002 0.3892361111111111 0.025781250000000002 0.06041666666666667
0 0.1294921875 0.24444444444444446 0.16523437500000002 0.3013888888888889
0 0.1314453125 0.24965277777777778 0.158203125 0.2868055555555556
0 0.1392578125 0.26284722222222223 0.19101562500000002 0.3479166666666667
0 0.1255859375 0.24097222222222223 0.109765625 0.18472222222222223
0 0.3505859375 0.6375000000000001 0.220703125 0.3888888888888889
0 0.3826171875 0.7024305555555556 0.121484375 0.21041666666666667
0 0.3689453125 0.6729166666666667 0.16757812500000002 0.2833333333333333
0 0.42324218750000003 0.7701388888888889 0.32148437500000004 0.5569444444444445
0 0.276953125 0.5104166666666667 0.33828125000000003 0.6152777777777778
0 0.2814453125 0.5152777777777778 0.40742187500000004 0.7347222222222223
0 0.30683593750000004 0.5628472222222223 0.503515625 0.8840277777777779
0 0.521875 0.9493055555555556 0.084375 0.15555555555555556
0 0.46875 0.8503472222222223 0.06015625 0.11875000000000001
0 0.43828125 0.803125 0.055468750000000004 0.11180555555555556
0 0.48203125 0.8847222222222223 0.43515625 0.7805555555555556
0 0.51015625 0.9302083333333334 0.39140625 0.68125
0 0.5212890625000001 0.9493055555555556 0.362890625 0.65
0 0.544921875 0.9895833333333334 0.54453125 0.9472222222222223
0 0.29453125 0.5434027777777778 0.053125000000000006 0.08680555555555555
0 0.2888671875 0.5322916666666667 0.07695312500000001 0.12013888888888889
0 0.21015625000000002 0.3892361111111111 0.025781250000000002 0.06041666666666667
0 0.1294921875 0.24444444444444446 0.16523437500000002 0.3013888888888889
0 0.1314453125 0.24965277777777778 0.158203125 0.2868055555555556
0 0.1392578125 0.26284722222222223 0.19101562500000002 0.3479166666666667
0 0.1255859375 0.24097222222222223 0.109765625 0.18472222222222223
0 0.3505859375 0.6375000000000001 0.220703125 0.3888888888888889
0 0.3826171875 0.7024305555555556 0.121484375 0.21041666666666667
0 0.3689453125 0.6729166666666667 0.16757812500000002 0.2833333333333333
0 0.42324218750000003 0.7701388888888889 0.32148437500000004 0.5569444444444445
0 0.276953125 0.5104166666666667 0.33828125000000003 0.6152777777777778
0 0.2814453125 0.5152777777777778 0.40742187500000004 0.7347222222222223
0 0.30683593750000004 0.5628472222222223 0.503515625 0.8840277777777779
0 0.521875 0.9493055555555556 0.084375 0.15555555555555556
0 0.46875 0.8503472222222223 0.06015625 0.11875000000000001
0 0.43828125 0.803125 0.055468750000000004 0.11180555555555556
0 0.48203125 0.8847222222222223 0.43515625 0.7805555555555556
0 0.51015625 0.9302083333333334 0.39140625 0.68125
0 0.5212890625000001 0.9493055555555556 0.362890625 0.65
0 0.544921875 0.9895833333333334 0.54453125 0.9472222222222223
