0 0.32265625000000003 0.592013888888889 0.05390625 0.07430555555555556
0 0.2859375 0.5298611111111111 0.0125 0.001388888888888889
0 0.276953125 0.513888888888889 0.060937500000000006 0.10694444444444445
0 0.19687500000000002 0.3697916666666667 0.14375000000000002 0.2701388888888889
0 0.138671875 0.26493055555555556 0.08046875 0.12708333333333333
0 0.140234375 0.26840277777777777 0.0671875 0.10069444444444445
0 0.3111328125 0.5743055555555556 0.147265625 0.24166666666666667
0 0.32949218750000003 0.6097222222222223 0.109765625 0.19166666666666668
0 0.25429687500000003 0.4715277777777778 0.43359375 0.7583333333333334
0 0.2974609375 0.5489583333333333 0.494921875 0.8701388888888889
0 0.30410156250000003 0.5586805555555556 0.512890625 0.8951388888888889
0 0.35234375 0.6465277777777778 0.2015625 0.3375
0 0.3740234375 0.6909722222222222 0.162109375 0.27222222222222225
0 0.4126953125 0.7524305555555556 0.34414062500000003 0.5951388888888889
0 0.515625 0.9385416666666667 0.013281250000000001 0.04513888888888889
0 0.471484375 0.8600694444444444 0.045312500000000006 0.08263888888888889
0 0.4732421875 0.8628472222222222 0.056640625 0.10069444444444445
0 0.4697265625 0.8541666666666667 0.500390625 0.9027777777777778
