0 0.15906593406593406 0.225 0.0478021978021978 0.07916666666666666
0 0.16263736263736264 0.22847222222222224 0.07362637362637363 0.10972222222222222
0 0.1673076923076923 0.2371527777777778 0.07197802197802197 0.10347222222222223
0 0.36456043956043954 0.4777777777777778 0.24010989010989012 0.2916666666666667
0 0.30137362637362636 0.4041666666666667 0.2631868131868132 0.33055555555555555
0 0.4228021978021978 0.5597222222222222 0.128021978021978 0.18333333333333335
0 0.48104395604395606 0.6336805555555556 0.5225274725274726 0.6534722222222222
0 0.5082417582417582 0.6645833333333333 0.7516483516483516 0.9625
0 0.676923076923077 0.8770833333333333 0.34615384615384615 0.4444444444444445
0 0.6527472527472528 0.85 0.38571428571428573 0.5069444444444444
0 0.7090659340659341 0.913888888888889 0.2554945054945055 0.3375
0 0.5703296703296703 0.7468750000000001 0.1010989010989011 0.13680555555555557
0 0.5758241758241758 0.7569444444444444 0.13736263736263737 0.1902777777777778
0 0.5288461538461539 0.6916666666666667 0.2434065934065934 0.2986111111111111
0 0.35494505494505496 0.47500000000000003 0.24945054945054945 0.3236111111111111
0 0.3381868131868132 0.45416666666666666 0.2532967032967033 0.3236111111111111
0 0.33653846153846156 0.45243055555555556 0.360989010989011 0.46875
