0 0.16456043956043956 0.22361111111111112 0.0521978021978022 0.075
0 0.23434065934065934 0.3090277777777778 0.13351648351648351 0.1763888888888889
0 0.26593406593406593 0.3513888888888889 0.10329670329670329 0.1277777777777778
0 0.24642857142857144 0.32534722222222223 0.23351648351648352 0.2868055555555556
0 0.2164835164835165 0.290625 0.26483516483516484 0.3493055555555556
0 0.28516483516483515 0.38298611111111114 0.11648351648351649 0.14097222222222222
0 0.24175824175824176 0.3197916666666667 0.25274725274725274 0.32430555555555557
0 0.3326923076923077 0.4375 0.19835164835164834 0.2611111111111111
0 0.29917582417582417 0.3902777777777778 0.4104395604395604 0.5222222222222223
0 0.4782967032967033 0.6225694444444445 0.7664835164835165 0.9520833333333334
0 0.5568681318681319 0.721875 0.7467032967032967 0.9256944444444445
0 0.4513736263736264 0.5930555555555556 0.5620879120879121 0.7208333333333333
0 0.4467032967032967 0.5857638888888889 0.5494505494505495 0.69375
0 0.5667582417582417 0.7263888888888889 0.5818681318681319 0.7305555555555556
0 0.5530219780219781 0.7156250000000001 0.10494505494505495 0.12291666666666667
0 0.5456043956043956 0.70625 0.11208791208791209 0.14027777777777778
0 0.5958791208791209 0.771875 0.004945054945054945 0.010416666666666668
0 0.6008241758241758 0.773263888888889 0.03461538461538462 0.035416666666666666
0 0.7016483516483516 0.9038194444444445 0.15494505494505495 0.19652777777777777
0 0.7434065934065934 0.9545138888888889 0.3087912087912088 0.38680555555555557
0 0.6821428571428572 0.875 0.16758241758241757 0.20416666666666666
0 0.6554945054945055 0.8416666666666667 0.15054945054945054 0.18333333333333335
0 0.6304945054945055 0.810763888888889 0.1346153846153846 0.16597222222222222
0 0.41098901098901097 0.5336805555555556 0.5065934065934066 0.6284722222222222
0 0.28626373626373625 0.3809027777777778 0.4472527472527473 0.58125
0 0.33681318681318684 0.44375000000000003 0.5175824175824176 0.6625
