0 0.16043956043956045 0.22291666666666668 0.07692307692307693 0.10555555555555556
0 0.15164835164835164 0.21631944444444445 0.03296703296703297 0.04652777777777778
0 0.17912087912087912 0.2520833333333333 0.07032967032967033 0.08333333333333334
0 0.4543956043956044 0.5979166666666667 0.4054945054945055 0.49444444444444446
0 0.42527472527472526 0.5559027777777777 0.38571428571428573 0.48541666666666666
0 0.4398351648351648 0.5788194444444444 0.33901098901098903 0.43125
0 0.5510989010989011 0.7190972222222223 0.6395604395604395 0.8104166666666667
0 0.48324175824175825 0.6368055555555556 0.7862637362637362 0.9930555555555556
0 0.4697802197802198 0.6149305555555555 0.7692307692307693 0.9798611111111112
0 0.7299450549450549 0.9392361111111112 0.328021978021978 0.4104166666666667
0 0.6508241758241758 0.8472222222222222 0.1532967032967033 0.18194444444444446
0 0.7489010989010989 0.9704861111111112 0.15934065934065933 0.21180555555555555
0 0.5881868131868132 0.7670138888888889 0.17747252747252748 0.20625000000000002
0 0.5634615384615385 0.7416666666666667 0.25659340659340657 0.3138888888888889
0 0.5054945054945055 0.6659722222222223 0.25274725274725274 0.3236111111111111
0 0.3423076923076923 0.45833333333333337 0.4164835164835165 0.5347222222222222
0 0.317032967032967 0.42465277777777777 0.5296703296703297 0.6506944444444445
0 0.2956043956043956 0.39687500000000003 0.4835164835164835 0.6270833333333333
