0 0.4693359375 0.8465277777777778 0.037109375 0.061111111111111116
0 0.4107421875 0.7399305555555555 0.487109375 0.8729166666666667
0 0.4283203125 0.7697916666666667 0.519921875 0.9326388888888889
0 0.33613281250000004 0.6069444444444445 0.098828125 0.17222222222222222
0 0.38203125000000004 0.6923611111111111 0.1234375 0.22777777777777777
0 0.534765625 0.960763888888889 0.3015625 0.5284722222222222
0 0.5390625 0.9694444444444444 0.30390625000000004 0.5361111111111111
0 0.5462890625 0.9822916666666667 0.302734375 0.5381944444444444
0 0.548828125 0.9819444444444445 0.31015625 0.5472222222222223
0 0.21210937500000002 0.38819444444444445 0.07734375 0.13194444444444445
0 0.33242187500000003 0.5989583333333334 0.09375 0.1701388888888889
0 0.4677734375 0.8409722222222222 0.524609375 0.9416666666666667
0 0.13515625 0.25243055555555555 0.12734375 0.23819444444444446
0 0.1826171875 0.3388888888888889 0.134765625 0.2263888888888889
0 0.2361328125 0.43159722222222224 0.029296875 0.06319444444444444
0 0.24179687500000002 0.4416666666666667 0.03671875 0.05555555555555556
0 0.43085937500000004 0.775 0.035937500000000004 0.07083333333333333
0 0.49257812500000003 0.8878472222222222 0.07187500000000001 0.11875000000000001
0 0.49648437500000003 0.8909722222222223 0.07265625 0.12361111111111112
0 0.49238281250000004 0.8791666666666667 0.072265625 0.12916666666666668
0 0.4625 0.8392361111111112 0.125 0.21319444444444446
0 0.3912109375 0.709375 0.087890625 0.1451388888888889
0 0.39003906250000003 0.7003472222222222 0.095703125 0.16319444444444445
0 0.312109375 0.5680555555555555 0.31093750000000003 0.5555555555555556
0 0.2564453125 0.4673611111111111 0.36757812500000003 0.6458333333333334
0 0.2685546875 0.4930555555555556 0.45351562500000003 0.8208333333333334
0 0.45351562500000003 0.8232638888888889 0.44921875 0.8034722222222223
0 0.4607421875 0.8326388888888889 0.483203125 0.8555555555555556
0 0.487890625 0.8784722222222222 0.5125000000000001 0.9222222222222223
