0 0.3630859375 0.6659722222222223 0.28554687500000003 0.5125000000000001
0 0.4384765625 0.7975694444444444 0.20664062500000002 0.38680555555555557
0 0.44140625 0.8020833333333334 0.20234375000000002 0.3736111111111111
0 0.30996093750000003 0.5701388888888889 0.016015625000000002 0.01388888888888889
0 0.21015625000000002 0.3947916666666667 0.0054687500000000005 0.0076388888888888895
0 0.2626953125 0.484375 0.123046875 0.20208333333333334
0 0.18828125 0.35000000000000003 0.0484375 0.10138888888888889
0 0.1490234375 0.28125 0.046484375 0.08472222222222223
0 0.131640625 0.24965277777777778 0.07734375 0.12569444444444444
0 0.12421875 0.23402777777777778 0.10859375 0.19861111111111113
0 0.35292968750000003 0.640625 0.219140625 0.39513888888888893
0 0.32832031250000004 0.6027777777777777 0.13789062500000002 0.225
0 0.31074218750000004 0.5704861111111111 0.30195312500000004 0.55625
0 0.2794921875 0.5104166666666667 0.405859375 0.7333333333333334
0 0.26992187500000003 0.5003472222222223 0.4234375 0.75625
0 0.46171875 0.8416666666666667 0.028125 0.05694444444444444
0 0.47187500000000004 0.8586805555555556 0.08515625 0.14791666666666667
0 0.5125000000000001 0.93125 0.1234375 0.20555555555555557
0 0.524609375 0.9534722222222223 0.5734375 1.0
0 0.5123046875 0.9350694444444445 0.38398437500000004 0.6687500000000001
0 0.525 0.9541666666666667 0.3921875 0.7138888888888889
0 0.5087890625 0.9211805555555556 0.42617187500000003 0.7645833333333334
0 0.3630859375 0.6659722222222223 0.28554687500000003 0.5125000000000001
0 0.4384765625 0.7975694444444444 0.20664062500000002 0.38680555555555557
0 0.44140625 0.8020833333333334 0.20234375000000002 0.3736111111111111
0 0.30996093750000003 0.5701388888888889 0.016015625000000002 0.01388888888888889
0 0.21015625000000002 0.3947916666666667 0.0054687500000000005 0.0076388888888888895
0 0.2626953125 0.484375 0.123046875 0.20208333333333334
0 0.18828125 0.35000000000000003 0.0484375 0.10138888888888889
0 0.1490234375 0.28125 0.046484375 0.08472222222222223
0 0.131640625 0.24965277777777778 0.07734375 0.12569444444444444
0 0.12421875 0.23402777777777778 0.10859375 0.19861111111111113
0 0.35292968750000003 0.640625 0.219140625 0.39513888888888893
0 0.32832031250000004 0.6027777777777777 0.13789062500000002 0.225
0 0.31074218750000004 0.5704861111111111 0.30195312500000004 0.55625
0 0.2794921875 0.5104166666666667 0.405859375 0.7333333333333334
0 0.26992187500000003 0.5003472222222223 0.4234375 0.75625
0 0.46171875 0.8416666666666667 0.028125 0.05694444444444444
0 0.47187500000000004 0.8586805555555556 0.08515625 0.14791666666666667
0 0.5125000000000001 0.93125 0.1234375 0.20555555555555557
0 0.524609375 0.9534722222222223 0.5734375 1.0
0 0.5123046875 0.9350694444444445 0.38398437500000004 0.6687500000000001
0 0.525 0.9541666666666667 0.3921875 0.7138888888888889
0 0.5087890625 0.9211805555555556 0.42617187500000003 0.7645833333333334
