0 0.18763736263736264 0.26145833333333335 0.0510989010989011 0.08541666666666667
0 0.1956043956043956 0.2715277777777778 0.02967032967032967 0.05416666666666667
0 0.2917582417582418 0.39166666666666666 0.11098901098901098 0.11944444444444445
0 0.3241758241758242 0.4378472222222222 0.22087912087912087 0.26319444444444445
0 0.39285714285714285 0.5246527777777777 0.26153846153846155 0.31180555555555556
0 0.3771978021978022 0.50625 0.3456043956043956 0.4388888888888889
0 0.3159340659340659 0.42638888888888893 0.25384615384615383 0.3013888888888889
0 0.3239010989010989 0.4309027777777778 0.2631868131868132 0.3201388888888889
0 0.37664835164835164 0.5 0.37857142857142856 0.47361111111111115
0 0.5565934065934066 0.7295138888888889 0.038461538461538464 0.027083333333333334
0 0.5335164835164835 0.6982638888888889 0.1021978021978022 0.10625
0 0.6032967032967033 0.7868055555555555 0.0967032967032967 0.1125
0 0.6618131868131868 0.8621527777777778 0.24670329670329672 0.28958333333333336
0 0.6634615384615384 0.8618055555555556 0.2675824175824176 0.31527777777777777
0 0.7181318681318681 0.9315972222222223 0.4846153846153846 0.6104166666666667
0 0.44368131868131866 0.5875 0.6917582417582417 0.8597222222222223
