0 0.29642857142857143 0.4010416666666667 0.03021978021978022 0.035416666666666666
0 0.15989010989010988 0.22708333333333333 0.024175824175824177 0.022222222222222223
0 0.1585164835164835 0.22430555555555556 0.02142857142857143 0.02777777777777778
0 0.39368131868131867 0.5197916666666667 0.3269230769230769 0.40625
0 0.45384615384615384 0.5982638888888889 0.3637362637362637 0.4395833333333333
0 0.4480769230769231 0.5847222222222223 0.3565934065934066 0.4416666666666667
0 0.4758241758241758 0.625 0.7120879120879121 0.8986111111111111
0 0.42005494505494506 0.5541666666666667 0.5983516483516483 0.7402777777777778
0 0.41318681318681316 0.5437500000000001 0.6318681318681318 0.7777777777777778
0 0.7395604395604396 0.9572916666666667 0.15274725274725276 0.21041666666666667
0 0.6258241758241758 0.8104166666666667 0.2076923076923077 0.24583333333333335
0 0.6170329670329671 0.8076388888888889 0.26703296703296703 0.3263888888888889
0 0.5315934065934066 0.7017361111111111 0.018131868131868133 0.0076388888888888895
0 0.5826923076923077 0.7618055555555556 0.12582417582417582 0.15555555555555556
0 0.5758241758241758 0.753125 0.2043956043956044 0.23958333333333334
0 0.4010989010989011 0.5291666666666667 0.421978021978022 0.5319444444444444
0 0.39203296703296703 0.5215277777777778 0.44560439560439563 0.5486111111111112
0 0.26565934065934066 0.3590277777777778 0.41703296703296705 0.5472222222222223
