0 0.27871093750000003 0.5135416666666667 0.038671875 0.06041666666666667
0 0.23847656250000002 0.44270833333333337 0.018359375 0.03819444444444445
0 0.23515625 0.4416666666666667 0.05625 0.09722222222222222
0 0.17988281250000002 0.3354166666666667 0.057421875000000004 0.10694444444444445
0 0.1552734375 0.29305555555555557 0.047265625000000006 0.08888888888888889
0 0.1458984375 0.27847222222222223 0.08164062500000001 0.13611111111111113
0 0.34804687500000003 0.6340277777777779 0.23359375000000002 0.42083333333333334
0 0.3494140625 0.6409722222222223 0.271484375 0.4986111111111111
0 0.27382812500000003 0.5017361111111112 0.48046875 0.8590277777777778
0 0.265625 0.4920138888888889 0.45703125 0.8243055555555556
0 0.30097656250000004 0.5538194444444444 0.41054687500000003 0.7354166666666667
0 0.3560546875 0.6534722222222222 0.266796875 0.47500000000000003
0 0.424609375 0.7722222222222223 0.19687500000000002 0.3375
0 0.44355468750000004 0.8055555555555556 0.225390625 0.41111111111111115
0 0.48359375000000004 0.8784722222222222 0.10078125 0.19305555555555556
0 0.538671875 0.9746527777777778 0.109375 0.18125
0 0.5027343750000001 0.9145833333333334 0.19296875000000002 0.32916666666666666
0 0.505859375 0.9225694444444444 0.52578125 0.9229166666666667
0 0.5412109375 0.9833333333333334 0.526953125 0.9194444444444445
0 0.5220703125 0.9434027777777778 0.44960937500000003 0.8048611111111111
