0 0.17087912087912088 0.24305555555555555 0.07142857142857142 0.08333333333333334
0 0.17692307692307693 0.24583333333333335 0.03956043956043956 0.04166666666666667
0 0.2173076923076923 0.3027777777777778 0.13021978021978023 0.17083333333333334
0 0.31895604395604393 0.43125 0.2763736263736264 0.35555555555555557
0 0.3821428571428571 0.5045138888888889 0.4115384615384615 0.5270833333333333
0 0.4153846153846154 0.5465277777777778 0.3747252747252747 0.47361111111111115
0 0.45604395604395603 0.6 0.7373626373626374 0.9263888888888889
0 0.5035714285714286 0.6614583333333334 0.739010989010989 0.9284722222222223
0 0.5568681318681319 0.7277777777777779 0.6302197802197802 0.8027777777777778
0 0.7486263736263736 0.9694444444444444 0.3434065934065934 0.42638888888888893
0 0.6269230769230769 0.8197916666666667 0.3076923076923077 0.3979166666666667
0 0.7579670329670329 0.9833333333333334 0.22252747252747251 0.29444444444444445
0 0.5991758241758242 0.7868055555555555 0.1576923076923077 0.20972222222222223
0 0.545054945054945 0.7173611111111111 0.27912087912087913 0.3388888888888889
0 0.47005494505494505 0.6211805555555556 0.056593406593406594 0.08263888888888889
0 0.3925824175824176 0.521875 0.4642857142857143 0.5715277777777777
0 0.3508241758241758 0.4715277777777778 0.3148351648351648 0.39305555555555555
0 0.35412087912087914 0.47500000000000003 0.23131868131868133 0.30833333333333335
