0 0.2765625 0.5142361111111111 0.06171875 0.10625
0 0.2849609375 0.5302083333333334 0.012890625000000001 0.0020833333333333333
0 0.32167968750000003 0.5923611111111111 0.055078125000000006 0.07361111111111111
0 0.32949218750000003 0.6086805555555556 0.110546875 0.19375
0 0.3125 0.5760416666666667 0.146875 0.24375000000000002
0 0.41250000000000003 0.7517361111111112 0.34453125 0.5965277777777778
0 0.35234375 0.6461805555555555 0.2015625 0.33819444444444446
0 0.37421875000000004 0.690625 0.16328125000000002 0.2729166666666667
0 0.29765625 0.5482638888888889 0.49296875 0.8715277777777778
0 0.30390625000000004 0.5590277777777778 0.51171875 0.8958333333333334
0 0.25429687500000003 0.47222222222222227 0.43359375 0.7583333333333334
0 0.516015625 0.9385416666666667 0.0140625 0.04652777777777778
0 0.4712890625 0.859375 0.045703125000000004 0.08263888888888889
0 0.4732421875 0.8625 0.057421875000000004 0.10138888888888889
0 0.4693359375 0.8552083333333333 0.498828125 0.9034722222222222
0 0.197265625 0.36944444444444446 0.14375000000000002 0.27083333333333337
0 0.141015625 0.2690972222222222 0.0671875 0.10069444444444445
0 0.13886718750000002 0.2652777777777778 0.08085937500000001 0.1277777777777778
