0 0.203515625 0.38472222222222224 0.0125 0.018055555555555557
0 0.211328125 0.40034722222222224 0.12578125 0.2423611111111111
0 0.21308593750000002 0.4076388888888889 0.20273437500000002 0.35833333333333334
0 0.32890625 0.6086805555555556 0.15234375 0.28541666666666665
0 0.28203125 0.5267361111111112 0.1078125 0.18680555555555556
0 0.3369140625 0.6211805555555556 0.274609375 0.4701388888888889
0 0.3150390625 0.5888888888888889 0.349609375 0.6138888888888889
0 0.2671875 0.5 0.415625 0.7597222222222223
0 0.2876953125 0.534375 0.451953125 0.7895833333333334
0 0.49433593750000004 0.90625 0.06601562500000001 0.12361111111111112
0 0.4755859375 0.8739583333333334 0.147265625 0.2659722222222222
0 0.448828125 0.8239583333333333 0.14921875 0.28125
0 0.43125 0.790625 0.51953125 0.9465277777777779
0 0.546875 0.9944444444444445 0.403125 0.7208333333333333
