0 0.6923076923076923 0.8958333333333334 0.4010989010989011 0.5208333333333334
0 0.7494505494505495 0.9704861111111112 0.1835164835164835 0.25069444444444444
0 0.7585164835164835 0.9815972222222222 0.19065934065934065 0.25625000000000003
0 0.5664835164835165 0.7416666666666667 0.03736263736263736 0.0375
0 0.5821428571428572 0.7635416666666667 0.00934065934065934 0.014583333333333334
0 0.5184065934065935 0.6822916666666667 0.22692307692307692 0.28958333333333336
0 0.4260989010989011 0.5642361111111112 0.2291208791208791 0.3090277777777778
0 0.29835164835164835 0.40555555555555556 0.34615384615384615 0.44583333333333336
0 0.2945054945054945 0.40034722222222224 0.3098901098901099 0.3826388888888889
0 0.2752747252747253 0.3704861111111111 0.06703296703296703 0.06875
0 0.2684065934065934 0.3649305555555556 0.160989010989011 0.19375
0 0.2423076923076923 0.33090277777777777 0.16703296703296702 0.21458333333333335
0 0.39368131868131867 0.5197916666666667 0.23461538461538461 0.2798611111111111
0 0.4137362637362637 0.5440972222222222 0.4175824175824176 0.5409722222222222
0 0.4164835164835165 0.55625 0.45054945054945056 0.5680555555555555
0 0.593956043956044 0.7743055555555556 0.7208791208791209 0.9305555555555556
0 0.4502747252747253 0.5947916666666667 0.6357142857142857 0.8173611111111111
0 0.4392857142857143 0.5822916666666667 0.7291208791208791 0.9354166666666667
