0 0.27382812500000003 0.5076388888888889 0.06875 0.11944444444444445
0 0.2484375 0.4638888888888889 0.01015625 0.006944444444444445
0 0.225 0.4201388888888889 0.01640625 0.04027777777777778
0 0.18085937500000002 0.34270833333333334 0.16562500000000002 0.30486111111111114
0 0.1482421875 0.28194444444444444 0.20664062500000002 0.3791666666666667
0 0.1212890625 0.23611111111111113 0.102734375 0.16527777777777777
0 0.3623046875 0.6611111111111111 0.039453125000000006 0.07361111111111111
0 0.3994140625 0.728125 0.087109375 0.1701388888888889
0 0.370703125 0.6843750000000001 0.19296875000000002 0.3298611111111111
0 0.333984375 0.6152777777777778 0.23828125 0.4305555555555556
0 0.34218750000000003 0.6267361111111112 0.25546875 0.4701388888888889
0 0.3005859375 0.5527777777777778 0.472265625 0.8375
0 0.29921875000000003 0.5506944444444445 0.5234375 0.9152777777777779
0 0.24531250000000002 0.4545138888888889 0.36875 0.64375
0 0.4568359375 0.8315972222222222 0.033984375000000004 0.07430555555555556
0 0.5298828125 0.9631944444444445 0.087890625 0.14305555555555557
0 0.499609375 0.9090277777777778 0.1546875 0.2569444444444445
0 0.5380859375 0.9767361111111111 0.499609375 0.8701388888888889
0 0.5291015625000001 0.9628472222222223 0.39179687500000004 0.69375
0 0.46953125 0.8545138888888889 0.496875 0.8979166666666667
0 0.4697265625 0.8548611111111112 0.48867187500000003 0.851388888888889
0 0.423828125 0.7725694444444444 0.5437500000000001 0.9590277777777778
