0 0.4052197802197802 0.5340277777777778 0.19835164835164834 0.25
0 0.4076923076923077 0.5309027777777778 0.23956043956043957 0.3145833333333333
0 0.4815934065934066 0.6295138888888889 0.11373626373626373 0.15069444444444444
0 0.5395604395604395 0.6975694444444445 0.12197802197802197 0.16319444444444445
0 0.44972527472527474 0.5836805555555555 0.08186813186813187 0.10625
0 0.25851648351648354 0.33958333333333335 0.14560439560439561 0.18055555555555555
0 0.5142857142857142 0.671875 0.5626373626373626 0.7145833333333333
0 0.585989010989011 0.7548611111111111 0.5521978021978022 0.6888888888888889
0 0.5574175824175824 0.7253472222222223 0.48736263736263735 0.6298611111111111
0 0.6450549450549451 0.83125 0.16813186813186815 0.20555555555555557
0 0.6623626373626373 0.8538194444444445 0.14560439560439561 0.1798611111111111
0 0.6684065934065934 0.857638888888889 0.1478021978021978 0.18472222222222223
0 0.6934065934065934 0.8923611111111112 0.15824175824175823 0.19583333333333333
0 0.5914835164835165 0.7690972222222222 0.03461538461538462 0.04513888888888889
0 0.3626373626373626 0.4774305555555556 0.3989010989010989 0.51875
0 0.22774725274725274 0.30104166666666665 0.1543956043956044 0.19791666666666669
0 0.13901098901098902 0.19062500000000002 0.1021978021978022 0.12847222222222224
0 0.15082417582417582 0.20694444444444446 0.0456043956043956 0.06527777777777778
0 0.22362637362637364 0.29930555555555555 0.045054945054945054 0.04722222222222222
0 0.2876373626373626 0.37986111111111115 0.4675824175824176 0.5875
0 0.3489010989010989 0.4604166666666667 0.5318681318681319 0.675
0 0.22554945054945055 0.30208333333333337 0.2532967032967033 0.3180555555555556
