0 0.22519531250000002 0.42847222222222225 0.13398437500000002 0.25833333333333336
0 0.23750000000000002 0.4416666666666667 0.15078125 0.2555555555555556
0 0.2412109375 0.45625000000000004 0.191796875 0.3180555555555556
0 0.36542968750000004 0.6753472222222222 0.251953125 0.44930555555555557
0 0.34902343750000003 0.6451388888888889 0.199609375 0.3472222222222222
0 0.28066406250000003 0.5211805555555555 0.16132812500000002 0.2729166666666667
0 0.33320312500000004 0.6159722222222223 0.3453125 0.5972222222222222
0 0.34902343750000003 0.6465277777777778 0.384765625 0.6763888888888889
0 0.2587890625 0.4847222222222222 0.34414062500000003 0.6319444444444444
0 0.44160156250000004 0.810763888888889 0.079296875 0.14930555555555555
0 0.5027343750000001 0.920138888888889 0.0671875 0.09722222222222222
0 0.5404296875 0.9815972222222222 0.20429687500000002 0.35208333333333336
