0 0.23846153846153847 0.3295138888888889 0.12527472527472527 0.14930555555555555
0 0.3159340659340659 0.4239583333333333 0.10989010989010989 0.11597222222222223
0 0.31236263736263736 0.4201388888888889 0.13681318681318683 0.1486111111111111
0 0.40824175824175823 0.5472222222222223 0.45054945054945056 0.5638888888888889
0 0.46483516483516485 0.6177083333333333 0.378021978021978 0.4673611111111111
0 0.4736263736263736 0.6270833333333333 0.26483516483516484 0.34861111111111115
0 0.6054945054945055 0.7930555555555556 0.13516483516483516 0.14722222222222223
0 0.6241758241758242 0.8173611111111111 0.08021978021978023 0.09444444444444444
0 0.44258241758241756 0.5815972222222222 0.2785714285714286 0.34652777777777777
0 0.4541208791208791 0.6020833333333333 0.42142857142857143 0.5111111111111112
0 0.7538461538461538 0.976388888888889 0.46813186813186813 0.5708333333333333
0 0.40192307692307694 0.5336805555555556 0.4653846153846154 0.5881944444444445
0 0.4467032967032967 0.5913194444444445 0.6637362637362637 0.83125
0 0.4458791208791209 0.5895833333333333 0.7291208791208791 0.9430555555555556
0 0.5686813186813187 0.748263888888889 0.16263736263736264 0.20347222222222222
