0 0.28046875 0.5170138888888889 0.032031250000000004 0.04652777777777778
0 0.23164062500000002 0.43020833333333336 0.009375000000000001 0.027083333333333334
0 0.23261718750000002 0.4340277777777778 0.053515625000000004 0.11666666666666667
0 0.18125000000000002 0.3392361111111111 0.06484375 0.12013888888888889
0 0.12890625 0.24479166666666669 0.084375 0.14097222222222222
0 0.1462890625 0.2763888888888889 0.08867187500000001 0.1513888888888889
0 0.3482421875 0.6336805555555556 0.241015625 0.42708333333333337
0 0.331640625 0.6100694444444444 0.23828125 0.43819444444444444
0 0.35546875 0.6520833333333333 0.24921875000000002 0.4416666666666667
0 0.26894531250000003 0.49756944444444445 0.483984375 0.8548611111111112
0 0.283203125 0.5184027777777778 0.52578125 0.945138888888889
0 0.33027343750000004 0.6041666666666667 0.46992187500000004 0.8208333333333334
0 0.4451171875 0.8069444444444445 0.22382812500000002 0.4083333333333333
0 0.4375 0.795138888888889 0.18984375 0.34861111111111115
0 0.5496093750000001 0.9986111111111111 0.07734375 0.13055555555555556
0 0.48554687500000004 0.882638888888889 0.1015625 0.18472222222222223
0 0.47265625 0.8607638888888889 0.1390625 0.2576388888888889
0 0.504296875 0.920138888888889 0.54296875 0.9597222222222223
0 0.51875 0.9486111111111112 0.515625 0.9236111111111112
0 0.544140625 0.9833333333333334 0.3953125 0.6944444444444444
