0 0.30195312500000004 0.5579861111111112 0.17500000000000002 0.3159722222222222
0 0.30410156250000003 0.560763888888889 0.16757812500000002 0.2965277777777778
0 0.3064453125 0.5638888888888889 0.079296875 0.12638888888888888
0 0.2658203125 0.49375 0.039453125000000006 0.08750000000000001
0 0.2322265625 0.4326388888888889 0.016015625000000002 0.04583333333333334
0 0.2162109375 0.40625 0.10898437500000001 0.18333333333333335
0 0.1904296875 0.36041666666666666 0.039453125000000006 0.08611111111111111
0 0.1482421875 0.28368055555555555 0.127734375 0.24375000000000002
0 0.2798828125 0.5190972222222222 0.34101562500000004 0.59375
0 0.2828125 0.5256944444444445 0.36796875 0.6527777777777778
0 0.34804687500000003 0.638888888888889 0.3828125 0.7000000000000001
0 0.44472656250000003 0.8090277777777778 0.280078125 0.48055555555555557
0 0.43007812500000003 0.7861111111111111 0.30546875 0.5236111111111111
0 0.47207031250000003 0.8600694444444444 0.06601562500000001 0.09652777777777778
0 0.4580078125 0.8347222222222223 0.004296875 0.02361111111111111
0 0.42324218750000003 0.7781250000000001 0.06601562500000001 0.12291666666666667
0 0.47285156250000004 0.8652777777777778 0.494921875 0.8833333333333334
