0 0.25164835164835164 0.34444444444444444 0.12637362637362637 0.14305555555555557
0 0.29285714285714287 0.39548611111111115 0.012087912087912088 0.004861111111111111
0 0.17445054945054944 0.24583333333333335 0.08846153846153847 0.125
0 0.3675824175824176 0.4864583333333333 0.24285714285714285 0.31319444444444444
0 0.4186813186813187 0.55 0.4 0.5111111111111112
0 0.43104395604395607 0.56875 0.40054945054945057 0.48888888888888893
0 0.49725274725274726 0.6489583333333333 0.6692307692307692 0.8520833333333334
0 0.42527472527472526 0.5625 0.7373626373626374 0.9444444444444445
0 0.48406593406593407 0.6378472222222222 0.7626373626373626 0.9645833333333333
0 0.657967032967033 0.8572916666666667 0.39285714285714285 0.5034722222222222
0 0.6156593406593407 0.8041666666666667 0.28516483516483515 0.3652777777777778
0 0.6456043956043956 0.8350694444444445 0.15384615384615385 0.1798611111111111
0 0.5513736263736264 0.7222222222222222 0.17087912087912088 0.23611111111111113
0 0.4642857142857143 0.6159722222222223 0.26263736263736265 0.3458333333333333
0 0.4936813186813187 0.6524305555555556 0.29615384615384616 0.36458333333333337
0 0.3730769230769231 0.4982638888888889 0.489010989010989 0.6020833333333333
0 0.39203296703296703 0.5211805555555555 0.39175824175824175 0.5076388888888889
0 0.321978021978022 0.4354166666666667 0.24395604395604395 0.3041666666666667
