0 0.18516483516483517 0.2604166666666667 0.013186813186813187 0.006944444444444445
0 0.14065934065934066 0.20243055555555556 0.14285714285714285 0.1826388888888889
0 0.15989010989010988 0.23159722222222223 0.1989010989010989 0.22569444444444445
0 0.32884615384615384 0.43993055555555555 0.40934065934065933 0.5340277777777778
0 0.45604395604395603 0.6020833333333333 0.4857142857142857 0.5958333333333333
0 0.5087912087912088 0.6680555555555556 0.2230769230769231 0.3013888888888889
0 0.4997252747252747 0.6572916666666667 0.0016483516483516484 0.013194444444444444
0 0.5126373626373626 0.6746527777777778 0.002197802197802198 0.021527777777777778
0 0.31785714285714284 0.42708333333333337 0.40494505494505495 0.5069444444444444
0 0.3576923076923077 0.47847222222222224 0.3791208791208791 0.4652777777777778
0 0.38461538461538464 0.5086805555555556 0.3274725274725275 0.41597222222222224
0 0.6607142857142857 0.8583333333333334 0.2774725274725275 0.37083333333333335
0 0.660989010989011 0.8607638888888889 0.3032967032967033 0.4048611111111111
0 0.7648351648351648 0.9854166666666667 0.13736263736263737 0.1638888888888889
0 0.4771978021978022 0.6298611111111111 0.5642857142857143 0.7263888888888889
0 0.5467032967032966 0.7166666666666667 0.7835164835164835 0.9708333333333333
0 0.5370879120879121 0.6965277777777779 0.7851648351648352 0.9791666666666667
