0 0.3103515625 0.5694444444444444 0.016015625000000002 0.01388888888888889
0 0.2103515625 0.3944444444444445 0.005078125 0.005555555555555556
0 0.2626953125 0.4847222222222222 0.122265625 0.2
0 0.18769531250000002 0.34861111111111115 0.047265625000000006 0.09583333333333334
0 0.1490234375 0.2809027777777778 0.045703125000000004 0.08541666666666667
0 0.13125 0.24930555555555556 0.07734375 0.125
0 0.1244140625 0.23402777777777778 0.10898437500000001 0.19722222222222224
0 0.35371093750000004 0.6413194444444444 0.219140625 0.39513888888888893
0 0.3291015625 0.6027777777777777 0.137109375 0.22916666666666669
0 0.31093750000000003 0.5708333333333333 0.30390625000000004 0.5541666666666667
0 0.2791015625 0.5107638888888889 0.405859375 0.7340277777777778
0 0.2677734375 0.4982638888888889 0.42695312500000004 0.757638888888889
0 0.3630859375 0.6663194444444445 0.28554687500000003 0.5118055555555556
0 0.4384765625 0.796875 0.20820312500000002 0.3854166666666667
0 0.44160156250000004 0.8024305555555555 0.203515625 0.37430555555555556
0 0.5130859375 0.9315972222222223 0.122265625 0.20486111111111113
0 0.4712890625 0.859375 0.08476562500000001 0.14652777777777778
0 0.4595703125 0.8423611111111111 0.027734375000000002 0.05416666666666667
0 0.5255859375 0.9538194444444444 0.571484375 0.9993055555555556
0 0.5251953125000001 0.9545138888888889 0.393359375 0.7145833333333333
0 0.51171875 0.9350694444444445 0.384375 0.6687500000000001
0 0.5091796875 0.9208333333333334 0.425390625 0.7625000000000001
0 0.3103515625 0.5694444444444444 0.016015625000000002 0.01388888888888889
0 0.2103515625 0.3944444444444445 0.005078125 0.005555555555555556
0 0.2626953125 0.4847222222222222 0.122265625 0.2
0 0.18769531250000002 0.34861111111111115 0.047265625000000006 0.09583333333333334
0 0.1490234375 0.2809027777777778 0.045703125000000004 0.08541666666666667
0 0.13125 0.24930555555555556 0.07734375 0.125
0 0.1244140625 0.23402777777777778 0.10898437500000001 0.19722222222222224
0 0.35371093750000004 0.6413194444444444 0.219140625 0.39513888888888893
0 0.3291015625 0.6027777777777777 0.137109375 0.22916666666666669
0 0.31093750000000003 0.5708333333333333 0.30390625000000004 0.5541666666666667
0 0.2791015625 0.5107638888888889 0.405859375 0.7340277777777778
0 0.2677734375 0.4982638888888889 0.42695312500000004 0.757638888888889
0 0.3630859375 0.6663194444444445 0.28554687500000003 0.5118055555555556
0 0.4384765625 0.796875 0.20820312500000002 0.3854166666666667
0 0.44160156250000004 0.8024305555555555 0.203515625 0.37430555555555556
0 0.5130859375 0.9315972222222223 0.122265625 0.20486111111111113
0 0.4712890625 0.859375 0.08476562500000001 0.14652777777777778
0 0.4595703125 0.8423611111111111 0.027734375000000002 0.05416666666666667
0 0.5255859375 0.9538194444444444 0.571484375 0.9993055555555556
0 0.5251953125000001 0.9545138888888889 0.393359375 0.7145833333333333
0 0.51171875 0.9350694444444445 0.384375 0.6687500000000001
0 0.5091796875 0.9208333333333334 0.425390625 0.7625000000000001
