0 0.2291208791208791 0.3121527777777778 0.14505494505494507 0.19791666666666669
0 0.23626373626373626 0.3246527777777778 0.13956043956043956 0.17847222222222223
0 0.17115384615384616 0.24027777777777778 0.012637362637362638 0.02361111111111111
0 0.3700549450549451 0.49375 0.41593406593406596 0.5430555555555556
0 0.4434065934065934 0.5805555555555556 0.4021978021978022 0.5152777777777778
0 0.4582417582417582 0.5965277777777778 0.3626373626373626 0.4527777777777778
0 0.5115384615384615 0.6690972222222222 0.5472527472527473 0.7006944444444445
0 0.4346153846153846 0.571875 0.5758241758241758 0.7159722222222222
0 0.4129120879120879 0.5447916666666667 0.6873626373626374 0.8840277777777779
0 0.7118131868131868 0.9232638888888889 0.11593406593406594 0.15763888888888888
0 0.7538461538461538 0.9777777777777779 0.2802197802197802 0.34444444444444444
0 0.6862637362637363 0.8857638888888889 0.41208791208791207 0.5340277777777778
0 0.5027472527472527 0.6607638888888889 0.023076923076923078 0.02291666666666667
0 0.5173076923076924 0.6819444444444445 0.024725274725274724 0.022222222222222223
0 0.5626373626373626 0.7368055555555556 0.17912087912087912 0.23333333333333334
0 0.37445054945054945 0.49930555555555556 0.47527472527472525 0.5902777777777778
0 0.3752747252747253 0.5013888888888889 0.4879120879120879 0.6
0 0.36153846153846153 0.48194444444444445 0.4989010989010989 0.6222222222222222
