0 0.35274725274725277 0.46597222222222223 0.1 0.12638888888888888
0 0.3994505494505495 0.5211805555555555 0.310989010989011 0.4048611111111111
0 0.24945054945054945 0.32916666666666666 0.17692307692307693 0.23055555555555557
0 0.2826923076923077 0.3684027777777778 0.16538461538461538 0.20486111111111113
0 0.45494505494505494 0.5927083333333334 0.5175824175824176 0.6423611111111112
0 0.582967032967033 0.759375 0.6659340659340659 0.8409722222222222
0 0.5357142857142857 0.6986111111111112 0.7648351648351648 0.9555555555555556
0 0.4357142857142857 0.571875 0.5725274725274725 0.7256944444444444
0 0.4755494505494505 0.6152777777777778 0.47087912087912087 0.6055555555555556
0 0.6304945054945055 0.8104166666666667 0.1346153846153846 0.16666666666666669
0 0.5857142857142857 0.7541666666666667 0.24505494505494504 0.30833333333333335
0 0.6815934065934066 0.8743055555555556 0.16758241758241757 0.20555555555555557
0 0.7425824175824176 0.9552083333333333 0.28736263736263734 0.35625
0 0.6532967032967033 0.8399305555555556 0.14505494505494507 0.17569444444444446
0 0.5928571428571429 0.7635416666666667 0.03406593406593406 0.04930555555555556
0 0.5505494505494506 0.7107638888888889 0.11208791208791209 0.14930555555555555
0 0.5016483516483516 0.654513888888889 0.13406593406593406 0.17291666666666666
0 0.47527472527472525 0.6173611111111111 0.11758241758241758 0.1513888888888889
0 0.2868131868131868 0.37743055555555555 0.4197802197802198 0.5173611111111112
0 0.28626373626373625 0.37743055555555555 0.41098901098901097 0.5118055555555556
0 0.28516483516483515 0.378125 0.4054945054945055 0.50625
0 0.36236263736263735 0.47222222222222227 0.5148351648351648 0.6597222222222222
0 0.2337912087912088 0.30868055555555557 0.1478021978021978 0.1840277777777778
0 0.2098901098901099 0.28229166666666666 0.26483516483516484 0.32430555555555557
0 0.23076923076923078 0.3013888888888889 0.24395604395604395 0.3027777777777778
0 0.23241758241758242 0.309375 0.24615384615384617 0.29930555555555555
0 0.23736263736263735 0.31736111111111115 0.24395604395604395 0.2986111111111111
