0 0.3173828125 0.5791666666666667 0.018359375 0.020833333333333336
0 0.2654296875 0.4902777777777778 0.004296875 0.011111111111111112
0 0.215234375 0.4013888888888889 0.0054687500000000005 0.008333333333333333
0 0.15839843750000002 0.29930555555555555 0.16523437500000002 0.3
0 0.16562500000000002 0.31319444444444444 0.15937500000000002 0.2638888888888889
0 0.15058593750000002 0.28506944444444443 0.225390625 0.41597222222222224
0 0.15097656250000002 0.28506944444444443 0.051953125 0.08402777777777778
0 0.32558593750000003 0.5940972222222223 0.17304687500000002 0.2923611111111111
0 0.36796875 0.6708333333333334 0.10546875 0.20416666666666666
0 0.3994140625 0.7347222222222223 0.208984375 0.3625
0 0.36015625 0.6600694444444445 0.2921875 0.5381944444444444
0 0.423828125 0.7743055555555556 0.15390625000000002 0.29444444444444445
0 0.30078125 0.5517361111111111 0.52109375 0.9090277777777778
0 0.29628906250000003 0.5440972222222222 0.401953125 0.7020833333333334
0 0.3513671875 0.6440972222222222 0.39882812500000003 0.7243055555555555
0 0.4919921875 0.8968750000000001 0.08554687500000001 0.13958333333333334
0 0.5173828125000001 0.9364583333333334 0.110546875 0.18125
0 0.4546875 0.826388888888889 0.030468750000000003 0.06944444444444445
0 0.54921875 0.9972222222222222 0.5437500000000001 0.9833333333333334
0 0.49550781250000003 0.9024305555555556 0.441015625 0.7784722222222222
0 0.4654296875 0.8479166666666667 0.48554687500000004 0.8416666666666667
0 0.5009765625 0.909375 0.429296875 0.7520833333333333
