0 0.3568681318681319 0.4690972222222222 0.24670329670329672 0.32569444444444445
0 0.34395604395604396 0.4486111111111111 0.24285714285714285 0.30694444444444446
0 0.4087912087912088 0.5322916666666667 0.4758241758241758 0.5923611111111111
0 0.2175824175824176 0.2920138888888889 0.23296703296703297 0.28402777777777777
0 0.13021978021978023 0.18229166666666669 0.04395604395604395 0.04513888888888889
0 0.16813186813186815 0.22777777777777777 0.16923076923076924 0.2125
0 0.24395604395604395 0.3246527777777778 0.22637362637362637 0.2951388888888889
0 0.26593406593406593 0.3493055555555556 0.19230769230769232 0.24861111111111112
0 0.4054945054945055 0.5291666666666667 0.378021978021978 0.47361111111111115
0 0.5252747252747253 0.6802083333333334 0.5032967032967033 0.6395833333333334
0 0.5796703296703297 0.7489583333333334 0.6186813186813187 0.7840277777777778
0 0.5607142857142857 0.7229166666666667 0.7510989010989011 0.9416666666666667
0 0.5145604395604395 0.6649305555555556 0.7851648351648352 0.9979166666666667
0 0.41346153846153844 0.5392361111111111 0.7005494505494505 0.8895833333333334
0 0.4793956043956044 0.6208333333333333 0.55 0.7027777777777778
0 0.4098901098901099 0.5315972222222223 0.654945054945055 0.8215277777777779
0 0.41510989010989013 0.5420138888888889 0.6598901098901099 0.8256944444444445
0 0.4398351648351648 0.5684027777777778 0.5357142857142857 0.6659722222222223
0 0.5307692307692308 0.6854166666666667 0.7725274725274726 0.9694444444444444
0 0.725 0.9361111111111111 0.23131868131868133 0.29444444444444445
0 0.7351648351648352 0.9437500000000001 0.26373626373626374 0.33472222222222225
0 0.7406593406593407 0.9486111111111112 0.27912087912087913 0.3597222222222222
0 0.7318681318681318 0.940625 0.2824175824175824 0.36458333333333337
0 0.5692307692307692 0.7357638888888889 0.2967032967032967 0.37986111111111115
0 0.6431318681318682 0.8288194444444444 0.1357142857142857 0.17291666666666666
0 0.6282967032967033 0.8086805555555556 0.38846153846153847 0.4951388888888889
0 0.4612637362637363 0.5975694444444445 0.002747252747252747 0.009027777777777779
0 0.5370879120879121 0.6944444444444444 0.053296703296703295 0.06666666666666667
0 0.5054945054945055 0.6520833333333333 0.2098901098901099 0.275
0 0.41208791208791207 0.5378472222222223 0.07032967032967033 0.09097222222222223
