0 0.22637362637362637 0.3145833333333333 0.1813186813186813 0.2013888888888889
0 0.24395604395604395 0.3315972222222222 0.0989010989010989 0.11319444444444444
0 0.2519230769230769 0.3524305555555556 0.03901098901098901 0.04513888888888889
0 0.33214285714285713 0.446875 0.19395604395604396 0.2576388888888889
0 0.2651098901098901 0.3590277777777778 0.13681318681318683 0.16944444444444445
0 0.2846153846153846 0.3861111111111111 0.25274725274725274 0.3111111111111111
0 0.4857142857142857 0.6447916666666667 0.5230769230769231 0.6548611111111111
0 0.4695054945054945 0.6166666666666667 0.6401098901098901 0.8291666666666667
0 0.4532967032967033 0.5934027777777778 0.6582417582417582 0.8451388888888889
0 0.7346153846153847 0.9520833333333334 0.22637362637362637 0.2791666666666667
0 0.7217032967032967 0.935763888888889 0.17417582417582417 0.20625000000000002
0 0.7013736263736263 0.9125000000000001 0.06428571428571428 0.08055555555555556
0 0.6269230769230769 0.8142361111111112 0.05714285714285714 0.05347222222222223
0 0.5467032967032966 0.7159722222222222 0.17912087912087912 0.20555555555555557
0 0.48296703296703297 0.6385416666666667 0.17142857142857143 0.22291666666666668
0 0.4604395604395604 0.5996527777777778 0.4978021978021978 0.61875
0 0.368956043956044 0.4902777777777778 0.4346153846153846 0.5652777777777778
0 0.3464285714285714 0.4638888888888889 0.36428571428571427 0.4625
