0 0.29093406593406596 0.39305555555555555 0.010439560439560439 0.015277777777777779
0 0.21126373626373626 0.2923611111111111 0.11813186813186813 0.1513888888888889
0 0.16043956043956045 0.22847222222222224 0.015384615384615385 0.02638888888888889
0 0.3211538461538462 0.43194444444444446 0.3313186813186813 0.43333333333333335
0 0.3554945054945055 0.46875 0.4076923076923077 0.5152777777777778
0 0.3956043956043956 0.5208333333333334 0.2549450549450549 0.3180555555555556
0 0.42994505494505497 0.5659722222222222 0.7203296703296703 0.9277777777777778
0 0.425 0.5597222222222222 0.728021978021978 0.9361111111111111
0 0.4337912087912088 0.5666666666666667 0.7346153846153847 0.913888888888889
0 0.6914835164835165 0.8961805555555555 0.20714285714285716 0.28125
0 0.6230769230769231 0.8111111111111111 0.22197802197802197 0.26666666666666666
0 0.7156593406593407 0.9229166666666667 0.11373626373626373 0.15972222222222224
0 0.5021978021978022 0.6607638888888889 0.21868131868131868 0.2534722222222222
0 0.4804945054945055 0.6333333333333333 0.008241758241758242 0.018055555555555557
0 0.47637362637362635 0.6284722222222222 0.001098901098901099 0.0
0 0.28296703296703296 0.38159722222222225 0.45164835164835165 0.5881944444444445
0 0.3964285714285714 0.5229166666666667 0.4478021978021978 0.5458333333333334
0 0.39175824175824175 0.5215277777777778 0.43626373626373627 0.5361111111111111
