0 0.2348901098901099 0.31354166666666666 0.2489010989010989 0.30625
0 0.2326923076923077 0.30694444444444446 0.1357142857142857 0.17916666666666667
0 0.20164835164835165 0.26979166666666665 0.2692307692307692 0.33125
0 0.14505494505494507 0.19756944444444446 0.24615384615384617 0.29930555555555555
0 0.20467032967032966 0.2704861111111111 0.1434065934065934 0.17430555555555557
0 0.3203296703296703 0.4215277777777778 0.13076923076923078 0.1625
0 0.28708791208791207 0.3826388888888889 0.40054945054945057 0.525
0 0.27912087912087913 0.3663194444444445 0.10989010989010989 0.1326388888888889
0 0.5791208791208792 0.7513888888888889 0.5879120879120879 0.7402777777777778
0 0.4472527472527473 0.5819444444444445 0.6032967032967033 0.7611111111111112
0 0.4409340659340659 0.576388888888889 0.717032967032967 0.9222222222222223
0 0.7381868131868132 0.9465277777777779 0.3313186813186813 0.4277777777777778
0 0.6848901098901099 0.8805555555555555 0.1686813186813187 0.20694444444444446
0 0.6296703296703297 0.8111111111111111 0.13296703296703297 0.16527777777777777
0 0.5895604395604396 0.7586805555555556 0.22417582417582418 0.2951388888888889
0 0.5964285714285714 0.7715277777777778 0.03131868131868132 0.03888888888888889
0 0.5785714285714286 0.7479166666666667 0.005494505494505494 0.004166666666666667
0 0.45384615384615384 0.5878472222222223 0.08461538461538462 0.12013888888888889
0 0.45796703296703295 0.5961805555555556 0.08956043956043956 0.12569444444444444
0 0.30164835164835163 0.3944444444444445 0.4879120879120879 0.6263888888888889
0 0.303021978021978 0.3996527777777778 0.48296703296703297 0.6215277777777778
0 0.2854395604395604 0.37569444444444444 0.4467032967032967 0.5777777777777778
