0 0.16291208791208792 0.22743055555555555 0.10164835164835165 0.13680555555555557
0 0.15164835164835164 0.2170138888888889 0.06043956043956044 0.08263888888888889
0 0.16043956043956045 0.22465277777777778 0.05714285714285714 0.08680555555555555
0 0.42527472527472526 0.5559027777777777 0.389010989010989 0.48958333333333337
0 0.4 0.5277777777777778 0.24835164835164836 0.3138888888888889
0 0.42417582417582417 0.5625 0.14285714285714285 0.19444444444444445
0 0.475 0.6222222222222222 0.7631868131868131 0.9736111111111111
0 0.4651098901098901 0.6138888888888889 0.7807692307692308 0.9916666666666667
0 0.4434065934065934 0.5833333333333334 0.7593406593406593 0.9680555555555556
0 0.6354395604395604 0.8243055555555556 0.328021978021978 0.41944444444444445
0 0.6288461538461538 0.8222222222222223 0.20054945054945056 0.24305555555555555
0 0.6387362637362637 0.8371527777777779 0.17747252747252748 0.21736111111111112
0 0.5634615384615385 0.7378472222222222 0.004945054945054945 0.010416666666666668
0 0.4771978021978022 0.6291666666666667 0.21483516483516482 0.28055555555555556
0 0.4989010989010989 0.6548611111111111 0.2681318681318681 0.3541666666666667
0 0.3263736263736264 0.4361111111111111 0.3978021978021978 0.4916666666666667
0 0.2936813186813187 0.39375 0.43131868131868134 0.5291666666666667
0 0.2774725274725275 0.37430555555555556 0.4604395604395604 0.6
