0 0.2043956043956044 0.27743055555555557 0.12417582417582418 0.14930555555555555
0 0.1870879120879121 0.2607638888888889 0.128021978021978 0.16875
0 0.16181318681318682 0.22777777777777777 0.07087912087912088 0.10138888888888889
0 0.3543956043956044 0.4743055555555556 0.4010989010989011 0.5069444444444444
0 0.42417582417582417 0.5541666666666667 0.3901098901098901 0.4916666666666667
0 0.3983516483516483 0.5229166666666667 0.3076923076923077 0.3791666666666667
0 0.5178571428571429 0.6763888888888889 0.5796703296703297 0.7472222222222222
0 0.47774725274725277 0.6246527777777778 0.75 0.9381944444444444
0 0.4173076923076923 0.5493055555555556 0.7104395604395605 0.9069444444444444
0 0.7162087912087912 0.9291666666666667 0.39505494505494504 0.4861111111111111
0 0.6532967032967033 0.8472222222222222 0.31758241758241756 0.39861111111111114
0 0.6818681318681319 0.8857638888888889 0.2021978021978022 0.24097222222222223
0 0.5868131868131868 0.7694444444444445 0.2010989010989011 0.25972222222222224
0 0.5480769230769231 0.7184027777777778 0.27087912087912086 0.3298611111111111
0 0.551923076923077 0.7204861111111112 0.13021978021978023 0.17847222222222223
0 0.35906593406593407 0.48125 0.506043956043956 0.6375000000000001
0 0.3508241758241758 0.46944444444444444 0.49725274725274726 0.625
0 0.26593406593406593 0.3607638888888889 0.35274725274725277 0.45069444444444445
