0 0.46291208791208793 0.6013888888888889 0.09835164835164835 0.11111111111111112
0 0.35274725274725277 0.4642361111111111 0.189010989010989 0.2576388888888889
0 0.5458791208791208 0.7104166666666667 0.21263736263736263 0.26666666666666666
0 0.29945054945054944 0.3920138888888889 0.46483516483516485 0.5798611111111112
0 0.1771978021978022 0.23958333333333334 0.2412087912087912 0.2916666666666667
0 0.15467032967032968 0.21145833333333333 0.04120879120879121 0.05486111111111111
0 0.2032967032967033 0.2732638888888889 0.024175824175824177 0.04097222222222222
0 0.2230769230769231 0.3038194444444445 0.023076923076923078 0.03402777777777778
0 0.3524725274725275 0.465625 0.2302197802197802 0.29097222222222224
0 0.42747252747252745 0.55625 0.47692307692307695 0.5972222222222222
0 0.5076923076923077 0.6590277777777778 0.12967032967032968 0.15555555555555556
0 0.40906593406593406 0.5322916666666667 0.29725274725274725 0.3715277777777778
0 0.24368131868131868 0.3215277777777778 0.21263736263736263 0.25972222222222224
0 0.7057692307692308 0.9065972222222223 0.15219780219780218 0.19930555555555557
0 0.4186813186813187 0.55 0.6527472527472528 0.8347222222222223
0 0.4879120879120879 0.6322916666666667 0.4901098901098901 0.607638888888889
0 0.542032967032967 0.7086805555555555 0.47087912087912087 0.6104166666666667
0 0.596978021978022 0.7743055555555556 0.22142857142857142 0.26944444444444443
0 0.6434065934065935 0.8295138888888889 0.15824175824175823 0.18680555555555556
