0 0.2849609375 0.5246527777777777 0.037109375 0.04930555555555556
0 0.213671875 0.39548611111111115 0.0015625 0.014583333333333334
0 0.164453125 0.3121527777777778 0.184375 0.33125
0 0.16464843750000002 0.3104166666666667 0.15976562500000002 0.26666666666666666
0 0.1283203125 0.2503472222222222 0.090234375 0.14930555555555555
0 0.32578125 0.596875 0.17109375000000002 0.29097222222222224
0 0.4013671875 0.7375 0.20664062500000002 0.35694444444444445
0 0.35195312500000003 0.64375 0.21328125 0.39305555555555555
0 0.34375 0.63125 0.2515625 0.46805555555555556
0 0.29609375 0.5434027777777778 0.40156250000000004 0.7034722222222223
0 0.25429687500000003 0.4701388888888889 0.44609375 0.8083333333333333
0 0.28457031250000003 0.5270833333333333 0.508984375 0.9263888888888889
0 0.448828125 0.8170138888888889 0.02890625 0.06875
0 0.4548828125 0.8274305555555556 0.039453125000000006 0.07986111111111112
0 0.4921875 0.8968750000000001 0.08750000000000001 0.13819444444444445
0 0.398046875 0.7277777777777779 0.565625 0.9819444444444445
0 0.5025390625 0.9142361111111111 0.437109375 0.7701388888888889
0 0.52734375 0.9576388888888889 0.3796875 0.6708333333333334
