0 0.1728021978021978 0.24305555555555555 0.08846153846153847 0.12638888888888888
0 0.1631868131868132 0.2326388888888889 0.08681318681318681 0.12222222222222223
0 0.2673076923076923 0.3663194444444445 0.03021978021978022 0.035416666666666666
0 0.39807692307692305 0.5336805555555556 0.439010989010989 0.5520833333333334
0 0.47637362637362635 0.6243055555555556 0.2549450549450549 0.3138888888888889
0 0.4096153846153846 0.5375 0.382967032967033 0.4930555555555556
0 0.4195054945054945 0.5538194444444444 0.6027472527472527 0.76875
0 0.4142857142857143 0.5486111111111112 0.6868131868131868 0.8805555555555555
0 0.5467032967032966 0.7163194444444445 0.5813186813186814 0.7479166666666667
0 0.2728021978021978 0.37430555555555556 0.4357142857142857 0.5750000000000001
0 0.3862637362637363 0.513888888888889 0.46373626373626375 0.5666666666666667
0 0.3782967032967033 0.503125 0.4664835164835165 0.5784722222222223
0 0.44395604395604393 0.5906250000000001 0.16813186813186815 0.21736111111111112
0 0.47637362637362635 0.63125 0.021978021978021976 0.01388888888888889
0 0.5854395604395605 0.763888888888889 0.15219780219780218 0.20833333333333334
0 0.6953296703296703 0.9038194444444445 0.11923076923076924 0.1423611111111111
0 0.7162087912087912 0.9246527777777778 0.1434065934065934 0.1840277777777778
0 0.7576923076923077 0.9864583333333333 0.2692307692307692 0.34097222222222223
