0 0.1640625 0.31180555555555556 0.15859375 0.2638888888888889
0 0.1728515625 0.328125 0.17929687500000002 0.32430555555555557
0 0.1326171875 0.2559027777777778 0.079296875 0.12291666666666667
0 0.226953125 0.42465277777777777 0.02109375 0.04791666666666667
0 0.211328125 0.3947916666666667 0.035937500000000004 0.08402777777777778
0 0.23203125000000002 0.42847222222222225 0.0484375 0.09722222222222222
0 0.36875 0.6805555555555556 0.23203125000000002 0.4236111111111111
0 0.34140625 0.625 0.21406250000000002 0.39166666666666666
0 0.34902343750000003 0.6399305555555556 0.21992187500000002 0.40208333333333335
0 0.39003906250000003 0.7197916666666667 0.20664062500000002 0.36319444444444443
0 0.38613281250000003 0.7048611111111112 0.35585937500000003 0.6472222222222223
0 0.50546875 0.920138888888889 0.0234375 0.03333333333333333
0 0.5169921875 0.9395833333333333 0.051953125 0.07916666666666666
0 0.4470703125 0.8177083333333334 0.126953125 0.24097222222222223
0 0.29765625 0.5461805555555556 0.39921875 0.6979166666666667
0 0.31093750000000003 0.5729166666666667 0.45234375000000004 0.7875
0 0.28671875 0.529513888888889 0.51484375 0.9284722222222223
0 0.54453125 0.99375 0.48046875 0.8388888888888889
0 0.487109375 0.8899305555555556 0.45390625 0.7923611111111112
0 0.487109375 0.8854166666666667 0.5437500000000001 0.9805555555555556
0 0.416796875 0.7631944444444445 0.5421875 0.9541666666666667
