0 0.1546875 0.3 0.1125 0.22222222222222224
0 0.1888671875 0.3548611111111111 0.008203125 0.009722222222222222
0 0.1921875 0.36458333333333337 0.0140625 0.0375
0 0.2822265625 0.5274305555555556 0.223046875 0.38819444444444445
0 0.34765625 0.6381944444444445 0.1765625 0.3013888888888889
0 0.37109375 0.6836805555555556 0.1390625 0.2604166666666667
0 0.278125 0.5170138888888889 0.32109375 0.5645833333333333
0 0.2830078125 0.5319444444444444 0.205078125 0.37083333333333335
0 0.28457031250000003 0.5364583333333334 0.195703125 0.35347222222222224
0 0.44082031250000003 0.8076388888888889 0.061328125000000004 0.13055555555555556
0 0.4607421875 0.8486111111111111 0.035546875 0.051388888888888894
0 0.412109375 0.7579861111111111 0.09375 0.1826388888888889
0 0.404296875 0.7524305555555556 0.51484375 0.9090277777777778
0 0.4275390625 0.788888888888889 0.540234375 0.9638888888888889
