0 0.22252747252747251 0.3076388888888889 0.07252747252747253 0.11388888888888889
0 0.19945054945054946 0.28229166666666666 0.01978021978021978 0.029861111111111113
0 0.32445054945054946 0.43506944444444445 0.08736263736263736 0.08958333333333333
0 0.4197802197802198 0.5621527777777778 0.2010989010989011 0.2520833333333333
0 0.36675824175824173 0.4902777777777778 0.38076923076923075 0.5041666666666667
0 0.38351648351648354 0.5125000000000001 0.4318681318681319 0.5666666666666667
0 0.40302197802197803 0.5395833333333333 0.19175824175824177 0.24722222222222223
0 0.5260989010989011 0.6958333333333334 0.03241758241758242 0.044444444444444446
0 0.6087912087912087 0.7975694444444444 0.13186813186813187 0.15347222222222223
0 0.7489010989010989 0.9680555555555556 0.21428571428571427 0.27083333333333337
0 0.6645604395604395 0.865625 0.45879120879120877 0.6020833333333333
0 0.40384615384615385 0.5305555555555556 0.5 0.6236111111111111
0 0.39368131868131867 0.513888888888889 0.48846153846153845 0.6263888888888889
0 0.4552197802197802 0.6003472222222223 0.6324175824175824 0.795138888888889
0 0.4771978021978022 0.6288194444444445 0.7434065934065934 0.9645833333333333
0 0.6027472527472527 0.7878472222222223 0.6747252747252748 0.8423611111111111
0 0.6335164835164835 0.8340277777777778 0.08241758241758242 0.09444444444444444
