0 0.14423076923076922 0.20868055555555556 0.1532967032967033 0.21041666666666667
0 0.15247252747252749 0.21145833333333333 0.1489010989010989 0.20347222222222222
0 0.12445054945054945 0.18541666666666667 0.06758241758241758 0.09444444444444444
0 0.33379120879120877 0.44409722222222225 0.5115384615384615 0.6618055555555555
0 0.4370879120879121 0.5743055555555556 0.45879120879120877 0.5583333333333333
0 0.45796703296703295 0.6 0.49835164835164836 0.6166666666666667
0 0.4928571428571429 0.6475694444444444 0.1912087912087912 0.26180555555555557
0 0.5648351648351648 0.7427083333333334 0.27802197802197803 0.34097222222222223
0 0.6063186813186813 0.7944444444444445 0.21703296703296704 0.25
0 0.718956043956044 0.9329861111111112 0.06868131868131869 0.08958333333333333
0 0.7450549450549451 0.9666666666666667 0.07142857142857142 0.10555555555555556
0 0.7236263736263736 0.9347222222222222 0.2967032967032967 0.3819444444444445
0 0.3346153846153846 0.4496527777777778 0.11428571428571428 0.1590277777777778
0 0.30494505494505497 0.4121527777777778 0.18681318681318682 0.22013888888888888
0 0.28434065934065933 0.3805555555555556 0.23351648351648352 0.3125
0 0.43846153846153846 0.5756944444444445 0.6516483516483517 0.8402777777777778
0 0.46373626373626375 0.6125 0.6835164835164835 0.8555555555555556
0 0.4642857142857143 0.6180555555555556 0.756043956043956 0.9666666666666667
