0 0.18671875000000002 0.35659722222222223 0.14140625 0.26875
0 0.18320312500000002 0.3513888888888889 0.0390625 0.05694444444444444
0 0.18085937500000002 0.34652777777777777 0.034375 0.036111111111111115
0 0.3375 0.6246527777777778 0.19687500000000002 0.36597222222222225
0 0.32753906250000003 0.6024305555555556 0.25039062500000003 0.4256944444444445
0 0.3345703125 0.6194444444444445 0.255078125 0.4388888888888889
0 0.25136718750000003 0.4673611111111111 0.358984375 0.6541666666666667
0 0.241015625 0.453125 0.25703125 0.44930555555555557
0 0.309375 0.5784722222222223 0.19921875 0.38333333333333336
0 0.44570312500000003 0.8166666666666667 0.057031250000000006 0.10694444444444445
0 0.5015625 0.9197916666666667 0.039843750000000004 0.08125
0 0.459765625 0.8482638888888889 0.15859375 0.2715277777777778
0 0.45156250000000003 0.8298611111111112 0.4890625 0.8875000000000001
0 0.5265625 0.9635416666666667 0.35781250000000003 0.6479166666666667
