0 0.23626373626373626 0.321875 0.14505494505494507 0.1701388888888889
0 0.20906593406593407 0.2881944444444445 0.13791208791208792 0.18194444444444446
0 0.18653846153846154 0.2569444444444445 0.12472527472527473 0.15555555555555556
0 0.36428571428571427 0.4840277777777778 0.4197802197802198 0.5472222222222223
0 0.381043956043956 0.5024305555555556 0.3038461538461538 0.38958333333333334
0 0.42445054945054944 0.5555555555555556 0.3873626373626374 0.48888888888888893
0 0.4868131868131868 0.6409722222222223 0.7846153846153846 0.9888888888888889
0 0.46016483516483514 0.6079861111111111 0.7763736263736264 0.9868055555555556
0 0.47335164835164834 0.6236111111111111 0.7489010989010989 0.9458333333333334
0 0.6436813186813187 0.8319444444444445 0.3456043956043956 0.4444444444444445
0 0.6329670329670329 0.8243055555555556 0.1978021978021978 0.23055555555555557
0 0.6629120879120879 0.8625 0.13131868131868132 0.1527777777777778
0 0.5593406593406594 0.7309027777777778 0.25824175824175827 0.34375
0 0.5258241758241758 0.6920138888888889 0.2835164835164835 0.35625
0 0.525 0.6927083333333334 0.27307692307692305 0.34375
0 0.3535714285714286 0.4708333333333333 0.5170329670329671 0.6486111111111111
0 0.3791208791208791 0.5069444444444444 0.310989010989011 0.40555555555555556
0 0.27774725274725276 0.37222222222222223 0.36538461538461536 0.4527777777777778
