0 0.2654296875 0.4899305555555556 0.004296875 0.010416666666666668
0 0.3171875 0.58125 0.01953125 0.018055555555555557
0 0.215234375 0.40069444444444446 0.00390625 0.006944444444444445
0 0.325 0.5940972222222223 0.17421875 0.29375
0 0.3677734375 0.6711805555555556 0.10507812500000001 0.20625000000000002
0 0.15156250000000002 0.28645833333333337 0.05234375 0.08680555555555555
0 0.1650390625 0.3125 0.15976562500000002 0.2652777777777778
0 0.15859375 0.2989583333333333 0.16484375 0.29930555555555555
0 0.1498046875 0.28402777777777777 0.22226562500000002 0.41111111111111115
0 0.3603515625 0.6607638888888889 0.291796875 0.5368055555555555
0 0.39960937500000004 0.7354166666666667 0.209375 0.3625
0 0.42617187500000003 0.7774305555555556 0.15781250000000002 0.30069444444444443
0 0.5164062500000001 0.9378472222222223 0.11015625000000001 0.18125
0 0.4919921875 0.8972222222222223 0.08554687500000001 0.1375
0 0.4548828125 0.8277777777777778 0.030078125 0.06805555555555556
0 0.3521484375 0.64375 0.401171875 0.7236111111111111
0 0.29609375 0.5437500000000001 0.40156250000000004 0.7027777777777778
0 0.30078125 0.5548611111111111 0.52265625 0.9069444444444444
0 0.55 0.9972222222222222 0.5437500000000001 0.9833333333333334
0 0.4951171875 0.9027777777777778 0.44179687500000003 0.7763888888888889
0 0.46503906250000004 0.8472222222222222 0.48554687500000004 0.8444444444444444
0 0.500390625 0.909375 0.42890625000000004 0.7534722222222222
