0 0.16593406593406593 0.23298611111111112 0.07472527472527472 0.10625
0 0.15412087912087913 0.22256944444444446 0.0521978021978022 0.07569444444444445
0 0.26703296703296703 0.3652777777777778 0.035164835164835165 0.034722222222222224
0 0.36648351648351646 0.4916666666666667 0.421978021978022 0.5444444444444445
0 0.40796703296703296 0.5375 0.37967032967032965 0.4916666666666667
0 0.4755494505494505 0.6246527777777778 0.2532967032967033 0.3159722222222222
0 0.45467032967032966 0.6006944444444444 0.6873626373626374 0.8736111111111111
0 0.439010989010989 0.5798611111111112 0.5637362637362637 0.6972222222222223
0 0.42939560439560437 0.5666666666666667 0.5752747252747252 0.7152777777777778
0 0.7456043956043956 0.9666666666666667 0.16043956043956045 0.21666666666666667
0 0.6879120879120879 0.8965277777777778 0.11868131868131868 0.14444444444444446
0 0.7535714285714286 0.971875 0.2291208791208791 0.2868055555555556
0 0.5903846153846154 0.775 0.08956043956043956 0.12361111111111112
0 0.5958791208791209 0.7791666666666667 0.11373626373626373 0.16111111111111112
0 0.5318681318681319 0.701388888888889 0.2835164835164835 0.35000000000000003
0 0.3873626373626374 0.5128472222222222 0.46593406593406594 0.5715277777777777
0 0.36538461538461536 0.4913194444444445 0.47802197802197804 0.6034722222222223
0 0.26043956043956046 0.3559027777777778 0.41098901098901097 0.5298611111111111
