0 0.17362637362637362 0.2420138888888889 0.05714285714285714 0.07152777777777779
0 0.19038461538461537 0.265625 0.1423076923076923 0.17708333333333334
0 0.21483516483516482 0.2965277777777778 0.16043956043956045 0.20833333333333334
0 0.40302197802197803 0.5357638888888889 0.43351648351648353 0.5381944444444444
0 0.4167582417582418 0.5465277777777778 0.3730769230769231 0.47361111111111115
0 0.4695054945054945 0.6180555555555556 0.3532967032967033 0.43333333333333335
0 0.5019230769230769 0.6590277777777778 0.695054945054945 0.8763888888888889
0 0.48214285714285715 0.6322916666666667 0.6752747252747253 0.8465277777777778
0 0.5565934065934066 0.7295138888888889 0.6989010989010989 0.8840277777777779
0 0.6771978021978022 0.8756944444444444 0.3994505494505495 0.5125000000000001
0 0.6637362637362637 0.8628472222222222 0.4 0.5159722222222223
0 0.6233516483516484 0.8173611111111111 0.25659340659340657 0.325
0 0.5598901098901099 0.7336805555555556 0.008791208791208791 0.0034722222222222225
0 0.5906593406593407 0.7739583333333334 0.189010989010989 0.22708333333333333
0 0.5884615384615385 0.7694444444444445 0.2076923076923077 0.27361111111111114
0 0.39285714285714285 0.5246527777777777 0.4010989010989011 0.5159722222222223
0 0.32857142857142857 0.4413194444444445 0.3098901098901099 0.3840277777777778
0 0.27994505494505495 0.38020833333333337 0.3456043956043956 0.45208333333333334
