0 0.4002747252747253 0.5260416666666667 0.1697802197802198 0.23541666666666666
0 0.41318681318681316 0.5399305555555556 0.24175824175824176 0.3201388888888889
0 0.39285714285714285 0.5100694444444445 0.1835164835164835 0.22430555555555556
0 0.28434065934065933 0.3701388888888889 0.11043956043956044 0.13194444444444445
0 0.5123626373626373 0.6673611111111112 0.128021978021978 0.1625
0 0.5928571428571429 0.7673611111111112 0.010989010989010988 0.0
0 0.5909340659340659 0.7663194444444444 0.11703296703296703 0.14791666666666667
0 0.5843406593406594 0.757638888888889 0.11263736263736264 0.15833333333333333
0 0.3403846153846154 0.446875 0.5192307692307693 0.6715277777777778
0 0.35384615384615387 0.4635416666666667 0.5252747252747253 0.6645833333333333
0 0.38159340659340657 0.4986111111111111 0.5324175824175824 0.6583333333333333
0 0.23956043956043957 0.3246527777777778 0.23516483516483516 0.29375
0 0.1346153846153846 0.1902777777777778 0.02967032967032967 0.04027777777777778
0 0.21153846153846154 0.2847222222222222 0.2175824175824176 0.2638888888888889
0 0.11703296703296703 0.16666666666666669 0.15274725274725276 0.1875
0 0.43351648351648353 0.56875 0.5626373626373626 0.7138888888888889
0 0.4412087912087912 0.5777777777777778 0.5087912087912088 0.6402777777777778
0 0.435989010989011 0.5680555555555555 0.6796703296703297 0.8611111111111112
0 0.4585164835164835 0.6013888888888889 0.75 0.9722222222222222
0 0.4758241758241758 0.6263888888888889 0.7263736263736263 0.925
0 0.6851648351648352 0.8812500000000001 0.17142857142857143 0.20555555555555557
0 0.7401098901098901 0.9527777777777778 0.24285714285714285 0.31666666666666665
0 0.6777472527472528 0.8756944444444444 0.1401098901098901 0.1902777777777778
