0 0.3159340659340659 0.41875 0.24395604395604395 0.3041666666666667
0 0.34093406593406594 0.4434027777777778 0.24670329670329672 0.3076388888888889
0 0.31373626373626373 0.4121527777777778 0.3230769230769231 0.41597222222222224
0 0.14532967032967034 0.203125 0.09505494505494505 0.10625
0 0.20686813186813185 0.2763888888888889 0.07747252747252747 0.09722222222222222
0 0.15082417582417582 0.20729166666666668 0.18626373626373627 0.23958333333333334
0 0.16895604395604397 0.23055555555555557 0.2368131868131868 0.3111111111111111
0 0.26703296703296703 0.34861111111111115 0.19230769230769232 0.24722222222222223
0 0.2403846153846154 0.31875000000000003 0.2521978021978022 0.3194444444444445
0 0.3263736263736264 0.4288194444444445 0.4725274725274725 0.6048611111111112
0 0.4137362637362637 0.5364583333333334 0.7054945054945055 0.8951388888888889
0 0.4115384615384615 0.534375 0.6593406593406593 0.8270833333333334
0 0.4107142857142857 0.5350694444444445 0.6412087912087913 0.8048611111111111
0 0.4815934065934066 0.6246527777777778 0.7489010989010989 0.9437500000000001
0 0.5098901098901099 0.6597222222222222 0.756043956043956 0.9486111111111112
0 0.5148351648351648 0.6645833333333333 0.7868131868131868 0.9972222222222222
0 0.47225274725274724 0.6107638888888889 0.6873626373626374 0.8715277777777778
0 0.5703296703296703 0.7364583333333333 0.7252747252747253 0.9006944444444445
0 0.48021978021978023 0.6197916666666667 0.5538461538461539 0.7020833333333334
0 0.5692307692307692 0.7361111111111112 0.25824175824175827 0.32083333333333336
0 0.6771978021978022 0.8722222222222222 0.22032967032967032 0.2791666666666667
0 0.6837912087912088 0.8805555555555555 0.12142857142857143 0.16666666666666669
0 0.6263736263736264 0.804513888888889 0.13186813186813187 0.15763888888888888
0 0.7348901098901099 0.9447916666666667 0.3038461538461538 0.36875
0 0.7343406593406593 0.9444444444444445 0.317032967032967 0.39583333333333337
0 0.6467032967032967 0.8402777777777778 0.4593406593406593 0.576388888888889
0 0.6293956043956044 0.8086805555555556 0.3873626373626374 0.49930555555555556
0 0.5258241758241758 0.685763888888889 0.12637362637362637 0.16875
0 0.48021978021978023 0.6253472222222223 0.06813186813186813 0.08125
0 0.41346153846153844 0.5368055555555555 0.07197802197802197 0.08611111111111111
