0 0.3521484375 0.6479166666666667 0.043359375000000006 0.07361111111111111
0 0.3701171875 0.6819444444444445 0.207421875 0.37222222222222223
0 0.30312500000000003 0.5565972222222223 0.0546875 0.11319444444444444
0 0.2380859375 0.44375000000000003 0.072265625 0.12222222222222223
0 0.22265625 0.4149305555555556 0.01015625 0.027083333333333334
0 0.17929687500000002 0.34097222222222223 0.1640625 0.3027777777777778
0 0.1212890625 0.23368055555555556 0.10117187500000001 0.16597222222222222
0 0.16230468750000002 0.3076388888888889 0.219140625 0.3902777777777778
0 0.33417968750000004 0.6173611111111111 0.234765625 0.4083333333333333
0 0.3728515625 0.6892361111111112 0.19492187500000002 0.3368055555555556
0 0.427734375 0.7809027777777778 0.16953125000000002 0.3215277777777778
0 0.292578125 0.5395833333333333 0.50703125 0.913888888888889
0 0.299609375 0.55 0.52265625 0.9152777777777779
0 0.2693359375 0.4965277777777778 0.31757812500000004 0.5513888888888889
0 0.51953125 0.9434027777777778 0.0203125 0.05625
0 0.5291015625000001 0.9600694444444445 0.07773437500000001 0.12013888888888889
0 0.466796875 0.853125 0.02890625 0.06319444444444444
0 0.5380859375 0.9767361111111111 0.498828125 0.8701388888888889
0 0.5125000000000001 0.9302083333333334 0.46406250000000004 0.84375
0 0.46875 0.8534722222222223 0.48828125 0.85
0 0.4697265625 0.8538194444444445 0.498828125 0.8979166666666667
0 0.42128906250000003 0.7684027777777778 0.537109375 0.9506944444444445
