0 0.26456043956043956 0.36041666666666666 0.11263736263736264 0.12638888888888888
0 0.30357142857142855 0.4065972222222222 0.08186813186813187 0.08541666666666667
0 0.26483516483516484 0.36180555555555555 0.12747252747252746 0.1513888888888889
0 0.38956043956043956 0.5243055555555556 0.1758241758241758 0.21666666666666667
0 0.4379120879120879 0.5829861111111111 0.18461538461538463 0.25069444444444444
0 0.45879120879120877 0.609375 0.41208791208791207 0.4951388888888889
0 0.5302197802197802 0.6961805555555556 0.0978021978021978 0.14097222222222222
0 0.5763736263736263 0.7583333333333334 0.13406593406593406 0.1638888888888889
0 0.5947802197802198 0.7781250000000001 0.08186813186813187 0.09791666666666667
0 0.4684065934065934 0.6170138888888889 0.3434065934065934 0.4256944444444445
0 0.7178571428571429 0.935763888888889 0.49175824175824173 0.6201388888888889
0 0.6598901098901099 0.8600694444444444 0.27582417582417584 0.34375
0 0.5266483516483517 0.6892361111111112 0.6357142857142857 0.7784722222222222
0 0.5527472527472528 0.721875 0.6054945054945055 0.7854166666666667
0 0.46785714285714286 0.6173611111111111 0.6016483516483516 0.7388888888888889
0 0.3392857142857143 0.453125 0.4137362637362637 0.5326388888888889
0 0.34917582417582416 0.46875 0.43021978021978025 0.5625
