0 0.38159340659340657 0.5045138888888889 0.29835164835164835 0.36597222222222225
0 0.4247252747252747 0.5583333333333333 0.3747252747252747 0.45555555555555555
0 0.3373626373626374 0.45381944444444444 0.3802197802197802 0.5020833333333333
0 0.5079670329670329 0.6666666666666667 0.6005494505494505 0.7708333333333334
0 0.5961538461538461 0.7829861111111112 0.667032967032967 0.84375
0 0.6804945054945055 0.884375 0.4489010989010989 0.5881944444444445
0 0.756043956043956 0.978125 0.19230769230769232 0.22569444444444445
0 0.5865384615384616 0.7652777777777778 0.0005494505494505495 0.020833333333333336
0 0.5771978021978021 0.7545138888888889 0.08846153846153847 0.12708333333333333
0 0.4826923076923077 0.6350694444444445 0.03901098901098901 0.06458333333333334
0 0.40686813186813187 0.5402777777777777 0.19615384615384615 0.26805555555555555
0 0.42527472527472526 0.5642361111111112 0.23186813186813188 0.31319444444444444
0 0.3508241758241758 0.4701388888888889 0.43021978021978025 0.5611111111111111
0 0.2826923076923077 0.3819444444444445 0.07967032967032966 0.12083333333333333
0 0.28708791208791207 0.38506944444444446 0.1554945054945055 0.17569444444444446
0 0.18543956043956045 0.26180555555555557 0.11703296703296703 0.1527777777777778
0 0.7585164835164835 0.9784722222222223 0.4412087912087912 0.5388888888888889
