0 0.24258241758241758 0.3315972222222222 0.11153846153846154 0.1423611111111111
0 0.16593406593406593 0.2357638888888889 0.038461538461538464 0.04930555555555556
0 0.1728021978021978 0.24409722222222224 0.03901098901098901 0.06597222222222222
0 0.3425824175824176 0.45590277777777777 0.38186813186813184 0.50625
0 0.4074175824175824 0.5336805555555556 0.360989010989011 0.4479166666666667
0 0.4304945054945055 0.5635416666666667 0.2785714285714286 0.36319444444444443
0 0.45357142857142857 0.5934027777777778 0.6093406593406593 0.78125
0 0.4164835164835165 0.5486111111111112 0.6593406593406593 0.8541666666666667
0 0.4554945054945055 0.5993055555555555 0.5428571428571428 0.675
0 0.685989010989011 0.8934027777777778 0.11483516483516483 0.1451388888888889
0 0.6782967032967033 0.8756944444444444 0.38076923076923075 0.47361111111111115
0 0.7076923076923077 0.9163194444444445 0.3923076923076923 0.48680555555555555
0 0.4686813186813187 0.6194444444444445 0.014285714285714285 0.0
0 0.5200549450549451 0.6840277777777778 0.0005494505494505495 0.001388888888888889
0 0.5293956043956044 0.6982638888888889 0.06868131868131869 0.08263888888888889
0 0.39285714285714285 0.521875 0.4098901098901099 0.5006944444444444
0 0.3326923076923077 0.4479166666666667 0.5016483516483516 0.6277777777777778
0 0.3758241758241758 0.4996527777777778 0.46263736263736266 0.5673611111111111
