0 0.1631868131868132 0.22916666666666669 0.05384615384615385 0.07222222222222223
0 0.1489010989010989 0.21423611111111113 0.021978021978021976 0.027083333333333334
0 0.1934065934065934 0.2704861111111111 0.12087912087912088 0.1590277777777778
0 0.3403846153846154 0.4552083333333333 0.3840659340659341 0.5020833333333333
0 0.39862637362637365 0.5263888888888889 0.2895604395604396 0.3611111111111111
0 0.4239010989010989 0.5548611111111111 0.3873626373626374 0.4861111111111111
0 0.4796703296703297 0.6319444444444444 0.7835164835164835 0.9944444444444445
0 0.4804945054945055 0.6305555555555555 0.7653846153846153 0.9833333333333334
0 0.4565934065934066 0.6006944444444444 0.7769230769230769 0.9861111111111112
0 0.35412087912087914 0.4774305555555556 0.2412087912087912 0.31319444444444444
0 0.389010989010989 0.5163194444444444 0.35384615384615387 0.4673611111111111
0 0.29120879120879123 0.3944444444444445 0.4703296703296703 0.6097222222222223
0 0.5972527472527472 0.7826388888888889 0.17802197802197803 0.23055555555555557
0 0.5901098901098901 0.7739583333333334 0.2 0.24097222222222223
0 0.5837912087912088 0.7666666666666667 0.19395604395604396 0.23750000000000002
0 0.7197802197802198 0.935763888888889 0.13296703296703297 0.16180555555555556
0 0.714010989010989 0.93125 0.11483516483516483 0.14722222222222223
0 0.65 0.8427083333333334 0.34175824175824177 0.4395833333333333
