0 0.4693359375 0.8465277777777778 0.037109375 0.061111111111111116
0 0.4107421875 0.7399305555555555 0.487109375 0.8729166666666667
0 0.5390625 0.9694444444444444 0.30390625000000004 0.5361111111111111
0 0.548828125 0.982638888888889 0.31015625 0.5458333333333334
0 0.49257812500000003 0.8878472222222222 0.07187500000000001 0.11875000000000001
0 0.49648437500000003 0.8909722222222223 0.07265625 0.12361111111111112
0 0.49238281250000004 0.8791666666666667 0.072265625 0.12916666666666668
0 0.21308593750000002 0.39166666666666666 0.069140625 0.12638888888888888
0 0.212890625 0.3861111111111111 0.07890625000000001 0.13472222222222222
0 0.5345703125 0.9611111111111111 0.30117187500000003 0.5277777777777778
0 0.427734375 0.7680555555555556 0.51953125 0.9305555555555556
0 0.546484375 0.9822916666666667 0.30234375 0.5368055555555555
0 0.21542968750000002 0.39340277777777777 0.055859375 0.10208333333333333
0 0.2599609375 0.47500000000000003 0.36367187500000003 0.6402777777777778
0 0.2673828125 0.49062500000000003 0.45039062500000004 0.8159722222222222
0 0.1306640625 0.24375000000000002 0.11601562500000001 0.21666666666666667
0 0.15234375 0.2868055555555556 0.09453125000000001 0.1763888888888889
0 0.237109375 0.43194444444444446 0.029687500000000002 0.0625
0 0.24277343750000002 0.44270833333333337 0.038671875 0.05763888888888889
0 0.33242187500000003 0.5996527777777778 0.09453125000000001 0.16875
0 0.335546875 0.6069444444444445 0.09609375 0.17083333333333334
0 0.3876953125 0.7003472222222222 0.182421875 0.33263888888888893
0 0.4501953125 0.8100694444444445 0.059765625 0.10347222222222223
0 0.47187500000000004 0.8552083333333333 0.08125 0.1451388888888889
0 0.39140625 0.7104166666666667 0.08515625 0.14583333333333334
0 0.43046875 0.7743055555555556 0.15781250000000002 0.2888888888888889
0 0.376953125 0.6822916666666667 0.11484375000000001 0.20902777777777778
0 0.30546875 0.5555555555555556 0.296875 0.5263888888888889
0 0.463671875 0.8385416666666667 0.49843750000000003 0.8784722222222222
0 0.46718750000000003 0.8430555555555556 0.4546875 0.8194444444444445
0 0.47109375000000003 0.846875 0.5320312500000001 0.9534722222222223
0 0.4951171875 0.890625 0.36757812500000003 0.6395833333333334
