0 0.28046875 0.5194444444444445 0.08828125 0.15
0 0.21699218750000002 0.4048611111111111 0.005078125 0.004166666666666667
0 0.21308593750000002 0.3961805555555556 0.028515625000000003 0.06180555555555556
0 0.183984375 0.34305555555555556 0.053125000000000006 0.10972222222222222
0 0.134375 0.2555555555555556 0.1078125 0.18888888888888888
0 0.1314453125 0.25104166666666666 0.172265625 0.3201388888888889
0 0.15253906250000002 0.2888888888888889 0.21835937500000002 0.39583333333333337
0 0.3494140625 0.6385416666666667 0.09335937500000001 0.15208333333333335
0 0.34765625 0.6326388888888889 0.2265625 0.4041666666666667
0 0.36171875000000003 0.6625 0.1796875 0.33472222222222225
0 0.42578125 0.7777777777777778 0.24375000000000002 0.4444444444444445
0 0.40625 0.7465277777777778 0.31953125000000004 0.5555555555555556
0 0.2876953125 0.5274305555555556 0.41054687500000003 0.7256944444444444
0 0.25039062500000003 0.4642361111111111 0.43046875 0.7659722222222223
0 0.3384765625 0.61875 0.36835937500000004 0.6708333333333334
0 0.5158203125 0.9354166666666667 0.083203125 0.12916666666666668
0 0.48671875000000003 0.8864583333333333 0.018750000000000003 0.04513888888888889
0 0.448046875 0.8194444444444445 0.00703125 0.001388888888888889
0 0.48125 0.8760416666666667 0.446875 0.7756944444444445
0 0.478515625 0.8708333333333333 0.44296875 0.7652777777777778
0 0.47734375 0.8708333333333333 0.46484375 0.8250000000000001
0 0.5189453125 0.9486111111111112 0.370703125 0.6513888888888889
