0 0.24277343750000002 0.4638888888888889 0.094140625 0.16944444444444445
0 0.2302734375 0.4378472222222222 0.166796875 0.30069444444444443
0 0.2005859375 0.37986111111111115 0.172265625 0.29583333333333334
0 0.35292968750000003 0.6465277777777778 0.262890625 0.48055555555555557
0 0.29433593750000003 0.5475694444444444 0.22617187500000002 0.41458333333333336
0 0.282421875 0.5232638888888889 0.19140625 0.36041666666666666
0 0.33828125000000003 0.6267361111111112 0.35000000000000003 0.63125
0 0.2732421875 0.5104166666666667 0.39570312500000004 0.6986111111111112
0 0.27109375 0.5027777777777778 0.3671875 0.6722222222222223
0 0.4900390625 0.8947916666666667 0.057421875000000004 0.08125
0 0.46796875000000004 0.8562500000000001 0.08203125 0.16666666666666669
0 0.45703125 0.8375 0.09062500000000001 0.15416666666666667
0 0.428515625 0.7954861111111111 0.49609375 0.8715277777777778
