0 0.39093406593406593 0.5166666666666667 0.27197802197802196 0.35694444444444445
0 0.39807692307692305 0.5201388888888889 0.31043956043956045 0.4027777777777778
0 0.26346153846153847 0.34618055555555555 0.33791208791208793 0.4215277777777778
0 0.32362637362637364 0.4204861111111111 0.13626373626373625 0.17152777777777778
0 0.4747252747252747 0.6173611111111111 0.12307692307692308 0.14722222222222223
0 0.4936813186813187 0.64375 0.12252747252747252 0.1625
0 0.4725274725274725 0.6142361111111111 0.10329670329670329 0.13541666666666669
0 0.5906593406593407 0.7659722222222223 0.02857142857142857 0.044444444444444446
0 0.6302197802197802 0.8114583333333334 0.13516483516483516 0.16875
0 0.6815934065934066 0.8746527777777778 0.16758241758241757 0.20347222222222222
0 0.7412087912087912 0.9545138888888889 0.2857142857142857 0.35347222222222224
0 0.6063186813186813 0.7826388888888889 0.18296703296703296 0.23472222222222222
0 0.435989010989011 0.5736111111111112 0.573076923076923 0.725
0 0.45357142857142857 0.592013888888889 0.5170329670329671 0.6409722222222223
0 0.492032967032967 0.6493055555555556 0.4686813186813187 0.5805555555555556
0 0.585989010989011 0.763888888888889 0.5818681318681319 0.7388888888888889
0 0.21923076923076923 0.29583333333333334 0.08241758241758242 0.11111111111111112
0 0.2337912087912088 0.3079861111111111 0.1478021978021978 0.1840277777777778
0 0.2282967032967033 0.30104166666666665 0.2434065934065934 0.30347222222222225
0 0.2282967032967033 0.3041666666666667 0.25659340659340657 0.3138888888888889
0 0.23406593406593407 0.3121527777777778 0.23516483516483516 0.28541666666666665
0 0.42554945054945054 0.5517361111111111 0.4401098901098901 0.5520833333333334
0 0.38434065934065936 0.5003472222222223 0.5236263736263737 0.6520833333333333
0 0.2879120879120879 0.3840277777777778 0.4142857142857143 0.525
