0 0.20566406250000002 0.3944444444444445 0.091015625 0.18194444444444446
0 0.2041015625 0.38298611111111114 0.099609375 0.19652777777777777
0 0.15292968750000002 0.3024305555555556 0.083984375 0.16041666666666668
0 0.28750000000000003 0.5354166666666667 0.2015625 0.37777777777777777
0 0.370703125 0.6829861111111112 0.253125 0.4590277777777778
0 0.333984375 0.61875 0.1046875 0.18888888888888888
0 0.32578125 0.6013888888888889 0.29140625000000003 0.5375
0 0.29824218750000003 0.5527777777777778 0.251171875 0.4666666666666667
0 0.2634765625 0.4899305555555556 0.266796875 0.45625000000000004
0 0.500390625 0.9145833333333334 0.05859375 0.1
0 0.49453125000000003 0.9072916666666667 0.06640625 0.11736111111111111
0 0.47578125000000004 0.873263888888889 0.096875 0.15347222222222223
0 0.525390625 0.9611111111111111 0.22031250000000002 0.375
0 0.5322265625 0.9673611111111111 0.211328125 0.3625
