0 0.1565934065934066 0.22187500000000002 0.06043956043956044 0.07152777777777779
0 0.14862637362637363 0.21354166666666669 0.02032967032967033 0.02291666666666667
0 0.1662087912087912 0.23819444444444446 0.043406593406593405 0.051388888888888894
0 0.3241758241758242 0.43125 0.34285714285714286 0.44583333333333336
0 0.4239010989010989 0.5555555555555556 0.3873626373626374 0.48333333333333334
0 0.35137362637362635 0.4701388888888889 0.17417582417582417 0.20416666666666666
0 0.4576923076923077 0.5989583333333334 0.7571428571428571 0.9659722222222222
0 0.45054945054945056 0.5927083333333334 0.756043956043956 0.9409722222222222
0 0.43763736263736264 0.5760416666666667 0.7510989010989011 0.9631944444444445
0 0.7524725274725275 0.978125 0.32582417582417583 0.40208333333333335
0 0.756043956043956 0.9829861111111111 0.24175824175824176 0.30208333333333337
0 0.6321428571428571 0.8194444444444445 0.30604395604395607 0.39305555555555555
0 0.5467032967032966 0.71875 0.25274725274725274 0.3125
0 0.535989010989011 0.7045138888888889 0.2642857142857143 0.3340277777777778
0 0.5211538461538462 0.6854166666666667 0.2741758241758242 0.34305555555555556
0 0.3708791208791209 0.49444444444444446 0.5164835164835165 0.638888888888889
0 0.3203296703296703 0.42847222222222225 0.34945054945054943 0.45833333333333337
0 0.28818681318681316 0.38819444444444445 0.28296703296703296 0.3402777777777778
