0 0.1634765625 0.30694444444444446 0.22617187500000002 0.39861111111111114
0 0.1537109375 0.2965277777777778 0.142578125 0.24583333333333335
0 0.20957031250000002 0.39131944444444444 0.070703125 0.14375000000000002
0 0.2888671875 0.5378472222222223 0.061328125000000004 0.12013888888888889
0 0.291015625 0.5375 0.078125 0.1527777777777778
0 0.2951171875 0.5444444444444445 0.099609375 0.16111111111111112
0 0.29375 0.5493055555555556 0.1859375 0.33055555555555555
0 0.3017578125 0.5569444444444445 0.170703125 0.3
0 0.35625 0.6531250000000001 0.25859375 0.47708333333333336
0 0.46132812500000003 0.8385416666666667 0.037500000000000006 0.08541666666666667
0 0.47597656250000003 0.8659722222222223 0.028515625000000003 0.0375
0 0.531640625 0.96875 0.0421875 0.09305555555555556
0 0.4462890625 0.8114583333333334 0.25429687500000003 0.4326388888888889
0 0.392578125 0.7222222222222222 0.353125 0.6083333333333334
0 0.36074218750000003 0.6663194444444445 0.29726562500000003 0.55625
0 0.2337890625 0.4395833333333333 0.38320312500000003 0.6805555555555556
0 0.265625 0.4916666666666667 0.4625 0.8416666666666667
0 0.2908203125 0.5354166666666667 0.460546875 0.8027777777777778
0 0.419921875 0.7631944444444445 0.54921875 0.9680555555555556
0 0.478125 0.8715277777777778 0.47734375 0.8319444444444445
