0 0.26699218750000003 0.4947916666666667 0.041796875000000004 0.09097222222222223
0 0.3064453125 0.5642361111111112 0.080078125 0.12569444444444444
0 0.23203125000000002 0.4329861111111111 0.015625 0.04652777777777778
0 0.19062500000000002 0.3607638888888889 0.039843750000000004 0.08819444444444445
0 0.2158203125 0.40694444444444444 0.11289062500000001 0.1902777777777778
0 0.14863281250000002 0.28229166666666666 0.128515625 0.2451388888888889
0 0.30117187500000003 0.5579861111111112 0.17343750000000002 0.3215277777777778
0 0.30390625000000004 0.5604166666666667 0.16718750000000002 0.29583333333333334
0 0.280078125 0.51875 0.33984375 0.5944444444444444
0 0.283203125 0.5260416666666667 0.36875 0.6534722222222222
0 0.34687500000000004 0.6378472222222222 0.38125000000000003 0.6993055555555556
0 0.3990234375 0.7329861111111111 0.326953125 0.5979166666666667
0 0.43046875 0.7868055555555555 0.30625 0.5222222222222223
0 0.44765625000000003 0.8152777777777778 0.27578125000000003 0.4708333333333333
0 0.4236328125 0.7777777777777778 0.069140625 0.12361111111111112
0 0.45644531250000003 0.8340277777777778 0.001953125 0.019444444444444445
0 0.4724609375 0.8604166666666667 0.06601562500000001 0.09444444444444444
0 0.47382812500000004 0.8680555555555556 0.49843750000000003 0.8861111111111112
