0 0.2783203125 0.5125000000000001 0.033984375000000004 0.04861111111111111
0 0.232421875 0.4326388888888889 0.02421875 0.03888888888888889
0 0.2322265625 0.43506944444444445 0.056640625 0.12013888888888889
0 0.1794921875 0.33437500000000003 0.128515625 0.21875
0 0.17929687500000002 0.3368055555555556 0.055468750000000004 0.10416666666666667
0 0.14667968750000002 0.27743055555555557 0.083984375 0.13680555555555557
0 0.34980468750000004 0.6402777777777778 0.271484375 0.49722222222222223
0 0.34765625 0.6347222222222223 0.23515625 0.4222222222222222
0 0.27773437500000003 0.5111111111111112 0.47187500000000004 0.826388888888889
0 0.29453125 0.5430555555555556 0.45078125 0.8125
0 0.2720703125 0.4996527777777778 0.48554687500000004 0.86875
0 0.42988281250000004 0.7833333333333333 0.183984375 0.3236111111111111
0 0.4755859375 0.8659722222222223 0.071484375 0.1277777777777778
0 0.483203125 0.8791666666666667 0.096875 0.1763888888888889
0 0.5416015625 0.9822916666666667 0.094921875 0.1590277777777778
0 0.44453125000000004 0.8076388888888889 0.22031250000000002 0.4013888888888889
0 0.3564453125 0.654513888888889 0.259765625 0.4618055555555556
0 0.4568359375 0.8302083333333333 0.44960937500000003 0.7923611111111112
0 0.5052734375 0.920138888888889 0.40742187500000004 0.7166666666666667
0 0.5138671875 0.9388888888888889 0.516796875 0.9263888888888889
0 0.520703125 0.9427083333333334 0.44453125000000004 0.7798611111111111
