0 0.1739010989010989 0.23958333333333334 0.23351648351648352 0.3027777777777778
0 0.20686813186813185 0.278125 0.2412087912087912 0.31319444444444444
0 0.17527472527472526 0.23750000000000002 0.16593406593406593 0.20833333333333334
0 0.17115384615384616 0.22986111111111113 0.12362637362637363 0.1527777777777778
0 0.24368131868131868 0.3232638888888889 0.21593406593406594 0.2868055555555556
0 0.26593406593406593 0.3493055555555556 0.1934065934065934 0.24444444444444446
0 0.41098901098901097 0.5402777777777777 0.31758241758241756 0.4027777777777778
0 0.46675824175824177 0.6065972222222222 0.5071428571428571 0.6354166666666667
0 0.47912087912087914 0.6204861111111112 0.5516483516483517 0.7020833333333334
0 0.5596153846153846 0.728125 0.5346153846153846 0.6743055555555556
0 0.5596153846153846 0.7222222222222222 0.7543956043956044 0.9611111111111111
0 0.5664835164835165 0.7312500000000001 0.7395604395604396 0.9222222222222223
0 0.5142857142857142 0.6638888888888889 0.7868131868131868 0.9972222222222222
0 0.41483516483516486 0.5416666666666667 0.7032967032967032 0.8930555555555556
0 0.4115384615384615 0.5333333333333333 0.6571428571428571 0.826388888888889
0 0.41098901098901097 0.5329861111111112 0.6472527472527473 0.8118055555555556
0 0.4206043956043956 0.5440972222222222 0.7214285714285714 0.9215277777777778
0 0.6401098901098901 0.8211805555555556 0.189010989010989 0.22847222222222224
0 0.6541208791208791 0.8406250000000001 0.27087912087912086 0.35347222222222224
0 0.567032967032967 0.7368055555555556 0.2967032967032967 0.37777777777777777
0 0.7274725274725274 0.935763888888889 0.35274725274725277 0.4354166666666667
0 0.710989010989011 0.9177083333333333 0.2681318681318681 0.3451388888888889
0 0.7277472527472527 0.9413194444444445 0.25769230769230766 0.33125
0 0.7343406593406593 0.9444444444444445 0.2664835164835165 0.3375
0 0.5491758241758242 0.7104166666666667 0.13131868131868132 0.15972222222222224
0 0.48214285714285715 0.6260416666666667 0.1445054945054945 0.18958333333333335
0 0.4258241758241758 0.5559027777777777 0.0032967032967032967 0.010416666666666668
0 0.41346153846153844 0.5364583333333334 0.07307692307692308 0.09930555555555556
0 0.3362637362637363 0.4434027777777778 0.23736263736263735 0.3201388888888889
0 0.34175824175824177 0.4434027777777778 0.23846153846153847 0.3090277777777778
0 0.31565934065934065 0.41423611111111114 0.5016483516483516 0.6506944444444445
