0 0.3921875 0.7215277777777778 0.3171875 0.5680555555555555
0 0.3515625 0.6493055555555556 0.2578125 0.47361111111111115
0 0.38906250000000003 0.7152777777777778 0.12812500000000002 0.2111111111111111
0 0.34453125 0.6354166666666667 0.38593750000000004 0.7041666666666667
0 0.2859375 0.5284722222222222 0.40937500000000004 0.7236111111111111
0 0.248046875 0.4652777777777778 0.43203125000000003 0.7694444444444445
0 0.496875 0.9041666666666667 0.40468750000000003 0.7111111111111111
0 0.5105468750000001 0.9319444444444445 0.38203125000000004 0.6638888888888889
0 0.47265625 0.8625 0.4453125 0.7805555555555556
0 0.45429687500000004 0.8333333333333334 0.04609375 0.08333333333333334
0 0.464453125 0.8506944444444445 0.04453125 0.0763888888888889
0 0.515625 0.9465277777777779 0.07968750000000001 0.1486111111111111
0 0.531640625 0.9673611111111111 0.56171875 0.9847222222222223
0 0.28125 0.5201388888888889 0.07968750000000001 0.14583333333333334
0 0.23007812500000002 0.4340277777777778 0.03515625 0.06527777777777778
0 0.23398437500000002 0.44583333333333336 0.05390625 0.11666666666666667
0 0.34140625 0.6284722222222222 0.246875 0.4486111111111111
0 0.346484375 0.6375000000000001 0.22265625 0.39722222222222225
0 0.132421875 0.2625 0.18359375 0.33055555555555555
0 0.144140625 0.27569444444444446 0.19609375 0.3597222222222222
0 0.12578125 0.24375000000000002 0.1546875 0.27361111111111114
0 0.15546875000000002 0.2951388888888889 0.025 0.05416666666666667
