0 0.3892857142857143 0.5017361111111112 0.22252747252747251 0.2798611111111111
0 0.364010989010989 0.47361111111111115 0.38956043956043956 0.5027777777777778
0 0.31263736263736264 0.41284722222222225 0.22857142857142856 0.28958333333333336
0 0.26703296703296703 0.34652777777777777 0.17472527472527472 0.22361111111111112
0 0.49615384615384617 0.6461805555555555 0.5010989010989011 0.6173611111111111
0 0.5315934065934066 0.6875 0.47417582417582416 0.5986111111111111
0 0.5796703296703297 0.75625 0.6681318681318681 0.8305555555555556
0 0.47912087912087914 0.6270833333333333 0.656043956043956 0.8361111111111111
0 0.496978021978022 0.6385416666666667 0.6928571428571428 0.8784722222222222
0 0.47774725274725277 0.6145833333333334 0.6730769230769231 0.85
0 0.6478021978021978 0.8326388888888889 0.20659340659340658 0.26944444444444443
0 0.639010989010989 0.8208333333333334 0.14065934065934066 0.18194444444444446
0 0.6313186813186813 0.8104166666666667 0.12967032967032968 0.16666666666666669
0 0.6675824175824175 0.8565972222222222 0.14725274725274726 0.1840277777777778
0 0.45384615384615384 0.5902777777777778 0.06923076923076923 0.09583333333333334
0 0.585989010989011 0.7552083333333334 0.03131868131868132 0.035416666666666666
0 0.5527472527472528 0.7138888888888889 0.09010989010989011 0.11111111111111112
0 0.4403846153846154 0.5725694444444445 0.1631868131868132 0.21180555555555555
0 0.37554945054945055 0.49409722222222224 0.48956043956043954 0.6118055555555556
0 0.32142857142857145 0.42430555555555555 0.5142857142857142 0.6527777777777778
0 0.35302197802197804 0.45972222222222225 0.22802197802197802 0.2847222222222222
0 0.2651098901098901 0.35347222222222224 0.056593406593406594 0.08194444444444444
0 0.24065934065934066 0.3142361111111111 0.13296703296703297 0.1701388888888889
0 0.23241758241758242 0.31180555555555556 0.14285714285714285 0.19444444444444445
0 0.2563186813186813 0.3420138888888889 0.20054945054945056 0.25069444444444444
0 0.22032967032967032 0.2916666666666667 0.24835164835164836 0.3138888888888889
0 0.720054945054945 0.9232638888888889 0.17527472527472526 0.22847222222222224
