0 0.11456043956043956 0.16631944444444446 0.13241758241758242 0.17569444444444446
0 0.14560439560439561 0.19618055555555555 0.08681318681318681 0.11875000000000001
0 0.17527472527472526 0.24340277777777777 0.22087912087912087 0.29375
0 0.17857142857142858 0.24583333333333335 0.09010989010989011 0.12222222222222223
0 0.20082417582417583 0.2715277777777778 0.0510989010989011 0.0625
0 0.18214285714285713 0.24097222222222223 0.0521978021978022 0.061111111111111116
0 0.2456043956043956 0.3215277777777778 0.02857142857142857 0.0375
0 0.3510989010989011 0.46111111111111114 0.4043956043956044 0.5083333333333333
0 0.3370879120879121 0.43854166666666666 0.41813186813186815 0.5354166666666667
0 0.2434065934065934 0.3267361111111111 0.3131868131868132 0.3965277777777778
0 0.428021978021978 0.5559027777777777 0.5648351648351648 0.7006944444444445
0 0.45879120879120877 0.5989583333333334 0.510989010989011 0.6340277777777779
0 0.42417582417582417 0.5496527777777778 0.5934065934065934 0.7534722222222222
0 0.43351648351648353 0.560763888888889 0.5912087912087912 0.74375
0 0.4175824175824176 0.5479166666666667 0.6043956043956044 0.7625000000000001
0 0.41813186813186815 0.540625 0.6230769230769231 0.7979166666666667
0 0.4340659340659341 0.5614583333333334 0.7197802197802198 0.9159722222222223
0 0.49862637362637363 0.6475694444444444 0.7840659340659341 0.9923611111111111
0 0.512087912087912 0.6600694444444445 0.7824175824175824 0.9895833333333334
0 0.49862637362637363 0.6427083333333333 0.771978021978022 0.982638888888889
0 0.5013736263736264 0.6444444444444445 0.7675824175824176 0.9736111111111111
0 0.5052197802197802 0.6489583333333333 0.7181318681318681 0.9118055555555555
0 0.5857142857142857 0.7572916666666667 0.6802197802197802 0.8701388888888889
0 0.685989010989011 0.8871527777777778 0.4478021978021978 0.5590277777777778
0 0.646978021978022 0.8406250000000001 0.47417582417582416 0.5840277777777778
0 0.6821428571428572 0.8795138888888889 0.40054945054945057 0.5090277777777777
0 0.6719780219780219 0.8628472222222222 0.3879120879120879 0.4951388888888889
0 0.6260989010989011 0.8052083333333334 0.4225274725274725 0.5368055555555555
0 0.5989010989010989 0.7701388888888889 0.42527472527472526 0.5472222222222223
0 0.5711538461538461 0.732638888888889 0.3741758241758242 0.4652777777777778
0 0.6590659340659341 0.8444444444444444 0.11813186813186813 0.14305555555555557
0 0.6475274725274726 0.834375 0.10604395604395604 0.14375000000000002
0 0.7074175824175825 0.9100694444444445 0.1412087912087912 0.19097222222222224
0 0.5271978021978022 0.6850694444444445 0.17857142857142858 0.21875
0 0.48626373626373626 0.6288194444444445 0.2087912087912088 0.2673611111111111
0 0.4258241758241758 0.5538194444444444 0.15494505494505495 0.19930555555555557
0 0.44175824175824174 0.5753472222222222 0.1076923076923077 0.14930555555555555
0 0.5151098901098901 0.6625 0.08956043956043956 0.11388888888888889
0 0.37774725274725274 0.48923611111111115 0.2554945054945055 0.33263888888888893
0 0.37115384615384617 0.4826388888888889 0.2631868131868132 0.3388888888888889
0 0.378021978021978 0.4920138888888889 0.3032967032967033 0.3854166666666667
0 0.4145604395604396 0.540625 0.4554945054945055 0.5881944444444445
0 0.28736263736263734 0.3854166666666667 0.4043956043956044 0.5125000000000001
