0 0.567032967032967 0.740625 0.6747252747252748 0.8465277777777778
0 0.5491758241758242 0.7229166666666667 0.5620879120879121 0.725
0 0.7587912087912088 0.9822916666666667 0.4076923076923077 0.5229166666666667
0 0.7598901098901099 0.9885416666666667 0.2175824175824176 0.27569444444444446
0 0.7208791208791209 0.9305555555555556 0.1901098901098901 0.2513888888888889
0 0.5758241758241758 0.7534722222222222 0.1043956043956044 0.14583333333333334
0 0.4967032967032967 0.6541666666666667 0.16593406593406593 0.2263888888888889
0 0.42857142857142855 0.5635416666666667 0.3813186813186813 0.4618055555555556
0 0.35384615384615387 0.46979166666666666 0.23846153846153847 0.3145833333333333
0 0.31675824175824174 0.4277777777777778 0.023626373626373626 0.034722222222222224
0 0.24587912087912087 0.3375 0.16758241758241757 0.2013888888888889
0 0.1837912087912088 0.2548611111111111 0.023626373626373626 0.044444444444444446
0 0.33489010989010987 0.45208333333333334 0.20274725274725275 0.25
0 0.3782967032967033 0.5059027777777778 0.18626373626373627 0.24930555555555556
0 0.5005494505494505 0.6579861111111112 0.21868131868131868 0.2881944444444445
0 0.34285714285714286 0.46145833333333336 0.23956043956043957 0.2881944444444445
