0 0.2549450549450549 0.3371527777777778 0.013186813186813187 0.025694444444444447
0 0.2315934065934066 0.30694444444444446 0.1401098901098901 0.17777777777777778
0 0.18571428571428572 0.25104166666666666 0.15934065934065933 0.21597222222222223
0 0.21868131868131868 0.2881944444444445 0.26263736263736265 0.33055555555555555
0 0.21071428571428572 0.284375 0.2653846153846154 0.33819444444444446
0 0.6299450549450549 0.8121527777777778 0.13791208791208792 0.16875
0 0.685989010989011 0.8809027777777778 0.17307692307692307 0.2076388888888889
0 0.7423076923076923 0.9569444444444445 0.2934065934065934 0.37222222222222223
0 0.6472527472527473 0.8336805555555555 0.13846153846153847 0.1701388888888889
0 0.6494505494505495 0.8364583333333334 0.15714285714285714 0.19236111111111112
0 0.5637362637362637 0.7302083333333333 0.5241758241758242 0.6493055555555556
0 0.5854395604395605 0.7642361111111111 0.5686813186813187 0.732638888888889
0 0.4318681318681319 0.5673611111111111 0.6989010989010989 0.8902777777777778
0 0.49945054945054945 0.6440972222222222 0.4703296703296703 0.5923611111111111
0 0.32664835164835165 0.4329861111111111 0.4258241758241758 0.5493055555555556
0 0.3346153846153846 0.4340277777777778 0.4230769230769231 0.5430555555555556
0 0.4104395604395604 0.5388888888888889 0.2857142857142857 0.3652777777777778
0 0.32472527472527474 0.42534722222222227 0.26263736263736265 0.32708333333333334
0 0.5980769230769231 0.7729166666666667 0.028021978021978023 0.04027777777777778
0 0.5931318681318681 0.7711805555555555 0.024725274725274724 0.027083333333333334
0 0.4846153846153846 0.6284722222222222 0.21868131868131868 0.2833333333333333
0 0.4956043956043956 0.6440972222222222 0.08461538461538462 0.09652777777777778
0 0.2706043956043956 0.36215277777777777 0.3532967032967033 0.45763888888888893
0 0.31236263736263736 0.4166666666666667 0.506043956043956 0.6527777777777778
0 0.3362637362637363 0.44027777777777777 0.4967032967032967 0.638888888888889
0 0.43763736263736264 0.576388888888889 0.5423076923076923 0.6722222222222223
