0 0.30312500000000003 0.5572916666666667 0.0546875 0.11180555555555556
0 0.23828125 0.4451388888888889 0.07265625 0.13194444444444445
0 0.2224609375 0.41631944444444446 0.010546875 0.027083333333333334
0 0.17929687500000002 0.34131944444444445 0.1640625 0.30347222222222225
0 0.162890625 0.3072916666666667 0.21953125 0.38958333333333334
0 0.1212890625 0.23333333333333334 0.102734375 0.16805555555555557
0 0.36875 0.678125 0.20703125 0.3729166666666667
0 0.3521484375 0.6482638888888889 0.043359375000000006 0.07430555555555556
0 0.4287109375 0.7819444444444444 0.17148437500000002 0.3236111111111111
0 0.37226562500000004 0.6895833333333333 0.19375 0.3375
0 0.3326171875 0.6149305555555555 0.236328125 0.4201388888888889
0 0.269140625 0.4965277777777778 0.31796875 0.5513888888888889
0 0.2931640625 0.5402777777777777 0.508203125 0.913888888888889
0 0.299609375 0.5503472222222222 0.52265625 0.9131944444444445
0 0.51953125 0.9437500000000001 0.02109375 0.058333333333333334
0 0.52890625 0.960763888888889 0.07734375 0.12013888888888889
0 0.4654296875 0.8496527777777778 0.029296875 0.06736111111111111
0 0.420703125 0.7680555555555556 0.5375 0.951388888888889
0 0.46875 0.8524305555555556 0.4890625 0.8506944444444445
0 0.4697265625 0.8541666666666667 0.498828125 0.8986111111111111
0 0.512109375 0.93125 0.46406250000000004 0.8444444444444444
0 0.53828125 0.9767361111111111 0.49921875000000004 0.8701388888888889
