0 0.12994505494505496 0.18715277777777778 0.09505494505494505 0.13541666666666669
0 0.16181318681318682 0.23020833333333335 0.02912087912087912 0.04236111111111111
0 0.25 0.3423611111111111 0.12637362637362637 0.13472222222222222
0 0.27362637362637365 0.36944444444444446 0.13076923076923078 0.15
0 0.2629120879120879 0.3576388888888889 0.16428571428571428 0.20277777777777778
0 0.24587912087912087 0.33958333333333335 0.31043956043956045 0.39166666666666666
0 0.5469780219780219 0.7118055555555556 0.7445054945054945 0.9263888888888889
0 0.5755494505494505 0.7548611111111111 0.7346153846153847 0.9180555555555556
0 0.4714285714285714 0.6229166666666667 0.621978021978022 0.8041666666666667
0 0.5903846153846154 0.7770833333333333 0.2587912087912088 0.325
0 0.5953296703296703 0.78125 0.2445054945054945 0.3041666666666667
0 0.6239010989010989 0.8138888888888889 0.033516483516483515 0.058333333333333334
0 0.7607142857142857 0.9812500000000001 0.12032967032967033 0.1638888888888889
0 0.421978021978022 0.55625 0.34505494505494505 0.44722222222222224
0 0.43241758241758244 0.5670138888888889 0.4967032967032967 0.6270833333333333
0 0.3934065934065934 0.5256944444444445 0.5857142857142857 0.7375
