0 0.26373626373626374 0.36041666666666666 0.04285714285714286 0.043055555555555555
0 0.2032967032967033 0.2833333333333333 0.12087912087912088 0.1625
0 0.1565934065934066 0.22013888888888888 0.03956043956043956 0.0625
0 0.32582417582417583 0.43993055555555555 0.34395604395604396 0.45208333333333334
0 0.40906593406593406 0.5388888888888889 0.3851648351648352 0.4916666666666667
0 0.47445054945054943 0.6260416666666667 0.2521978021978022 0.3145833333333333
0 0.4585164835164835 0.6038194444444445 0.6104395604395605 0.7756944444444445
0 0.45576923076923076 0.6 0.5412087912087912 0.6722222222222223
0 0.5043956043956044 0.6649305555555556 0.5934065934065934 0.7409722222222223
0 0.6857142857142857 0.8864583333333333 0.10659340659340659 0.1451388888888889
0 0.6758241758241759 0.8798611111111111 0.12527472527472527 0.1513888888888889
0 0.6752747252747253 0.8815972222222223 0.13736263736263737 0.16875
0 0.5972527472527472 0.78125 0.11758241758241758 0.12916666666666668
0 0.5373626373626373 0.7069444444444445 0.1824175824175824 0.22222222222222224
0 0.4928571428571429 0.6541666666666667 0.2681318681318681 0.3527777777777778
0 0.39862637362637365 0.5284722222222222 0.4445054945054945 0.5430555555555556
0 0.3782967032967033 0.5010416666666667 0.4774725274725275 0.5909722222222222
0 0.35604395604395606 0.48020833333333335 0.4835164835164835 0.607638888888889
