0 0.16016483516483515 0.22916666666666669 0.16758241758241757 0.225
0 0.15054945054945054 0.21180555555555555 0.17142857142857143 0.19722222222222224
0 0.17142857142857143 0.2423611111111111 0.03076923076923077 0.04583333333333334
0 0.2543956043956044 0.346875 0.1835164835164835 0.22013888888888888
0 0.24203296703296703 0.33333333333333337 0.22032967032967032 0.27083333333333337
0 0.38434065934065936 0.5065972222222223 0.3203296703296703 0.3965277777777778
0 0.4771978021978022 0.6274305555555556 0.6181318681318682 0.7979166666666667
0 0.45906593406593404 0.6086805555555556 0.7510989010989011 0.96875
0 0.5491758241758242 0.7173611111111111 0.7478021978021978 0.9347222222222222
0 0.7085164835164836 0.9204861111111111 0.360989010989011 0.46458333333333335
0 0.7225274725274725 0.9347222222222222 0.11428571428571428 0.15972222222222224
0 0.5293956043956044 0.7010416666666667 0.19395604395604396 0.2576388888888889
0 0.48653846153846153 0.6458333333333334 0.1576923076923077 0.20694444444444446
0 0.493956043956044 0.6527777777777778 0.0978021978021978 0.1277777777777778
0 0.4076923076923077 0.5375 0.5 0.6291666666666667
0 0.4423076923076923 0.5826388888888889 0.3824175824175824 0.4777777777777778
0 0.35302197802197804 0.4725694444444445 0.5170329670329671 0.6618055555555555
