0 0.2532967032967033 0.34444444444444444 0.11428571428571428 0.14305555555555557
0 0.2052197802197802 0.2809027777777778 0.08516483516483517 0.1076388888888889
0 0.16593406593406593 0.234375 0.038461538461538464 0.04930555555555556
0 0.34203296703296704 0.45590277777777777 0.38186813186813184 0.50625
0 0.40604395604395604 0.5309027777777778 0.35824175824175825 0.44930555555555557
0 0.43021978021978025 0.5628472222222223 0.27802197802197803 0.36319444444444443
0 0.4552197802197802 0.5982638888888889 0.5434065934065934 0.6756944444444445
0 0.4478021978021978 0.5902777777777778 0.6043956043956044 0.7722222222222223
0 0.4217032967032967 0.5576388888888889 0.6862637362637363 0.875
0 0.6931318681318681 0.9020833333333333 0.11263736263736264 0.14722222222222223
0 0.7071428571428572 0.9173611111111112 0.3923076923076923 0.4861111111111111
0 0.6760989010989011 0.8763888888888889 0.38076923076923075 0.47361111111111115
0 0.518956043956044 0.6840277777777778 0.0005494505494505495 0.0
0 0.4684065934065934 0.6201388888888889 0.014835164835164835 0.0
0 0.529945054945055 0.6979166666666667 0.06758241758241758 0.08194444444444444
0 0.3923076923076923 0.51875 0.4098901098901099 0.5055555555555555
0 0.3758241758241758 0.4979166666666667 0.46373626373626375 0.5680555555555555
0 0.3324175824175824 0.44722222222222224 0.5010989010989011 0.6277777777777778
