0 0.273046875 0.5038194444444445 0.0234375 0.05902777777777778
0 0.22968750000000002 0.42673611111111115 0.0234375 0.03680555555555556
0 0.228515625 0.42430555555555555 0.041406250000000006 0.09027777777777778
0 0.1794921875 0.33958333333333335 0.132421875 0.23194444444444445
0 0.17539062500000002 0.3260416666666667 0.02421875 0.05486111111111111
0 0.1771484375 0.33125 0.053515625000000004 0.10555555555555556
0 0.12265625000000001 0.23506944444444444 0.10546875 0.19236111111111112
0 0.34589843750000004 0.63125 0.23789062500000002 0.4305555555555556
0 0.38593750000000004 0.7059027777777778 0.21875 0.40625
0 0.272265625 0.4986111111111111 0.45078125 0.8055555555555556
0 0.2703125 0.5010416666666667 0.4859375 0.857638888888889
0 0.2537109375 0.46944444444444444 0.349609375 0.6055555555555556
0 0.4431640625 0.8048611111111111 0.21992187500000002 0.4
0 0.4185546875 0.7618055555555556 0.20429687500000002 0.3513888888888889
0 0.358203125 0.6572916666666667 0.27890625 0.49930555555555556
0 0.4814453125 0.8743055555555556 0.094140625 0.17916666666666667
0 0.43886718750000003 0.7989583333333333 0.055859375 0.08680555555555555
0 0.53828125 0.976388888888889 0.08515625 0.1388888888888889
0 0.46796875000000004 0.8510416666666667 0.44921875 0.7923611111111112
0 0.4634765625 0.842013888888889 0.455859375 0.7993055555555556
0 0.508984375 0.9302083333333334 0.5281250000000001 0.9270833333333334
0 0.503515625 0.9107638888888889 0.43203125000000003 0.7715277777777778
