0 0.48626373626373626 0.6333333333333333 0.11978021978021978 0.15416666666666667
0 0.5917582417582418 0.7625000000000001 0.027472527472527472 0.036111111111111115
0 0.592032967032967 0.7645833333333334 0.0038461538461538464 0.001388888888888889
0 0.5288461538461539 0.6826388888888889 0.1510989010989011 0.2
0 0.6293956043956044 0.8111111111111111 0.13241758241758242 0.16666666666666669
0 0.6244505494505495 0.8038194444444444 0.1554945054945055 0.1951388888888889
0 0.6379120879120879 0.8222222222222223 0.16373626373626374 0.19583333333333333
0 0.6541208791208791 0.8416666666666667 0.1346153846153846 0.15833333333333333
0 0.6752747252747253 0.8663194444444445 0.15274725274725276 0.19236111111111112
0 0.531043956043956 0.6913194444444445 0.6884615384615385 0.8493055555555555
0 0.5708791208791208 0.7423611111111111 0.7087912087912088 0.8791666666666667
0 0.4796703296703297 0.6260416666666667 0.6538461538461539 0.8368055555555556
0 0.4771978021978022 0.6138888888888889 0.6730769230769231 0.8527777777777779
0 0.49835164835164836 0.6395833333333334 0.6934065934065934 0.8791666666666667
0 0.5217032967032967 0.6763888888888889 0.49065934065934064 0.6263888888888889
0 0.31868131868131866 0.42256944444444444 0.22967032967032966 0.30347222222222225
0 0.3728021978021978 0.49062500000000003 0.3576923076923077 0.45625000000000004
0 0.38846153846153847 0.5038194444444445 0.2230769230769231 0.28125
0 0.26593406593406593 0.34618055555555555 0.17472527472527472 0.22430555555555556
0 0.24642857142857144 0.3263888888888889 0.21483516483516482 0.25833333333333336
0 0.24010989010989012 0.31319444444444444 0.13846153846153847 0.17916666666666667
0 0.22142857142857142 0.2916666666666667 0.24945054945054945 0.3111111111111111
0 0.17747252747252748 0.2388888888888889 0.08351648351648351 0.09583333333333334
0 0.125 0.17395833333333335 0.13791208791208792 0.1798611111111111
0 0.37032967032967035 0.4871527777777778 0.46373626373626375 0.5701388888888889
0 0.35 0.45798611111111115 0.5318681318681319 0.6715277777777778
0 0.36923076923076925 0.48125 0.2230769230769231 0.2763888888888889
