0 0.13516483516483516 0.18611111111111112 0.12087912087912088 0.1486111111111111
0 0.1184065934065934 0.16493055555555555 0.17747252747252748 0.21597222222222223
0 0.1357142857142857 0.1954861111111111 0.11868131868131868 0.14097222222222222
0 0.189010989010989 0.25659722222222225 0.15274725274725276 0.18680555555555556
0 0.2549450549450549 0.33784722222222224 0.1934065934065934 0.23402777777777778
0 0.3107142857142857 0.4076388888888889 0.43351648351648353 0.5611111111111111
0 0.39175824175824175 0.5111111111111112 0.27362637362637365 0.3513888888888889
0 0.4458791208791209 0.5767361111111111 0.5412087912087912 0.6854166666666667
0 0.46675824175824177 0.6065972222222222 0.55 0.6854166666666667
0 0.5005494505494505 0.6482638888888889 0.4901098901098901 0.6159722222222223
0 0.545054945054945 0.7034722222222223 0.701098901098901 0.8972222222222223
0 0.5406593406593406 0.6979166666666667 0.7472527472527473 0.9333333333333333
0 0.5645604395604396 0.7295138888888889 0.7016483516483516 0.882638888888889
0 0.49752747252747254 0.6454861111111111 0.7346153846153847 0.9270833333333334
0 0.42967032967032964 0.5576388888888889 0.667032967032967 0.8333333333333334
0 0.47445054945054943 0.6145833333333334 0.7785714285714286 0.9861111111111112
0 0.6975274725274725 0.8986111111111111 0.39065934065934066 0.47500000000000003
0 0.7315934065934065 0.9430555555555556 0.2521978021978022 0.3041666666666667
0 0.6239010989010989 0.80625 0.11703296703296703 0.13194444444444445
0 0.5989010989010989 0.7753472222222223 0.4021978021978022 0.5034722222222222
0 0.5593406593406594 0.7229166666666667 0.26043956043956046 0.32222222222222224
0 0.5901098901098901 0.7600694444444445 0.2703296703296703 0.35208333333333336
0 0.6096153846153847 0.7861111111111111 0.3478021978021978 0.43333333333333335
0 0.596978021978022 0.765625 0.3423076923076923 0.42708333333333337
0 0.5074175824175824 0.6565972222222223 0.10604395604395604 0.12291666666666667
0 0.5118131868131868 0.6621527777777778 0.13901098901098902 0.16180555555555556
0 0.5228021978021978 0.6784722222222223 0.20824175824175825 0.2652777777777778
0 0.4612637362637363 0.5954861111111112 0.19505494505494506 0.23819444444444446
0 0.27582417582417584 0.3652777777777778 0.3912087912087912 0.5
0 0.38763736263736265 0.5027777777777778 0.5291208791208791 0.6597222222222222
0 0.28818681318681316 0.37777777777777777 0.2895604395604396 0.35555555555555557
