0 0.6747252747252748 0.8760416666666667 0.3131868131868132 0.40069444444444446
0 0.6629120879120879 0.867013888888889 0.28076923076923077 0.33958333333333335
0 0.5824175824175825 0.7673611111111112 0.6252747252747253 0.8055555555555556
0 0.5376373626373626 0.7052083333333333 0.5763736263736263 0.7229166666666667
0 0.4269230769230769 0.5614583333333334 0.3769230769230769 0.46319444444444446
0 0.3510989010989011 0.46111111111111114 0.24505494505494504 0.3013888888888889
0 0.3384615384615385 0.4545138888888889 0.24725274725274726 0.30208333333333337
0 0.26263736263736265 0.36006944444444444 0.16153846153846155 0.2076388888888889
0 0.2857142857142857 0.3861111111111111 0.002197802197802198 0.009722222222222222
0 0.3098901098901099 0.4170138888888889 0.020879120879120878 0.01875
0 0.4065934065934066 0.5368055555555555 0.1934065934065934 0.25972222222222224
0 0.4195054945054945 0.5590277777777778 0.260989010989011 0.33611111111111114
0 0.41016483516483515 0.5465277777777778 0.4368131868131868 0.5333333333333333
0 0.493956043956044 0.6475694444444444 0.14835164835164835 0.16875
0 0.5445054945054945 0.7125 0.21318681318681318 0.28055555555555556
0 0.5967032967032967 0.7784722222222222 0.006593406593406593 0.015277777777777779
