0 0.15686813186813187 0.22222222222222224 0.05989010989010989 0.07083333333333333
0 0.14807692307692308 0.2125 0.019230769230769232 0.02361111111111111
0 0.16648351648351647 0.2371527777777778 0.04285714285714286 0.05347222222222223
0 0.3412087912087912 0.4510416666666667 0.389010989010989 0.4979166666666667
0 0.425 0.5555555555555556 0.38846153846153847 0.4847222222222222
0 0.385989010989011 0.5149305555555556 0.1401098901098901 0.17569444444444446
0 0.45796703296703295 0.5989583333333334 0.7565934065934066 0.9659722222222222
0 0.45082417582417583 0.5923611111111111 0.7554945054945055 0.9388888888888889
0 0.4379120879120879 0.5767361111111111 0.7516483516483516 0.9604166666666667
0 0.759065934065934 0.9878472222222222 0.28076923076923077 0.3493055555555556
0 0.7557692307692307 0.984375 0.2423076923076923 0.30069444444444443
0 0.6318681318681318 0.8215277777777779 0.30439560439560437 0.39305555555555555
0 0.5461538461538461 0.7184027777777778 0.25274725274725274 0.3104166666666667
0 0.5387362637362637 0.7065972222222222 0.2653846153846154 0.33263888888888893
0 0.5241758241758242 0.6881944444444444 0.27472527472527475 0.34444444444444444
0 0.37032967032967035 0.4951388888888889 0.5153846153846153 0.6361111111111112
0 0.3291208791208791 0.4416666666666667 0.41208791208791207 0.5194444444444445
0 0.3228021978021978 0.4375 0.2445054945054945 0.3111111111111111
