0 0.17225274725274725 0.23958333333333334 0.128021978021978 0.17500000000000002
0 0.16840659340659342 0.23402777777777778 0.10494505494505495 0.14444444444444446
0 0.16126373626373627 0.22847222222222224 0.06318681318681318 0.09166666666666667
0 0.3994505494505495 0.5277777777777778 0.24065934065934066 0.30833333333333335
0 0.425 0.55625 0.38846153846153847 0.48888888888888893
0 0.4096153846153846 0.545138888888889 0.1434065934065934 0.18611111111111112
0 0.4758241758241758 0.6239583333333334 0.7648351648351648 0.9701388888888889
0 0.4478021978021978 0.5906250000000001 0.7648351648351648 0.9729166666666667
0 0.439010989010989 0.58125 0.7571428571428571 0.9527777777777778
0 0.6502747252747253 0.8399305555555556 0.30164835164835163 0.38958333333333334
0 0.6532967032967033 0.8489583333333334 0.15384615384615385 0.20208333333333334
0 0.7401098901098901 0.9600694444444445 0.13296703296703297 0.17847222222222223
0 0.5832417582417583 0.7625000000000001 0.014835164835164835 0.03333333333333333
0 0.4898351648351648 0.6420138888888889 0.03131868131868132 0.05763888888888889
0 0.47637362637362635 0.6295138888888889 0.210989010989011 0.2701388888888889
0 0.40824175824175823 0.5427083333333333 0.3362637362637363 0.43680555555555556
0 0.32857142857142857 0.44097222222222227 0.3934065934065934 0.49722222222222223
0 0.31675824175824174 0.42534722222222227 0.44560439560439563 0.5756944444444445
