0 0.22445054945054946 0.3072916666666667 0.1401098901098901 0.1826388888888889
0 0.17802197802197803 0.24722222222222223 0.1054945054945055 0.15
0 0.16181318681318682 0.22916666666666669 0.03571428571428571 0.05555555555555556
0 0.36236263736263735 0.4760416666666667 0.3478021978021978 0.4534722222222222
0 0.3901098901098901 0.5197916666666667 0.22637362637362637 0.28125
0 0.4651098901098901 0.607638888888889 0.360989010989011 0.44722222222222224
0 0.41895604395604397 0.5496527777777778 0.6840659340659341 0.8729166666666667
0 0.4118131868131868 0.5416666666666667 0.6225274725274725 0.7875
0 0.4195054945054945 0.5541666666666667 0.5983516483516483 0.7416666666666667
0 0.6456043956043956 0.8361111111111111 0.14945054945054945 0.1875
0 0.6868131868131868 0.8923611111111112 0.12417582417582418 0.15694444444444444
0 0.6936813186813187 0.9010416666666667 0.11483516483516483 0.14375000000000002
0 0.5802197802197803 0.7565972222222223 0.2021978021978022 0.23958333333333334
0 0.45 0.59375 0.04285714285714286 0.03194444444444445
0 0.4554945054945055 0.5989583333333334 0.1010989010989011 0.14791666666666667
0 0.3881868131868132 0.5142361111111111 0.41703296703296705 0.5118055555555556
0 0.38983516483516484 0.5149305555555556 0.43241758241758244 0.5270833333333333
0 0.3659340659340659 0.4864583333333333 0.4879120879120879 0.6048611111111112
