0 0.26210937500000003 0.4965277777777778 0.1265625 0.22083333333333335
0 0.21054687500000002 0.4041666666666667 0.12109375 0.2111111111111111
0 0.19492187500000002 0.3684027777777778 0.1921875 0.36041666666666666
0 0.33046875000000003 0.6145833333333334 0.109375 0.2111111111111111
0 0.34218750000000003 0.6315972222222223 0.06875 0.13819444444444445
0 0.342578125 0.6277777777777778 0.15234375 0.2569444444444445
0 0.31074218750000004 0.5798611111111112 0.369921875 0.6513888888888889
0 0.3134765625 0.5819444444444445 0.37617187500000004 0.6652777777777779
0 0.32167968750000003 0.5975694444444445 0.24570312500000002 0.4465277777777778
0 0.47675781250000004 0.8725694444444445 0.151171875 0.2465277777777778
0 0.4873046875 0.8899305555555556 0.046484375 0.06458333333333334
0 0.45742187500000003 0.8368055555555556 0.03359375 0.05
0 0.4283203125 0.7878472222222223 0.520703125 0.920138888888889
0 0.51484375 0.9420138888888889 0.29531250000000003 0.5243055555555556
