0 0.1728515625 0.32708333333333334 0.178515625 0.325
0 0.1640625 0.31145833333333334 0.15781250000000002 0.2673611111111111
0 0.133203125 0.2555555555555556 0.07968750000000001 0.12638888888888888
0 0.21210937500000002 0.3947916666666667 0.028125 0.06458333333333334
0 0.2986328125 0.5493055555555556 0.091015625 0.14166666666666666
0 0.268359375 0.49583333333333335 0.1390625 0.24305555555555555
0 0.31640625 0.5826388888888889 0.17500000000000002 0.3055555555555556
0 0.3552734375 0.6527777777777778 0.269140625 0.4625
0 0.39980468750000003 0.7361111111111112 0.207421875 0.37222222222222223
0 0.3794921875 0.6951388888888889 0.15195312500000002 0.2569444444444445
0 0.369921875 0.6774305555555555 0.30781250000000004 0.55625
0 0.25390625 0.47118055555555555 0.3921875 0.6881944444444444
0 0.296484375 0.5458333333333334 0.40156250000000004 0.701388888888889
0 0.3091796875 0.5701388888888889 0.401171875 0.7236111111111111
0 0.47109375000000003 0.859375 0.05234375 0.09652777777777778
0 0.4998046875 0.9100694444444445 0.013671875 0.029861111111111113
0 0.5171875 0.9427083333333334 0.0421875 0.08958333333333333
0 0.472265625 0.8583333333333334 0.50390625 0.8986111111111111
0 0.47421875 0.8649305555555555 0.49140625000000004 0.8854166666666667
0 0.465625 0.851388888888889 0.49296875 0.8916666666666667
0 0.53359375 0.9708333333333333 0.40625 0.7097222222222223
0 0.4169921875 0.763888888888889 0.5417968750000001 0.9541666666666667
