0 0.18828125 0.3628472222222222 0.03359375 0.03958333333333333
0 0.20390625 0.38680555555555557 0.032031250000000004 0.06666666666666667
0 0.2439453125 0.45972222222222225 0.042578125 0.09166666666666667
0 0.2990234375 0.5579861111111112 0.242578125 0.42986111111111114
0 0.32636718750000004 0.6065972222222222 0.244921875 0.42430555555555555
0 0.30292968750000004 0.5586805555555556 0.18867187500000002 0.3548611111111111
0 0.33125000000000004 0.609375 0.23593750000000002 0.4395833333333333
0 0.28671875 0.5350694444444445 0.2 0.36875
0 0.2416015625 0.45555555555555555 0.291796875 0.5236111111111111
0 0.48046875 0.8795138888888889 0.05078125 0.06180555555555556
0 0.4978515625 0.9159722222222223 0.004296875 0.02361111111111111
0 0.5037109375000001 0.9232638888888889 0.06601562500000001 0.10486111111111111
0 0.44257812500000004 0.8121527777777778 0.4921875 0.8895833333333334
0 0.51953125 0.9454861111111111 0.28203125 0.5201388888888889
0 0.5369140625000001 0.9760416666666667 0.357421875 0.6548611111111111
