0 0.21328125 0.39895833333333336 0.0078125 0.004861111111111111
0 0.178125 0.3385416666666667 0.16484375 0.30486111111111114
0 0.16425781250000002 0.30868055555555557 0.219140625 0.3909722222222222
0 0.1205078125 0.234375 0.10039062500000001 0.16319444444444445
0 0.2873046875 0.5336805555555556 0.038671875 0.06319444444444444
0 0.2958984375 0.5461805555555556 0.09648437500000001 0.16041666666666668
0 0.33222656250000004 0.609375 0.08945312500000001 0.1451388888888889
0 0.41230468750000004 0.7489583333333334 0.127734375 0.23819444444444446
0 0.26484375 0.48958333333333337 0.4546875 0.8208333333333334
0 0.271484375 0.5006944444444444 0.43359375 0.7611111111111112
0 0.26953125 0.4982638888888889 0.31796875 0.5534722222222223
0 0.3697265625 0.6815972222222223 0.190234375 0.34375
0 0.37265625 0.6819444444444445 0.16015625 0.27083333333333337
0 0.3794921875 0.6961805555555556 0.154296875 0.26180555555555557
0 0.4306640625 0.7854166666666667 0.106640625 0.2
0 0.4158203125 0.7583333333333334 0.049609375000000004 0.07222222222222223
0 0.527734375 0.9628472222222223 0.07578125000000001 0.12430555555555556
0 0.5380859375 0.9770833333333334 0.499609375 0.8708333333333333
0 0.546875 0.9927083333333334 0.40859375000000003 0.7395833333333334
0 0.466796875 0.851388888888889 0.49375 0.875
0 0.47207031250000003 0.8524305555555556 0.504296875 0.8965277777777778
0 0.421875 0.7690972222222222 0.53671875 0.9506944444444445
