0 0.274609375 0.5086805555555556 0.05234375 0.08263888888888889
0 0.248046875 0.4618055555555556 0.009375000000000001 0.015277777777777779
0 0.22871093750000002 0.4291666666666667 0.008203125 0.018055555555555557
0 0.3623046875 0.6625 0.041015625 0.0763888888888889
0 0.3994140625 0.728125 0.08554687500000001 0.16875
0 0.1796875 0.3420138888888889 0.16562500000000002 0.30625
0 0.14863281250000002 0.28125 0.207421875 0.38333333333333336
0 0.12187500000000001 0.23611111111111113 0.1015625 0.1638888888888889
0 0.37148437500000003 0.6861111111111111 0.19296875000000002 0.3277777777777778
0 0.41054687500000003 0.7527777777777778 0.3203125 0.5847222222222223
0 0.333984375 0.6163194444444444 0.24140625000000002 0.4395833333333333
0 0.29375 0.5434027777777778 0.47968750000000004 0.8631944444444445
0 0.2994140625 0.5510416666666667 0.523828125 0.9131944444444445
0 0.244921875 0.45416666666666666 0.37031250000000004 0.6430555555555556
0 0.529296875 0.9628472222222223 0.0890625 0.14375000000000002
0 0.5144531250000001 0.9364583333333334 0.11640625 0.19375
0 0.4927734375 0.8961805555555555 0.031640625 0.04097222222222222
0 0.53828125 0.9770833333333334 0.49921875000000004 0.8708333333333333
0 0.5294921875 0.9625 0.39101562500000003 0.6944444444444444
0 0.46894531250000004 0.8548611111111112 0.498046875 0.9
0 0.4693359375 0.8548611111111112 0.487890625 0.851388888888889
0 0.4255859375 0.7767361111111112 0.540234375 0.9631944444444445
