0 0.2779296875 0.5121527777777778 0.032421875 0.04791666666666667
0 0.2337890625 0.43506944444444445 0.021484375 0.03819444444444445
0 0.2318359375 0.4329861111111111 0.058203125 0.11875000000000001
0 0.1794921875 0.3350694444444445 0.055859375 0.10486111111111111
0 0.1458984375 0.2767361111111111 0.08164062500000001 0.1326388888888889
0 0.140625 0.2673611111111111 0.2 0.36944444444444446
0 0.3484375 0.6340277777777779 0.23125 0.41944444444444445
0 0.3501953125 0.6416666666666667 0.26992187500000003 0.49444444444444446
0 0.2724609375 0.5 0.486328125 0.8694444444444445
0 0.291796875 0.5375 0.5359375000000001 0.951388888888889
0 0.2935546875 0.5437500000000001 0.529296875 0.9430555555555556
0 0.35625 0.6531250000000001 0.259375 0.4590277777777778
0 0.444921875 0.8076388888888889 0.22968750000000002 0.41944444444444445
0 0.43046875 0.7850694444444445 0.18828125 0.33263888888888893
0 0.483203125 0.8774305555555556 0.09375 0.17152777777777778
0 0.47500000000000003 0.8659722222222223 0.03515625 0.0638888888888889
0 0.540234375 0.9788194444444445 0.09609375 0.15763888888888888
0 0.48964843750000003 0.8902777777777778 0.5183593750000001 0.9388888888888889
0 0.515234375 0.9420138888888889 0.51953125 0.93125
0 0.51796875 0.9420138888888889 0.56640625 0.9979166666666667
0 0.520703125 0.9420138888888889 0.45 0.8076388888888889
