0 0.278125 0.5131944444444445 0.037500000000000006 0.059722222222222225
0 0.23847656250000002 0.4430555555555556 0.017578125 0.04027777777777778
0 0.23515625 0.44201388888888893 0.05390625 0.10069444444444445
0 0.17988281250000002 0.3357638888888889 0.055859375 0.10625
0 0.14667968750000002 0.28020833333333334 0.078515625 0.13958333333333334
0 0.20332031250000002 0.3763888888888889 0.136328125 0.22916666666666669
0 0.34687500000000004 0.6319444444444444 0.2328125 0.41805555555555557
0 0.34902343750000003 0.6399305555555556 0.270703125 0.4965277777777778
0 0.2501953125 0.4607638888888889 0.36835937500000004 0.6423611111111112
0 0.326171875 0.5986111111111111 0.45546875000000003 0.8069444444444445
0 0.27382812500000003 0.5020833333333333 0.48125 0.8611111111111112
0 0.444140625 0.8069444444444445 0.22734375 0.4138888888888889
0 0.424609375 0.7725694444444444 0.19843750000000002 0.33958333333333335
0 0.3560546875 0.6538194444444445 0.266796875 0.4743055555555556
0 0.47890625000000003 0.8690972222222223 0.18046875 0.3340277777777778
0 0.483203125 0.8770833333333333 0.1 0.1902777777777778
0 0.5375 0.9739583333333334 0.11093750000000001 0.18541666666666667
0 0.4626953125 0.8434027777777778 0.459765625 0.8034722222222223
0 0.505859375 0.9232638888888889 0.52578125 0.9229166666666667
0 0.5220703125 0.9434027777777778 0.44960937500000003 0.8048611111111111
