0 0.23261718750000002 0.4305555555555556 0.048046875 0.1
0 0.211328125 0.3944444444444445 0.037500000000000006 0.08333333333333334
0 0.2259765625 0.4215277777777778 0.019140625 0.05277777777777778
0 0.1638671875 0.31145833333333334 0.158984375 0.2659722222222222
0 0.1732421875 0.32881944444444444 0.178515625 0.32430555555555557
0 0.1333984375 0.2559027777777778 0.078515625 0.12291666666666667
0 0.36875 0.6774305555555555 0.22890625 0.4201388888888889
0 0.34121093750000003 0.6239583333333334 0.213671875 0.3923611111111111
0 0.28554687500000003 0.5284722222222222 0.51171875 0.9305555555555556
0 0.312109375 0.5756944444444445 0.45234375000000004 0.7861111111111111
0 0.29765625 0.5461805555555556 0.39921875 0.6979166666666667
0 0.3466796875 0.6378472222222222 0.209765625 0.3854166666666667
0 0.390625 0.7204861111111112 0.20625000000000002 0.36319444444444443
0 0.38593750000000004 0.7048611111111112 0.35546875 0.6472222222222223
0 0.44843750000000004 0.8184027777777778 0.12890625 0.23819444444444446
0 0.5166015625 0.9402777777777778 0.051171875000000006 0.07916666666666666
0 0.5060546875 0.9197916666666667 0.022265625 0.03263888888888889
0 0.54296875 0.9888888888888889 0.478125 0.8347222222222223
0 0.48828125 0.8895833333333334 0.45234375000000004 0.7875
0 0.487109375 0.8864583333333333 0.5437500000000001 0.9798611111111112
0 0.416796875 0.7621527777777778 0.54140625 0.9534722222222223
