0 0.19587912087912088 0.2725694444444445 0.0543956043956044 0.08958333333333333
0 0.22115384615384615 0.3072916666666667 0.10714285714285714 0.12986111111111112
0 0.2302197802197802 0.31493055555555555 0.12087912087912088 0.15347222222222223
0 0.3222527472527473 0.43368055555555557 0.3708791208791209 0.48541666666666666
0 0.36538461538461536 0.4916666666666667 0.24725274725274726 0.32916666666666666
0 0.43873626373626373 0.5815972222222222 0.22252747252747251 0.30347222222222225
0 0.5678571428571428 0.74375 0.11373626373626373 0.1513888888888889
0 0.40192307692307694 0.5329861111111112 0.2357142857142857 0.3104166666666667
0 0.4269230769230769 0.5684027777777778 0.4461538461538462 0.5381944444444444
0 0.31565934065934065 0.42083333333333334 0.2664835164835165 0.3375
0 0.5673076923076923 0.74375 0.18846153846153846 0.2513888888888889
0 0.6076923076923076 0.7927083333333333 0.12307692307692308 0.1326388888888889
0 0.7535714285714286 0.9736111111111111 0.20054945054945056 0.2652777777777778
0 0.7642857142857142 0.992013888888889 0.2230769230769231 0.30208333333333337
0 0.6510989010989011 0.8451388888888889 0.2923076923076923 0.34861111111111115
0 0.4401098901098901 0.5809027777777778 0.7043956043956044 0.9006944444444445
0 0.5368131868131868 0.7045138888888889 0.567032967032967 0.7173611111111111
