0 0.4824175824175824 0.623263888888889 0.11758241758241758 0.15625
0 0.5225274725274726 0.6791666666666667 0.13186813186813187 0.15555555555555556
0 0.5285714285714286 0.6826388888888889 0.15604395604395604 0.20694444444444446
0 0.4612637362637363 0.596875 0.19725274725274725 0.25069444444444444
0 0.3879120879120879 0.5020833333333333 0.22417582417582418 0.28194444444444444
0 0.3425824175824176 0.453125 0.3489010989010989 0.43680555555555556
0 0.32252747252747255 0.42465277777777777 0.22747252747252747 0.30486111111111114
0 0.2664835164835165 0.3458333333333333 0.17472527472527472 0.225
0 0.6299450549450549 0.8111111111111111 0.13131868131868132 0.16805555555555557
0 0.6049450549450549 0.7805555555555556 0.18461538461538463 0.22916666666666669
0 0.6346153846153846 0.8170138888888889 0.17142857142857143 0.21597222222222223
0 0.676923076923077 0.8680555555555556 0.15384615384615385 0.19305555555555556
0 0.7302197802197802 0.9371527777777778 0.2802197802197802 0.35625
0 0.4824175824175824 0.6225694444444445 0.47912087912087914 0.5979166666666667
0 0.47445054945054943 0.6135416666666667 0.47527472527472525 0.6048611111111112
0 0.46565934065934067 0.6086805555555556 0.6719780219780219 0.8562500000000001
0 0.48021978021978023 0.6256944444444444 0.656043956043956 0.8361111111111111
0 0.49835164835164836 0.6409722222222223 0.6945054945054945 0.8777777777777778
0 0.5101648351648351 0.6694444444444445 0.7730769230769231 0.9666666666666667
0 0.12115384615384615 0.16979166666666667 0.15219780219780218 0.19652777777777777
0 0.24972527472527473 0.33125 0.20934065934065935 0.2625
0 0.24587912087912087 0.3295138888888889 0.22582417582417583 0.27847222222222223
0 0.23983516483516484 0.31354166666666666 0.13901098901098902 0.1798611111111111
0 0.22142857142857142 0.2920138888888889 0.24945054945054945 0.3104166666666667
0 0.3741758241758242 0.48750000000000004 0.5373626373626373 0.6694444444444445
0 0.3346153846153846 0.44375000000000003 0.4186813186813187 0.5402777777777777
0 0.32857142857142857 0.4288194444444445 0.3626373626373626 0.45208333333333334
