0 0.23593750000000002 0.4388888888888889 0.0546875 0.11527777777777778
0 0.2814453125 0.5229166666666667 0.079296875 0.1388888888888889
0 0.216796875 0.4048611111111111 0.003125 0.0
0 0.1966796875 0.36319444444444443 0.074609375 0.14305555555555557
0 0.1267578125 0.24097222222222223 0.15351562500000002 0.26944444444444443
0 0.1337890625 0.2576388888888889 0.18085937500000002 0.3263888888888889
0 0.1443359375 0.27361111111111114 0.198046875 0.3611111111111111
0 0.3484375 0.6333333333333333 0.22187500000000002 0.39583333333333337
0 0.33359375 0.6104166666666667 0.21796875000000002 0.375
0 0.28652343750000003 0.5256944444444445 0.41054687500000003 0.7236111111111111
0 0.2494140625 0.46145833333333336 0.433203125 0.7673611111111112
0 0.3494140625 0.6378472222222222 0.428515625 0.7465277777777778
0 0.39394531250000003 0.7215277777777778 0.31757812500000004 0.5694444444444444
0 0.3533203125 0.6458333333333334 0.258984375 0.4777777777777778
0 0.36933593750000004 0.6746527777777778 0.164453125 0.27708333333333335
0 0.516015625 0.9375 0.08125 0.14166666666666666
0 0.4615234375 0.84375 0.019140625 0.059722222222222225
0 0.45332031250000004 0.826388888888889 0.042578125 0.06944444444444445
0 0.4755859375 0.8659722222222223 0.44570312500000003 0.7861111111111111
0 0.4970703125 0.9013888888888889 0.405859375 0.7027777777777778
0 0.5109375 0.9277777777777778 0.3796875 0.6569444444444444
