0 0.44065934065934065 0.5725694444444445 0.07912087912087912 0.11180555555555556
0 0.44395604395604393 0.5756944444444445 0.03296703296703297 0.03194444444444445
0 0.5384615384615384 0.6944444444444444 0.12087912087912088 0.15416666666666667
0 0.5980769230769231 0.773263888888889 0.0510989010989011 0.05486111111111111
0 0.367032967032967 0.4829861111111111 0.5054945054945055 0.6520833333333333
0 0.3626373626373626 0.47395833333333337 0.5010989010989011 0.6298611111111111
0 0.36456043956043954 0.4756944444444445 0.2291208791208791 0.2902777777777778
0 0.2412087912087912 0.3201388888888889 0.24285714285714285 0.29305555555555557
0 0.21236263736263736 0.28368055555555555 0.2664835164835165 0.34652777777777777
0 0.22994505494505493 0.3038194444444445 0.1467032967032967 0.18541666666666667
0 0.12774725274725274 0.1795138888888889 0.0038461538461538464 0.011805555555555555
0 0.7368131868131869 0.9489583333333333 0.2549450549450549 0.3229166666666667
0 0.6873626373626374 0.8815972222222223 0.16923076923076924 0.2076388888888889
0 0.667032967032967 0.8597222222222223 0.14285714285714285 0.16944444444444445
0 0.5302197802197802 0.6947916666666667 0.7681318681318682 0.9784722222222223
0 0.43956043956043955 0.5729166666666667 0.5263736263736264 0.6680555555555556
0 0.43434065934065935 0.565625 0.5258241758241758 0.6618055555555555
0 0.5689560439560439 0.7295138888888889 0.6027472527472527 0.75625
0 0.4467032967032967 0.5854166666666667 0.7318681318681318 0.9416666666666667
0 0.40934065934065933 0.5333333333333333 0.21208791208791208 0.2569444444444445
0 0.4104395604395604 0.5416666666666667 0.2549450549450549 0.32083333333333336
0 0.4085164835164835 0.5329861111111112 0.24010989010989012 0.30347222222222225
