0 0.1576923076923077 0.21423611111111113 0.23736263736263735 0.30625
0 0.20247252747252747 0.2763888888888889 0.22582417582417583 0.2791666666666667
0 0.21565934065934067 0.2868055555555556 0.1434065934065934 0.19166666666666668
0 0.1782967032967033 0.24027777777777778 0.05879120879120879 0.07083333333333333
0 0.2574175824175824 0.33819444444444446 0.19065934065934065 0.23194444444444445
0 0.30164835164835163 0.39548611111111115 0.44505494505494503 0.5604166666666667
0 0.31153846153846154 0.4076388888888889 0.4340659340659341 0.5583333333333333
0 0.4087912087912088 0.5336805555555556 0.5747252747252747 0.7229166666666667
0 0.4458791208791209 0.576388888888889 0.5401098901098901 0.6875
0 0.4846153846153846 0.6284722222222222 0.4901098901098901 0.6236111111111111
0 0.5266483516483517 0.6833333333333333 0.5016483516483516 0.6430555555555556
0 0.5664835164835165 0.7298611111111112 0.6483516483516484 0.8097222222222222
0 0.5714285714285714 0.7385416666666667 0.6318681318681318 0.8006944444444445
0 0.5252747252747253 0.6822916666666667 0.7549450549450549 0.9479166666666667
0 0.4739010989010989 0.6131944444444445 0.7818681318681319 0.9875
0 0.4087912087912088 0.5288194444444445 0.6252747252747253 0.7993055555555556
0 0.5997252747252747 0.7725694444444444 0.39505494505494504 0.5131944444444445
0 0.5903846153846154 0.7604166666666667 0.2587912087912088 0.3180555555555556
0 0.5659340659340659 0.7288194444444445 0.25934065934065936 0.32569444444444445
0 0.614010989010989 0.7947916666666667 0.12032967032967033 0.1451388888888889
0 0.6821428571428572 0.8774305555555556 0.36538461538461536 0.46875
0 0.6964285714285714 0.8944444444444445 0.39505494505494504 0.4986111111111111
0 0.7247252747252747 0.9288194444444445 0.21978021978021978 0.28541666666666665
0 0.6255494505494505 0.8038194444444444 0.4115384615384615 0.51875
0 0.5763736263736263 0.7409722222222223 0.378021978021978 0.48055555555555557
0 0.4052197802197802 0.5270833333333333 0.011538461538461539 0.005555555555555556
0 0.45686813186813185 0.5909722222222222 0.19395604395604396 0.23611111111111113
0 0.47994505494505496 0.6194444444444445 0.17967032967032967 0.23611111111111113
0 0.49175824175824173 0.6368055555555556 0.16593406593406593 0.2125
0 0.3741758241758242 0.48750000000000004 0.5241758241758242 0.6597222222222222
0 0.2975274725274725 0.38958333333333334 0.2675824175824176 0.3277777777777778
0 0.2865384615384615 0.3753472222222222 0.28186813186813187 0.3506944444444445
