0 0.2651098901098901 0.34618055555555555 0.17417582417582417 0.22430555555555556
0 0.24725274725274726 0.325 0.2714285714285714 0.34444444444444444
0 0.26483516483516484 0.3548611111111111 0.3021978021978022 0.3680555555555556
0 0.32967032967032966 0.4305555555555556 0.27912087912087913 0.36388888888888893
0 0.3065934065934066 0.40381944444444445 0.34835164835164834 0.4548611111111111
0 0.289010989010989 0.3809027777777778 0.3384615384615385 0.41458333333333336
0 0.40302197802197803 0.5256944444444445 0.515934065934066 0.6527777777777778
0 0.23104395604395606 0.3079861111111111 0.21593406593406594 0.2826388888888889
0 0.2337912087912088 0.31354166666666666 0.006043956043956044 0.0034722222222222225
0 0.210989010989011 0.2809027777777778 0.0989010989010989 0.13819444444444445
0 0.23901098901098902 0.31354166666666666 0.15714285714285714 0.19236111111111112
0 0.18104395604395604 0.24097222222222223 0.18076923076923077 0.23055555555555557
0 0.46483516483516485 0.6048611111111112 0.0967032967032967 0.13333333333333333
0 0.48956043956043954 0.6350694444444445 0.06373626373626373 0.08541666666666667
0 0.5791208791208792 0.7454861111111112 0.004395604395604396 0.0020833333333333333
0 0.5686813186813187 0.732638888888889 0.17802197802197803 0.21805555555555556
0 0.6752747252747253 0.8652777777777778 0.15494505494505495 0.20416666666666666
0 0.6857142857142857 0.8829861111111111 0.16703296703296702 0.20069444444444445
0 0.6623626373626373 0.8534722222222223 0.1489010989010989 0.18194444444444446
0 0.6472527472527473 0.8326388888888889 0.14945054945054945 0.1875
0 0.6332417582417582 0.8121527777777778 0.128021978021978 0.16736111111111113
0 0.44862637362637364 0.5833333333333334 0.49945054945054945 0.6263888888888889
0 0.47445054945054943 0.6184027777777779 0.593956043956044 0.7465277777777778
0 0.4510989010989011 0.5916666666666667 0.6857142857142857 0.8694444444444445
0 0.5717032967032967 0.7444444444444445 0.7060439560439561 0.8861111111111112
0 0.4815934065934066 0.6229166666666667 0.11923076923076924 0.14722222222222223
0 0.4398351648351648 0.5704861111111111 0.6346153846153846 0.8048611111111111
