0 0.23324175824175825 0.3059027777777778 0.1489010989010989 0.1840277777777778
0 0.2129120879120879 0.2871527777777778 0.260989010989011 0.34097222222222223
0 0.23901098901098902 0.31319444444444444 0.23516483516483516 0.2986111111111111
0 0.12252747252747252 0.17048611111111112 0.12857142857142856 0.15486111111111112
0 0.13434065934065934 0.18368055555555557 0.0016483516483516484 0.010416666666666668
0 0.2925824175824176 0.390625 0.10274725274725274 0.12708333333333333
0 0.2692307692307692 0.3572916666666667 0.1835164835164835 0.22986111111111113
0 0.41236263736263734 0.5340277777777778 0.2554945054945055 0.32222222222222224
0 0.2956043956043956 0.3840277777777778 0.4065934065934066 0.5208333333333334
0 0.4576923076923077 0.6006944444444444 0.5373626373626373 0.6833333333333333
0 0.4315934065934066 0.5680555555555555 0.5708791208791208 0.7138888888888889
0 0.47197802197802197 0.6184027777777779 0.7549450549450549 0.9729166666666667
0 0.5607142857142857 0.7263888888888889 0.7115384615384616 0.9180555555555556
0 0.45686813186813185 0.5927083333333334 0.08406593406593407 0.10625
0 0.4876373626373626 0.6336805555555556 0.12582417582417582 0.15763888888888888
0 0.5958791208791209 0.7701388888888889 0.026923076923076925 0.03333333333333333
0 0.5145604395604395 0.6673611111111112 0.21263736263736263 0.2638888888888889
0 0.6810439560439561 0.8746527777777778 0.1686813186813187 0.20625000000000002
0 0.6483516483516484 0.8329861111111111 0.14285714285714285 0.1840277777777778
0 0.6293956043956044 0.8104166666666667 0.1357142857142857 0.16666666666666669
0 0.6087912087912087 0.7861111111111111 0.2087912087912088 0.25277777777777777
0 0.7406593406593407 0.9541666666666667 0.30439560439560437 0.3861111111111111
0 0.39505494505494504 0.5194444444444445 0.5252747252747253 0.6472222222222223
0 0.3760989010989011 0.49062500000000003 0.49065934065934064 0.6354166666666667
0 0.2826923076923077 0.37430555555555556 0.4368131868131868 0.5680555555555555
