0 0.28164062500000003 0.5208333333333334 0.08125 0.14027777777777778
0 0.24960937500000002 0.4642361111111111 0.041406250000000006 0.08402777777777778
0 0.21992187500000002 0.409375 0.0023437500000000003 0.02013888888888889
0 0.13125 0.2513888888888889 0.08125 0.13611111111111113
0 0.1732421875 0.3277777777777778 0.148046875 0.28055555555555556
0 0.17402343750000002 0.33125 0.193359375 0.3402777777777778
0 0.34921875 0.6381944444444445 0.259375 0.45833333333333337
0 0.2951171875 0.5465277777777778 0.215234375 0.4013888888888889
0 0.38710937500000003 0.7125 0.203125 0.35694444444444445
0 0.447265625 0.8121527777777778 0.27968750000000003 0.48541666666666666
0 0.4099609375 0.7465277777777778 0.34804687500000003 0.6
0 0.2888671875 0.5361111111111111 0.49257812500000003 0.8791666666666667
0 0.2916015625 0.5378472222222223 0.39101562500000003 0.7104166666666667
0 0.28945312500000003 0.5357638888888889 0.52109375 0.9340277777777778
0 0.5216796875 0.9503472222222222 0.073046875 0.11875000000000001
0 0.5052734375 0.9215277777777778 0.016015625000000002 0.03194444444444445
0 0.4404296875 0.8020833333333334 0.10117187500000001 0.19583333333333333
0 0.5365234375 0.976388888888889 0.499609375 0.8694444444444445
0 0.5027343750000001 0.9114583333333334 0.4765625 0.8506944444444445
0 0.46953125 0.8520833333333334 0.4859375 0.8486111111111111
0 0.523828125 0.9520833333333334 0.3953125 0.6916666666666667
