0 0.15703125 0.2899305555555556 0.18046875 0.32708333333333334
0 0.216796875 0.39166666666666666 0.05859375 0.10277777777777779
0 0.216796875 0.3927083333333333 0.065625 0.11736111111111111
0 0.23515625 0.43645833333333334 0.025 0.05763888888888889
0 0.330859375 0.5975694444444445 0.09609375 0.16597222222222222
0 0.4693359375 0.8465277777777778 0.037109375 0.061111111111111116
0 0.390625 0.7055555555555556 0.07500000000000001 0.14583333333333334
0 0.38300781250000004 0.6934027777777778 0.13007812500000002 0.23125
0 0.34902343750000003 0.6277777777777778 0.141015625 0.24444444444444446
0 0.4646484375 0.8381944444444445 0.494140625 0.8708333333333333
0 0.4109375 0.7402777777777778 0.48750000000000004 0.8736111111111111
0 0.43085937500000004 0.7746527777777779 0.5281250000000001 0.9437500000000001
0 0.5486328125000001 0.9815972222222222 0.30976562500000004 0.545138888888889
0 0.2734375 0.4979166666666667 0.38593750000000004 0.6958333333333334
0 0.49726562500000004 0.8951388888888889 0.07109375 0.13333333333333333
0 0.198046875 0.36562500000000003 0.015625 0.03402777777777778
0 0.33242187500000003 0.6020833333333333 0.10078125 0.17222222222222222
0 0.33632812500000003 0.6072916666666667 0.1015625 0.17430555555555557
0 0.448828125 0.810763888888889 0.13125 0.2451388888888889
0 0.40839843750000004 0.7357638888888889 0.026171875 0.043750000000000004
0 0.28554687500000003 0.5163194444444444 0.37890625 0.6659722222222223
0 0.27109375 0.4951388888888889 0.45859375 0.8236111111111112
0 0.46523437500000003 0.8413194444444445 0.4609375 0.83125
0 0.46015625000000004 0.8270833333333334 0.49453125000000003 0.8791666666666667
0 0.53515625 0.9593750000000001 0.30234375 0.53125
0 0.5388671875000001 0.9701388888888889 0.304296875 0.5375
