0 0.20906593406593407 0.2899305555555556 0.13351648351648351 0.16736111111111113
0 0.16071428571428573 0.22708333333333333 0.04120879120879121 0.05277777777777778
0 0.1620879120879121 0.22986111111111113 0.08901098901098901 0.12638888888888888
0 0.34505494505494505 0.46319444444444446 0.3956043956043956 0.5166666666666667
0 0.39395604395604394 0.5204861111111111 0.26263736263736265 0.3354166666666667
0 0.42554945054945054 0.5552083333333333 0.3851648351648352 0.4798611111111111
0 0.5521978021978022 0.7215277777777778 0.5967032967032967 0.7652777777777778
0 0.47005494505494505 0.6180555555555556 0.7445054945054945 0.9611111111111111
0 0.4664835164835165 0.6114583333333333 0.7527472527472527 0.9631944444444445
0 0.6445054945054945 0.834375 0.3626373626373626 0.4618055555555556
0 0.6541208791208791 0.8482638888888889 0.1631868131868132 0.21736111111111112
0 0.7063186813186814 0.9190972222222222 0.11153846153846154 0.14375000000000002
0 0.6016483516483516 0.7881944444444444 0.0989010989010989 0.11111111111111112
0 0.5085164835164835 0.6687500000000001 0.2532967032967033 0.3277777777777778
0 0.5008241758241758 0.6611111111111111 0.2423076923076923 0.30833333333333335
0 0.3222527472527473 0.43020833333333336 0.49725274725274726 0.6173611111111111
0 0.2975274725274725 0.403125 0.48406593406593407 0.6284722222222222
0 0.26373626373626374 0.3590277777777778 0.32857142857142857 0.4013888888888889
