0 0.33598901098901096 0.446875 0.09395604395604396 0.11319444444444444
0 0.34065934065934067 0.44722222222222224 0.3758241758241758 0.4861111111111111
0 0.26895604395604394 0.3506944444444445 0.13791208791208792 0.17777777777777778
0 0.30824175824175826 0.40381944444444445 0.41208791208791207 0.5270833333333333
0 0.5285714285714286 0.6833333333333333 0.12967032967032968 0.15416666666666667
0 0.5513736263736264 0.7142361111111112 0.11043956043956044 0.14791666666666667
0 0.5947802197802198 0.76875 0.06208791208791209 0.07361111111111111
0 0.5170329670329671 0.6763888888888889 0.7692307692307693 0.9777777777777779
0 0.531043956043956 0.69375 0.760989010989011 0.9458333333333334
0 0.43626373626373627 0.5680555555555555 0.5604395604395604 0.701388888888889
0 0.44395604395604393 0.576388888888889 0.5384615384615384 0.6722222222222223
0 0.43351648351648353 0.5611111111111111 0.656043956043956 0.8319444444444445
0 0.4269230769230769 0.55625 0.4230769230769231 0.5416666666666667
0 0.3901098901098901 0.5104166666666667 0.521978021978022 0.6638888888888889
0 0.3041208791208791 0.4027777777777778 0.39725274725274723 0.5027777777777778
0 0.23076923076923078 0.3090277777777778 0.25384615384615383 0.31527777777777777
0 0.246978021978022 0.32430555555555557 0.21923076923076923 0.28055555555555556
0 0.23461538461538461 0.30868055555555557 0.15054945054945054 0.18819444444444444
0 0.19423076923076923 0.26180555555555557 0.13241758241758242 0.15833333333333333
0 0.1706043956043956 0.2326388888888889 0.15219780219780218 0.19166666666666668
0 0.6535714285714286 0.8388888888888889 0.15 0.19722222222222224
0 0.6620879120879121 0.851388888888889 0.13846153846153847 0.17222222222222222
0 0.6785714285714286 0.8711805555555556 0.16593406593406593 0.20208333333333334
0 0.6898351648351648 0.8871527777777778 0.13901098901098902 0.1826388888888889
0 0.6296703296703297 0.8100694444444445 0.13406593406593406 0.16736111111111113
