0 0.15576923076923077 0.21736111111111112 0.06098901098901099 0.06805555555555556
0 0.1489010989010989 0.21284722222222224 0.014285714285714285 0.017361111111111112
0 0.16758241758241757 0.2357638888888889 0.020879120879120878 0.01875
0 0.42527472527472526 0.5565972222222223 0.38461538461538464 0.4840277777777778
0 0.46703296703296704 0.6163194444444444 0.35934065934065934 0.44375000000000003
0 0.40934065934065933 0.5402777777777777 0.18021978021978022 0.23194444444444445
0 0.45686813186813185 0.6013888888888889 0.7631868131868131 0.9611111111111111
0 0.4519230769230769 0.5944444444444444 0.7456043956043956 0.9500000000000001
0 0.4098901098901099 0.5427083333333333 0.6648351648351648 0.8368055555555556
0 0.6431318681318682 0.8305555555555556 0.3456043956043956 0.4430555555555556
0 0.7370879120879121 0.9555555555555556 0.360989010989011 0.4375
0 0.731043956043956 0.9475694444444445 0.38846153846153847 0.4729166666666667
0 0.5239010989010989 0.6875 0.2620879120879121 0.3416666666666667
0 0.5071428571428571 0.6684027777777778 0.2681318681318681 0.34097222222222223
0 0.46401098901098903 0.6111111111111112 0.20714285714285716 0.2791666666666667
0 0.3445054945054945 0.4586805555555556 0.24725274725274726 0.3090277777777778
0 0.34697802197802197 0.46319444444444446 0.2752747252747253 0.3611111111111111
0 0.26373626373626374 0.36006944444444444 0.4 0.50625
