0 0.45082417582417583 0.5847222222222223 0.528021978021978 0.6597222222222222
0 0.44395604395604393 0.5826388888888889 0.5142857142857142 0.6430555555555556
0 0.5203296703296704 0.6763888888888889 0.4703296703296703 0.5902777777777778
0 0.5104395604395604 0.6729166666666667 0.45604395604395603 0.5791666666666667
0 0.6777472527472528 0.8746527777777778 0.15219780219780218 0.17847222222222223
0 0.7052197802197803 0.9086805555555556 0.15219780219780218 0.19791666666666669
0 0.6447802197802198 0.8298611111111112 0.17417582417582417 0.20694444444444446
0 0.4796703296703297 0.6277777777777778 0.12197802197802197 0.15
0 0.45989010989010987 0.5986111111111111 0.0945054945054945 0.11388888888888889
0 0.35027472527472525 0.4642361111111111 0.2752747252747253 0.35208333333333336
0 0.2725274725274725 0.36458333333333337 0.321978021978022 0.4083333333333333
0 0.2837912087912088 0.3746527777777778 0.4554945054945055 0.5854166666666667
0 0.20027472527472528 0.26979166666666665 0.05549450549450549 0.06597222222222222
0 0.21428571428571427 0.2868055555555556 0.24615384615384617 0.29583333333333334
0 0.2552197802197802 0.3402777777777778 0.1576923076923077 0.18611111111111112
0 0.4074175824175824 0.5350694444444445 0.3313186813186813 0.3979166666666667
0 0.41318681318681316 0.5399305555555556 0.23516483516483516 0.29097222222222224
0 0.34395604395604396 0.45034722222222223 0.13296703296703297 0.17430555555555557
0 0.6071428571428571 0.7857638888888889 0.1989010989010989 0.2465277777777778
0 0.6074175824175824 0.7847222222222222 0.19945054945054946 0.2388888888888889
0 0.2379120879120879 0.3229166666666667 0.020879120879120878 0.009722222222222222
