0 0.15631868131868132 0.22118055555555557 0.03571428571428571 0.05486111111111111
0 0.1815934065934066 0.25381944444444443 0.09285714285714286 0.13541666666666669
0 0.264010989010989 0.36180555555555555 0.043406593406593405 0.044444444444444446
0 0.321978021978022 0.43645833333333334 0.3274725274725275 0.43125
0 0.40906593406593406 0.5385416666666667 0.3851648351648352 0.49097222222222225
0 0.475 0.6260416666666667 0.2510989010989011 0.3159722222222222
0 0.5041208791208791 0.6645833333333333 0.593956043956044 0.7388888888888889
0 0.45906593406593404 0.6041666666666667 0.6104395604395605 0.775
0 0.45604395604395603 0.6017361111111111 0.5395604395604395 0.6729166666666667
0 0.675 0.8822916666666667 0.13791208791208792 0.16875
0 0.6821428571428572 0.8861111111111112 0.11373626373626373 0.14166666666666666
0 0.6771978021978022 0.8836805555555556 0.12692307692307692 0.15486111111111112
0 0.5956043956043956 0.7805555555555556 0.1 0.10555555555555556
0 0.5318681318681319 0.6989583333333333 0.2153846153846154 0.26458333333333334
0 0.49725274725274726 0.6583333333333333 0.2725274725274725 0.3541666666666667
0 0.3752747252747253 0.496875 0.4868131868131868 0.5993055555555555
0 0.3554945054945055 0.4795138888888889 0.4846153846153846 0.6090277777777778
0 0.38351648351648354 0.5097222222222222 0.26593406593406593 0.35555555555555557
