0 0.1739010989010989 0.24479166666666669 0.12582417582417582 0.16597222222222222
0 0.14972527472527472 0.21354166666666669 0.018131868131868133 0.027083333333333334
0 0.29093406593406596 0.3944444444444445 0.013736263736263736 0.011111111111111112
0 0.47225274725274724 0.6236111111111111 0.3423076923076923 0.42083333333333334
0 0.41318681318681316 0.5444444444444445 0.34065934065934067 0.4291666666666667
0 0.42115384615384616 0.5569444444444445 0.37857142857142856 0.4861111111111111
0 0.5425824175824175 0.70625 0.6554945054945055 0.8402777777777778
0 0.4826923076923077 0.6340277777777779 0.7192307692307692 0.9194444444444445
0 0.45357142857142857 0.5979166666666667 0.7741758241758242 0.9930555555555556
0 0.6651098901098901 0.86875 0.382967032967033 0.48750000000000004
0 0.6255494505494505 0.8180555555555555 0.23461538461538461 0.28194444444444444
0 0.6796703296703297 0.878125 0.3989010989010989 0.5090277777777777
0 0.4782967032967033 0.6302083333333334 0.1543956043956044 0.18541666666666667
0 0.5956043956043956 0.7819444444444444 0.12967032967032968 0.16805555555555557
0 0.5892857142857143 0.7729166666666667 0.15989010989010988 0.18888888888888888
0 0.3967032967032967 0.5274305555555556 0.4604395604395604 0.56875
0 0.38434065934065936 0.5114583333333333 0.26868131868131867 0.3590277777777778
0 0.3302197802197802 0.4416666666666667 0.46153846153846156 0.5902777777777778
