0 0.2846153846153846 0.3822916666666667 0.0032967032967032967 0.01875
0 0.1662087912087912 0.22916666666666669 0.007142857142857143 0.022222222222222223
0 0.1879120879120879 0.26180555555555557 0.11978021978021978 0.14444444444444446
0 0.421978021978022 0.5572916666666667 0.4351648351648352 0.5381944444444444
0 0.4096153846153846 0.5361111111111111 0.38186813186813184 0.4916666666666667
0 0.4793956043956044 0.6256944444444444 0.2631868131868132 0.3236111111111111
0 0.4442307692307692 0.5850694444444444 0.6434065934065935 0.8076388888888889
0 0.4230769230769231 0.5552083333333333 0.7197802197802198 0.9256944444444445
0 0.5516483516483517 0.7215277777777778 0.5923076923076923 0.7611111111111112
0 0.6293956043956044 0.8177083333333334 0.32582417582417583 0.4256944444444445
0 0.6239010989010989 0.8128472222222223 0.2521978021978022 0.3090277777777778
0 0.6989010989010989 0.9027777777777778 0.11978021978021978 0.15555555555555556
0 0.5637362637362637 0.7388888888888889 0.2571428571428571 0.32916666666666666
0 0.4458791208791209 0.5895833333333333 0.19395604395604396 0.25972222222222224
0 0.4442307692307692 0.5878472222222223 0.1445054945054945 0.18819444444444444
0 0.39065934065934066 0.5180555555555556 0.4472527472527473 0.5541666666666667
0 0.38461538461538464 0.5104166666666667 0.43956043956043955 0.5402777777777777
0 0.28296703296703296 0.38125000000000003 0.44505494505494503 0.5722222222222223
