0 0.24175824175824176 0.32569444444444445 0.2043956043956044 0.25833333333333336
0 0.2986263736263736 0.39687500000000003 0.23241758241758242 0.3076388888888889
0 0.4142857142857143 0.5388888888888889 0.2868131868131868 0.37083333333333335
0 0.44642857142857145 0.5822916666666667 0.6148351648351649 0.7756944444444445
0 0.4472527472527473 0.5760416666666667 0.5186813186813187 0.6506944444444445
0 0.4623626373626374 0.6097222222222223 0.7543956043956044 0.9722222222222222
0 0.5318681318681319 0.6944444444444444 0.7802197802197802 0.9680555555555556
0 0.4288461538461538 0.5545138888888889 0.593956043956044 0.7590277777777779
0 0.5953296703296703 0.7673611111111112 0.06758241758241758 0.08194444444444444
0 0.5972527472527472 0.7711805555555555 0.04285714285714286 0.06458333333333334
0 0.5884615384615385 0.7597222222222223 0.03736263736263736 0.03333333333333333
0 0.5313186813186813 0.690625 0.22197802197802197 0.2951388888888889
0 0.685989010989011 0.8795138888888889 0.17087912087912088 0.20625000000000002
0 0.6728021978021979 0.8659722222222223 0.1412087912087912 0.19305555555555556
0 0.6307692307692307 0.8125 0.13516483516483516 0.16666666666666669
0 0.7431318681318682 0.9548611111111112 0.3291208791208791 0.40555555555555556
0 0.3019230769230769 0.3979166666666667 0.25769230769230766 0.3125
0 0.2934065934065934 0.39166666666666666 0.4758241758241758 0.6125
0 0.378021978021978 0.49375 0.5274725274725275 0.6708333333333334
0 0.2337912087912088 0.3079861111111111 0.13241758241758242 0.17152777777777778
0 0.20961538461538462 0.28368055555555555 0.26868131868131867 0.3340277777777778
0 0.1357142857142857 0.18715277777777778 0.14065934065934066 0.18680555555555556
0 0.13681318681318683 0.18993055555555557 0.016483516483516484 0.03263888888888889
0 0.18186813186813186 0.24409722222222224 0.26153846153846155 0.33125
0 0.656043956043956 0.8416666666666667 0.14725274725274726 0.17777777777777778
0 0.25137362637362637 0.32916666666666666 0.21153846153846154 0.27083333333333337
0 0.442032967032967 0.5836805555555555 0.5510989010989011 0.69375
0 0.5057692307692307 0.6510416666666667 0.03461538461538462 0.04930555555555556
0 0.5574175824175824 0.7211805555555556 0.07747252747252747 0.09930555555555556
