0 0.15989010989010988 0.22291666666666668 0.07472527472527472 0.10416666666666667
0 0.15137362637362636 0.21631944444444445 0.03131868131868132 0.04513888888888889
0 0.1804945054945055 0.2534722222222222 0.06648351648351648 0.08194444444444444
0 0.44175824175824174 0.5829861111111111 0.42527472527472526 0.5215277777777778
0 0.43956043956043955 0.5784722222222223 0.3384615384615385 0.43194444444444446
0 0.42527472527472526 0.5555555555555556 0.3868131868131868 0.4861111111111111
0 0.46593406593406594 0.6149305555555555 0.5307692307692308 0.6645833333333333
0 0.4782967032967033 0.6305555555555555 0.7851648351648352 0.9902777777777778
0 0.4697802197802198 0.6166666666666667 0.7681318681318682 0.9805555555555556
0 0.7255494505494505 0.9340277777777778 0.32582417582417583 0.40555555555555556
0 0.7604395604395604 0.9847222222222223 0.3054945054945055 0.4013888888888889
0 0.6552197802197802 0.8534722222222223 0.15 0.17500000000000002
0 0.5321428571428571 0.6993055555555556 0.02912087912087912 0.03333333333333333
0 0.506043956043956 0.6659722222222223 0.25274725274725274 0.3236111111111111
0 0.5340659340659341 0.7003472222222222 0.25934065934065936 0.3368055555555556
0 0.34313186813186813 0.45833333333333337 0.41813186813186815 0.5333333333333333
0 0.2714285714285714 0.3666666666666667 0.3967032967032967 0.5208333333333334
0 0.28104395604395604 0.38020833333333337 0.4510989010989011 0.5826388888888889
