0 0.13763736263736265 0.20277777777777778 0.015934065934065933 0.0375
0 0.17884615384615385 0.25243055555555555 0.18956043956043955 0.2520833333333333
0 0.23763736263736263 0.3260416666666667 0.16538461538461538 0.18958333333333335
0 0.36153846153846153 0.48020833333333335 0.489010989010989 0.6173611111111111
0 0.4167582417582418 0.546875 0.55 0.7076388888888889
0 0.44368131868131866 0.5840277777777778 0.47307692307692306 0.6125
0 0.371978021978022 0.49618055555555557 0.23736263736263735 0.28958333333333336
0 0.3851648351648352 0.515625 0.2923076923076923 0.37569444444444444
0 0.3241758241758242 0.43680555555555556 0.4065934065934066 0.5152777777777778
0 0.5475274725274726 0.7159722222222222 0.5335164835164835 0.6916666666666667
0 0.48406593406593407 0.6357638888888889 0.7758241758241758 0.9951388888888889
0 0.45576923076923076 0.6048611111111112 0.7598901098901099 0.9750000000000001
0 0.618956043956044 0.8076388888888889 0.0510989010989011 0.08055555555555556
0 0.6145604395604396 0.8072916666666667 0.01703296703296703 0.021527777777777778
0 0.6208791208791209 0.8138888888888889 0.03076923076923077 0.03194444444444445
0 0.7085164835164836 0.9166666666666667 0.11483516483516483 0.15555555555555556
0 0.7129120879120879 0.9239583333333333 0.08736263736263736 0.09930555555555556
0 0.7365384615384616 0.9552083333333333 0.06428571428571428 0.10069444444444445
