0 0.16593406593406593 0.23541666666666666 0.021978021978021976 0.022222222222222223
0 0.33186813186813185 0.4395833333333333 0.22527472527472528 0.3
0 0.2728021978021978 0.36319444444444443 0.3994505494505495 0.513888888888889
0 0.2857142857142857 0.38125000000000003 0.2989010989010989 0.3902777777777778
0 0.34065934065934067 0.4527777777777778 0.42747252747252745 0.5361111111111111
0 0.41510989010989013 0.5413194444444445 0.28736263736263734 0.36736111111111114
0 0.4747252747252747 0.6229166666666667 0.4747252747252747 0.5833333333333334
0 0.49313186813186816 0.6444444444444445 0.4631868131868132 0.5777777777777778
0 0.5642857142857143 0.7392361111111111 0.4912087912087912 0.6479166666666667
0 0.45082417582417583 0.5902777777777778 0.5126373626373626 0.6541666666666667
0 0.4736263736263736 0.6184027777777779 0.1043956043956044 0.13402777777777777
0 0.49175824175824173 0.6375000000000001 0.12527472527472527 0.15972222222222224
0 0.5082417582417582 0.6659722222222223 0.12417582417582418 0.16944444444444445
0 0.6450549450549451 0.8329861111111111 0.14725274725274726 0.17708333333333334
0 0.6447802197802198 0.8315972222222222 0.1686813186813187 0.20625000000000002
0 0.6532967032967033 0.8472222222222222 0.15054945054945054 0.17916666666666667
0 0.7052197802197803 0.909375 0.15219780219780218 0.19930555555555557
0 0.5881868131868132 0.7625000000000001 0.0005494505494505495 0.002777777777777778
0 0.36043956043956044 0.47222222222222227 0.3153846153846154 0.39166666666666666
0 0.22197802197802197 0.3059027777777778 0.025274725274725275 0.029861111111111113
0 0.1412087912087912 0.19930555555555557 0.03736263736263736 0.05416666666666667
