0 0.13763736263736265 0.20243055555555556 0.015934065934065933 0.03680555555555556
0 0.17967032967032967 0.253125 0.18681318681318682 0.24930555555555556
0 0.23846153846153847 0.3284722222222222 0.16043956043956045 0.17777777777777778
0 0.3598901098901099 0.4795138888888889 0.47802197802197804 0.6048611111111112
0 0.4164835164835165 0.5461805555555556 0.5483516483516484 0.7048611111111112
0 0.44285714285714284 0.5864583333333333 0.4725274725274725 0.607638888888889
0 0.6170329670329671 0.8086805555555556 0.04725274725274725 0.08263888888888889
0 0.615934065934066 0.8069444444444445 0.01978021978021978 0.025
0 0.6203296703296703 0.8118055555555556 0.024175824175824177 0.03194444444444445
0 0.707967032967033 0.9184027777777778 0.11483516483516483 0.15763888888888888
0 0.7123626373626374 0.9243055555555556 0.09065934065934066 0.10277777777777779
0 0.7368131868131869 0.9559027777777778 0.06263736263736264 0.09791666666666667
0 0.48516483516483516 0.6347222222222223 0.7758241758241758 0.9930555555555556
0 0.5434065934065934 0.7128472222222223 0.5318681318681319 0.6895833333333333
0 0.4554945054945055 0.6038194444444445 0.756043956043956 0.9756944444444445
0 0.3791208791208791 0.503125 0.23406593406593407 0.28958333333333336
0 0.3851648351648352 0.5145833333333334 0.2945054945054945 0.3736111111111111
0 0.3239010989010989 0.43819444444444444 0.40714285714285714 0.5166666666666667
