0 0.13104395604395605 0.18333333333333335 0.15989010989010988 0.2013888888888889
0 0.2021978021978022 0.2715277777777778 0.2571428571428571 0.3236111111111111
0 0.23104395604395606 0.31354166666666666 0.18956043956043955 0.23819444444444446
0 0.2574175824175824 0.34097222222222223 0.1686813186813187 0.22083333333333335
0 0.23708791208791208 0.3128472222222222 0.3038461538461538 0.3854166666666667
0 0.2571428571428571 0.3368055555555556 0.19230769230769232 0.23472222222222222
0 0.310989010989011 0.4079861111111111 0.432967032967033 0.55625
0 0.48653846153846153 0.6305555555555555 0.4807692307692308 0.6166666666666667
0 0.4104395604395604 0.5347222222222222 0.5615384615384615 0.7152777777777778
0 0.5274725274725275 0.6843750000000001 0.7516483516483516 0.9465277777777779
0 0.47527472527472525 0.6145833333333334 0.7813186813186813 0.9861111111111112
0 0.48104395604395606 0.6222222222222222 0.728021978021978 0.9166666666666667
0 0.5656593406593406 0.7288194444444445 0.595054945054945 0.7534722222222222
0 0.5667582417582417 0.7305555555555556 0.6225274725274725 0.7805555555555556
0 0.39972527472527475 0.5170138888888889 0.65 0.8131944444444444
0 0.44478021978021975 0.5760416666666667 0.5379120879120879 0.6881944444444444
0 0.6989010989010989 0.8996527777777779 0.3912087912087912 0.4965277777777778
0 0.6442307692307693 0.8340277777777778 0.31373626373626373 0.39583333333333337
0 0.7269230769230769 0.9347222222222222 0.24505494505494504 0.3138888888888889
0 0.5909340659340659 0.7614583333333333 0.2532967032967033 0.31180555555555556
0 0.5656593406593406 0.7305555555555556 0.25769230769230766 0.3236111111111111
0 0.5994505494505494 0.7736111111111111 0.3967032967032967 0.5125000000000001
0 0.6043956043956044 0.7809027777777778 0.4340659340659341 0.5590277777777778
0 0.6239010989010989 0.8024305555555555 0.4115384615384615 0.5159722222222223
0 0.6604395604395604 0.8482638888888889 0.4208791208791209 0.5270833333333333
0 0.4552197802197802 0.5892361111111112 0.19725274725274725 0.23958333333333334
0 0.5203296703296704 0.6732638888888889 0.03736263736263736 0.04652777777777778
0 0.514010989010989 0.6645833333333333 0.026923076923076925 0.0375
0 0.5538461538461539 0.7145833333333333 0.0879120879120879 0.12222222222222223
0 0.27197802197802196 0.36180555555555555 0.5010989010989011 0.6361111111111112
0 0.26373626373626374 0.3472222222222222 0.310989010989011 0.40555555555555556
0 0.2876373626373626 0.37743055555555555 0.2895604395604396 0.3548611111111111
