0 0.28046875 0.5166666666666667 0.03359375 0.05
0 0.23300781250000002 0.43472222222222223 0.026953125 0.043055555555555555
0 0.23261718750000002 0.43368055555555557 0.054296875 0.11319444444444444
0 0.19375 0.3625 0.096875 0.15972222222222224
0 0.1806640625 0.3392361111111111 0.061328125000000004 0.11597222222222223
0 0.14667968750000002 0.2767361111111111 0.091796875 0.15208333333333335
0 0.3466796875 0.6305555555555555 0.234765625 0.4222222222222222
0 0.35292968750000003 0.6461805555555555 0.275390625 0.50625
0 0.35566406250000004 0.6524305555555556 0.258984375 0.4590277777777778
0 0.43046875 0.7829861111111112 0.17890625000000002 0.32708333333333334
0 0.443359375 0.8059027777777779 0.21875 0.3993055555555556
0 0.233203125 0.4340277777777778 0.41171875 0.7444444444444445
0 0.274609375 0.5045138888888889 0.50625 0.9020833333333333
0 0.2986328125 0.5479166666666667 0.529296875 0.9291666666666667
0 0.4841796875 0.8795138888888889 0.098046875 0.17847222222222223
0 0.5203125000000001 0.9434027777777778 0.15703125 0.26319444444444445
0 0.5421875 0.9829861111111111 0.08671875000000001 0.14097222222222222
0 0.5275390625 0.9600694444444445 0.504296875 0.8979166666666667
0 0.5193359375000001 0.9486111111111112 0.5183593750000001 0.9333333333333333
0 0.495703125 0.8986111111111111 0.5281250000000001 0.9500000000000001
0 0.5228515625 0.9465277777777779 0.44648437500000004 0.7958333333333334
