0 0.4288461538461538 0.5583333333333333 0.0478021978021978 0.04583333333333334
0 0.4524725274725275 0.5892361111111112 0.08956043956043956 0.10069444444444445
0 0.46813186813186813 0.609375 0.11538461538461539 0.1423611111111111
0 0.41620879120879123 0.540625 0.2664835164835165 0.34097222222222223
0 0.24148351648351649 0.3246527777777778 0.28076923076923077 0.34652777777777777
0 0.2403846153846154 0.3197916666666667 0.22142857142857142 0.28958333333333336
0 0.22939560439560439 0.3038194444444445 0.028021978021978023 0.03819444444444445
0 0.2129120879120879 0.28368055555555555 0.023626373626373626 0.02291666666666667
0 0.11043956043956044 0.15694444444444444 0.07582417582417582 0.10555555555555556
0 0.1574175824175824 0.21423611111111113 0.18736263736263736 0.2465277777777778
0 0.1576923076923077 0.2152777777777778 0.25384615384615383 0.32083333333333336
0 0.3148351648351648 0.4135416666666667 0.45384615384615384 0.5826388888888889
0 0.3217032967032967 0.4215277777777778 0.5203296703296704 0.6611111111111111
0 0.4381868131868132 0.5722222222222223 0.39615384615384613 0.49583333333333335
0 0.7065934065934066 0.9072916666666667 0.15384615384615385 0.19930555555555557
0 0.6447802197802198 0.8298611111111112 0.1697802197802198 0.2138888888888889
0 0.6288461538461538 0.8097222222222222 0.13791208791208792 0.16111111111111112
0 0.5947802197802198 0.7690972222222222 0.22692307692307692 0.27847222222222223
0 0.5892857142857143 0.7586805555555556 0.2423076923076923 0.3145833333333333
0 0.5277472527472528 0.6815972222222223 0.12362637362637363 0.16597222222222222
0 0.585989010989011 0.7614583333333333 0.6708791208791208 0.8284722222222223
0 0.42747252747252745 0.5586805555555556 0.6923076923076923 0.8798611111111111
0 0.45467032967032966 0.5940972222222223 0.593956043956044 0.7673611111111112
