0 0.1375 0.26180555555555557 0.06484375 0.10555555555555556
0 0.125 0.23784722222222224 0.09375 0.15486111111111112
0 0.12089843750000001 0.22743055555555555 0.127734375 0.22430555555555556
0 0.2044921875 0.38125000000000003 0.013671875 0.034722222222222224
0 0.209765625 0.3940972222222222 0.00625 0.00625
0 0.2931640625 0.5381944444444444 0.020703125000000003 0.02361111111111111
0 0.35175781250000004 0.638888888888889 0.221484375 0.4
0 0.40742187500000004 0.7430555555555556 0.15078125 0.2791666666666667
0 0.2798828125 0.5118055555555556 0.40664062500000003 0.7347222222222223
0 0.252734375 0.46770833333333334 0.44375000000000003 0.80625
0 0.24296875 0.4510416666666667 0.36484375 0.6326388888888889
0 0.3630859375 0.6666666666666667 0.28554687500000003 0.5111111111111112
0 0.439453125 0.7986111111111112 0.21406250000000002 0.3944444444444445
0 0.44140625 0.8024305555555555 0.203125 0.3729166666666667
0 0.47382812500000004 0.8604166666666667 0.08828125 0.16944444444444445
0 0.515625 0.9347222222222222 0.1265625 0.20694444444444446
0 0.5154296875000001 0.9364583333333334 0.11210937500000001 0.1840277777777778
0 0.511328125 0.9288194444444445 0.503125 0.8979166666666667
0 0.5300781250000001 0.9621527777777779 0.35000000000000003 0.6381944444444445
0 0.5125000000000001 0.9361111111111111 0.38046875 0.6694444444444445
0 0.5078125 0.9173611111111112 0.46328125000000003 0.8388888888888889
0 0.1375 0.26180555555555557 0.06484375 0.10555555555555556
0 0.125 0.23784722222222224 0.09375 0.15486111111111112
0 0.12089843750000001 0.22743055555555555 0.127734375 0.22430555555555556
0 0.2044921875 0.38125000000000003 0.013671875 0.034722222222222224
0 0.209765625 0.3940972222222222 0.00625 0.00625
0 0.2931640625 0.5381944444444444 0.020703125000000003 0.02361111111111111
0 0.35175781250000004 0.638888888888889 0.221484375 0.4
0 0.40742187500000004 0.7430555555555556 0.15078125 0.2791666666666667
0 0.2798828125 0.5118055555555556 0.40664062500000003 0.7347222222222223
0 0.252734375 0.46770833333333334 0.44375000000000003 0.80625
0 0.24296875 0.4510416666666667 0.36484375 0.6326388888888889
0 0.3630859375 0.6666666666666667 0.28554687500000003 0.5111111111111112
0 0.439453125 0.7986111111111112 0.21406250000000002 0.3944444444444445
0 0.44140625 0.8024305555555555 0.203125 0.3729166666666667
0 0.47382812500000004 0.8604166666666667 0.08828125 0.16944444444444445
0 0.515625 0.9347222222222222 0.1265625 0.20694444444444446
0 0.5154296875000001 0.9364583333333334 0.11210937500000001 0.1840277777777778
0 0.511328125 0.9288194444444445 0.503125 0.8979166666666667
0 0.5300781250000001 0.9621527777777779 0.35000000000000003 0.6381944444444445
0 0.5125000000000001 0.9361111111111111 0.38046875 0.6694444444444445
0 0.5078125 0.9173611111111112 0.46328125000000003 0.8388888888888889
