0 0.3521484375 0.64375 0.240234375 0.4430555555555556
0 0.384375 0.7059027777777778 0.11796875000000001 0.23402777777777778
0 0.31328125 0.5767361111111111 0.1390625 0.22569444444444445
0 0.311328125 0.5767361111111111 0.06953125 0.10069444444444445
0 0.29628906250000003 0.5482638888888889 0.098046875 0.15486111111111112
0 0.255859375 0.4763888888888889 0.05390625 0.09861111111111112
0 0.18027343750000002 0.33819444444444446 0.010546875 0.03333333333333333
0 0.15585937500000002 0.3024305555555556 0.13359375 0.22708333333333333
0 0.1474609375 0.28194444444444444 0.18710937500000002 0.35000000000000003
0 0.29921875000000003 0.5496527777777778 0.43046875 0.7479166666666667
0 0.2814453125 0.5190972222222222 0.30898437500000003 0.5326388888888889
0 0.2755859375 0.5086805555555556 0.30117187500000003 0.51875
0 0.37226562500000004 0.6843750000000001 0.31484375000000003 0.5520833333333334
0 0.41816406250000004 0.7701388888888889 0.221484375 0.39722222222222225
0 0.42207031250000004 0.7781250000000001 0.205859375 0.3840277777777778
0 0.4873046875 0.888888888888889 0.033203125 0.0375
0 0.4244140625 0.7774305555555556 0.08554687500000001 0.16041666666666668
0 0.4169921875 0.7618055555555556 0.072265625 0.1513888888888889
0 0.49433593750000004 0.9013888888888889 0.528515625 0.9194444444444445
