0 0.22197802197802197 0.30520833333333336 0.13956043956043956 0.1826388888888889
0 0.1620879120879121 0.22777777777777777 0.03626373626373627 0.05416666666666667
0 0.17774725274725275 0.24756944444444445 0.10494505494505495 0.14791666666666667
0 0.3620879120879121 0.47673611111111114 0.34725274725274724 0.45208333333333334
0 0.38983516483516484 0.5184027777777778 0.22582417582417583 0.28402777777777777
0 0.46373626373626375 0.6072916666666667 0.36153846153846153 0.4479166666666667
0 0.41923076923076924 0.5538194444444444 0.6 0.7423611111111111
0 0.4115384615384615 0.5416666666666667 0.621978021978022 0.788888888888889
0 0.41895604395604397 0.5493055555555556 0.682967032967033 0.8722222222222222
0 0.6461538461538462 0.8368055555555556 0.15054945054945054 0.1875
0 0.6868131868131868 0.8927083333333333 0.12417582417582418 0.15763888888888888
0 0.6942307692307692 0.9003472222222223 0.11483516483516483 0.14375000000000002
0 0.5785714285714286 0.757638888888889 0.20549450549450549 0.24166666666666667
0 0.44972527472527474 0.5934027777777778 0.043406593406593405 0.03125
0 0.45604395604395603 0.5986111111111111 0.1010989010989011 0.14583333333333334
0 0.3892857142857143 0.515625 0.43131868131868134 0.5270833333333333
0 0.3879120879120879 0.5128472222222222 0.4175824175824176 0.5090277777777777
0 0.3651098901098901 0.4861111111111111 0.48736263736263735 0.6069444444444445
