0 0.35546875 0.6531250000000001 0.26328125 0.46875
0 0.4283203125 0.7802083333333334 0.185546875 0.32708333333333334
0 0.278515625 0.513888888888889 0.03359375 0.04861111111111111
0 0.23105468750000002 0.4326388888888889 0.055078125000000006 0.11666666666666667
0 0.2318359375 0.4326388888888889 0.026171875 0.04166666666666667
0 0.17988281250000002 0.3375 0.057421875000000004 0.10694444444444445
0 0.1751953125 0.328125 0.154296875 0.28541666666666665
0 0.147265625 0.27847222222222223 0.08671875000000001 0.14583333333333334
0 0.34765625 0.6329861111111111 0.23359375000000002 0.4201388888888889
0 0.3462890625 0.6368055555555556 0.24726562500000002 0.4361111111111111
0 0.2736328125 0.503125 0.48164062500000004 0.8493055555555555
0 0.2732421875 0.4996527777777778 0.48867187500000003 0.8770833333333333
0 0.2830078125 0.5201388888888889 0.32148437500000004 0.5833333333333334
0 0.44355468750000004 0.8048611111111111 0.22226562500000002 0.4041666666666667
0 0.5412109375 0.9815972222222222 0.09257812500000001 0.15347222222222223
0 0.4970703125 0.9027777777777778 0.06601562500000001 0.10416666666666667
0 0.4833984375 0.8788194444444445 0.095703125 0.17430555555555557
0 0.458984375 0.8354166666666667 0.45156250000000003 0.7916666666666667
0 0.5205078125 0.9486111111111112 0.323828125 0.5916666666666667
0 0.5144531250000001 0.9423611111111111 0.515625 0.9222222222222223
0 0.521484375 0.9434027777777778 0.44140625 0.7743055555555556
