0 0.27773437500000003 0.5131944444444445 0.03359375 0.06527777777777778
0 0.23398437500000002 0.4354166666666667 0.0078125 0.01388888888888889
0 0.2353515625 0.4388888888888889 0.044921875 0.09722222222222222
0 0.20820312500000002 0.38506944444444446 0.09843750000000001 0.18680555555555556
0 0.181640625 0.33819444444444446 0.057031250000000006 0.11388888888888889
0 0.14921875 0.28229166666666666 0.05625 0.11041666666666668
0 0.34785156250000004 0.6326388888888889 0.23554687500000002 0.42638888888888893
0 0.34882812500000004 0.6416666666666667 0.27187500000000003 0.4986111111111111
0 0.2712890625 0.49756944444444445 0.462890625 0.8340277777777778
0 0.27187500000000003 0.5024305555555556 0.484375 0.8631944444444445
0 0.314453125 0.5753472222222222 0.503125 0.8812500000000001
0 0.35878906250000003 0.6583333333333333 0.27382812500000003 0.48750000000000004
0 0.4234375 0.7694444444444445 0.20546875 0.3527777777777778
0 0.4458984375 0.8093750000000001 0.22773437500000002 0.41458333333333336
0 0.48203125 0.8753472222222223 0.1 0.18958333333333335
0 0.5398437500000001 0.9798611111111112 0.08984375 0.1527777777777778
0 0.46328125000000003 0.8427083333333334 0.047656250000000004 0.09930555555555556
0 0.47011718750000003 0.8597222222222223 0.47773437500000004 0.8611111111111112
0 0.5064453125 0.9246527777777778 0.5339843750000001 0.9354166666666667
0 0.5111328125 0.9239583333333333 0.44960937500000003 0.8104166666666667
