0 0.2927734375 0.5375 0.019921875000000002 0.022222222222222223
0 0.2099609375 0.3947916666666667 0.005859375 0.00625
0 0.20429687500000002 0.3819444444444445 0.013281250000000001 0.03333333333333333
0 0.15976562500000002 0.29618055555555556 0.22968750000000002 0.40069444444444446
0 0.1203125 0.22812500000000002 0.1265625 0.22430555555555556
0 0.12460937500000001 0.2388888888888889 0.09375 0.1513888888888889
0 0.1373046875 0.2621527777777778 0.065234375 0.10625
0 0.3521484375 0.6392361111111111 0.221484375 0.40069444444444446
0 0.39589843750000003 0.7256944444444444 0.142578125 0.24722222222222223
0 0.2798828125 0.5118055555555556 0.40664062500000003 0.7347222222222223
0 0.2435546875 0.4513888888888889 0.36445312500000004 0.6319444444444444
0 0.23847656250000002 0.44201388888888893 0.41132812500000004 0.7451388888888889
0 0.36328125 0.6673611111111112 0.2859375 0.5125000000000001
0 0.4421875 0.803125 0.203125 0.37430555555555556
0 0.4390625 0.7996527777777778 0.21328125 0.39375
0 0.501953125 0.9149305555555556 0.1078125 0.19097222222222224
0 0.5126953125 0.9333333333333333 0.12070312500000001 0.20972222222222223
0 0.47382812500000004 0.8604166666666667 0.08750000000000001 0.17222222222222222
0 0.5080078125 0.9225694444444444 0.48476562500000003 0.8715277777777778
0 0.508203125 0.9177083333333333 0.46484375 0.8395833333333333
0 0.5189453125 0.9437500000000001 0.361328125 0.6180555555555556
0 0.5126953125 0.9364583333333334 0.380859375 0.6687500000000001
0 0.2927734375 0.5375 0.019921875000000002 0.022222222222222223
0 0.2099609375 0.3947916666666667 0.005859375 0.00625
0 0.20429687500000002 0.3819444444444445 0.013281250000000001 0.03333333333333333
0 0.15976562500000002 0.29618055555555556 0.22968750000000002 0.40069444444444446
0 0.1203125 0.22812500000000002 0.1265625 0.22430555555555556
0 0.12460937500000001 0.2388888888888889 0.09375 0.1513888888888889
0 0.1373046875 0.2621527777777778 0.065234375 0.10625
0 0.3521484375 0.6392361111111111 0.221484375 0.40069444444444446
0 0.39589843750000003 0.7256944444444444 0.142578125 0.24722222222222223
0 0.2798828125 0.5118055555555556 0.40664062500000003 0.7347222222222223
0 0.2435546875 0.4513888888888889 0.36445312500000004 0.6319444444444444
0 0.23847656250000002 0.44201388888888893 0.41132812500000004 0.7451388888888889
0 0.36328125 0.6673611111111112 0.2859375 0.5125000000000001
0 0.4421875 0.803125 0.203125 0.37430555555555556
0 0.4390625 0.7996527777777778 0.21328125 0.39375
0 0.501953125 0.9149305555555556 0.1078125 0.19097222222222224
0 0.5126953125 0.9333333333333333 0.12070312500000001 0.20972222222222223
0 0.47382812500000004 0.8604166666666667 0.08750000000000001 0.17222222222222222
0 0.5080078125 0.9225694444444444 0.48476562500000003 0.8715277777777778
0 0.508203125 0.9177083333333333 0.46484375 0.8395833333333333
0 0.5189453125 0.9437500000000001 0.361328125 0.6180555555555556
0 0.5126953125 0.9364583333333334 0.380859375 0.6687500000000001
