0 0.24423076923076922 0.33263888888888893 0.10824175824175825 0.11388888888888889
0 0.24752747252747254 0.3385416666666667 0.12032967032967033 0.14375000000000002
0 0.26703296703296703 0.3625 0.0989010989010989 0.10694444444444445
0 0.37857142857142856 0.4979166666666667 0.2802197802197802 0.36388888888888893
0 0.33763736263736266 0.4430555555555556 0.27307692307692305 0.3597222222222222
0 0.4552197802197802 0.6010416666666667 0.20934065934065935 0.2798611111111111
0 0.5607142857142857 0.7357638888888889 0.6467032967032967 0.8118055555555556
0 0.5412087912087912 0.70625 0.734065934065934 0.9055555555555556
0 0.4887362637362637 0.6402777777777778 0.7873626373626373 0.9833333333333334
0 0.6346153846153846 0.826388888888889 0.33076923076923076 0.43333333333333335
0 0.6277472527472527 0.820138888888889 0.3423076923076923 0.4444444444444445
0 0.7203296703296703 0.9319444444444445 0.12087912087912088 0.14166666666666666
0 0.5747252747252747 0.7541666666666667 0.13076923076923078 0.16527777777777777
0 0.5118131868131868 0.6722222222222223 0.2741758241758242 0.34444444444444444
0 0.4357142857142857 0.578125 0.20659340659340658 0.2590277777777778
0 0.3964285714285714 0.525 0.32362637362637364 0.4222222222222222
0 0.4002747252747253 0.5302083333333334 0.35 0.4604166666666667
0 0.3159340659340659 0.4232638888888889 0.489010989010989 0.6173611111111111
