0 0.164453125 0.3215277777777778 0.05390625 0.09305555555555556
0 0.1810546875 0.3506944444444445 0.004296875 0.016666666666666666
0 0.20957031250000002 0.3944444444444445 0.098046875 0.19583333333333333
0 0.32636718750000004 0.6055555555555556 0.10507812500000001 0.18333333333333335
0 0.378515625 0.69375 0.20703125 0.35000000000000003
0 0.296484375 0.5496527777777778 0.125 0.19930555555555557
0 0.3287109375 0.6114583333333333 0.303515625 0.5437500000000001
0 0.30976562500000004 0.571875 0.25859375 0.48125
0 0.2435546875 0.46145833333333336 0.34882812500000004 0.6229166666666667
0 0.48378906250000003 0.8861111111111112 0.110546875 0.1736111111111111
0 0.478125 0.8777777777777778 0.08984375 0.15555555555555556
0 0.439453125 0.810763888888889 0.12109375 0.21319444444444446
