0 0.22252747252747251 0.3027777777777778 0.11318681318681319 0.15833333333333333
0 0.24835164835164836 0.33993055555555557 0.01868131868131868 0.029861111111111113
0 0.2434065934065934 0.3336805555555556 0.008791208791208791 0.014583333333333334
0 0.296978021978022 0.4045138888888889 0.28846153846153844 0.36319444444444443
0 0.36840659340659343 0.4965277777777778 0.20384615384615384 0.24583333333333335
0 0.3931318681318681 0.5239583333333333 0.25 0.30069444444444443
0 0.5945054945054945 0.7784722222222222 0.08131868131868132 0.11111111111111112
0 0.6049450549450549 0.7895833333333334 0.04725274725274725 0.05416666666666667
0 0.6010989010989011 0.784375 0.031868131868131866 0.03263888888888889
0 0.5656593406593406 0.721875 0.48406593406593407 0.6118055555555556
0 0.4173076923076923 0.5475694444444444 0.25659340659340657 0.32708333333333334
0 0.44642857142857145 0.5875 0.19175824175824177 0.2625
0 0.3851648351648352 0.5135416666666667 0.45494505494505494 0.5951388888888889
0 0.44175824175824174 0.5840277777777778 0.6824175824175824 0.8666666666666667
0 0.4489010989010989 0.5930555555555556 0.7494505494505495 0.9569444444444445
0 0.46483516483516485 0.6090277777777778 0.7593406593406593 0.9597222222222223
0 0.7736263736263737 1.0 0.38461538461538464 0.46805555555555556
0 0.6420329670329671 0.8388888888888889 0.3412087912087912 0.4152777777777778
