0 0.1585164835164835 0.2215277777777778 0.07417582417582418 0.09861111111111112
0 0.15027472527472527 0.215625 0.02912087912087912 0.043750000000000004
0 0.17884615384615385 0.253125 0.06758241758241758 0.08263888888888889
0 0.43351648351648353 0.5739583333333333 0.4340659340659341 0.5381944444444444
0 0.4247252747252747 0.5555555555555556 0.38571428571428573 0.4861111111111111
0 0.4392857142857143 0.5795138888888889 0.33901098901098903 0.43125
0 0.45164835164835165 0.5951388888888889 0.5439560439560439 0.6763888888888889
0 0.4686813186813187 0.6135416666666667 0.765934065934066 0.9798611111111112
0 0.4673076923076923 0.6173611111111111 0.7489010989010989 0.9444444444444445
0 0.7167582417582418 0.9246527777777778 0.3324175824175824 0.41458333333333336
0 0.725 0.940625 0.12472527472527473 0.17291666666666666
0 0.6837912087912088 0.8899305555555556 0.11703296703296703 0.13958333333333334
0 0.5917582417582418 0.773263888888889 0.15604395604395604 0.21458333333333335
0 0.5516483516483517 0.7239583333333334 0.27362637362637365 0.33125
0 0.5068681318681318 0.6684027777777778 0.25769230769230766 0.3229166666666667
0 0.31675824175824174 0.425 0.4247252747252747 0.5375
0 0.36565934065934064 0.48784722222222227 0.2620879120879121 0.33958333333333335
0 0.26978021978021977 0.3680555555555556 0.4142857142857143 0.5347222222222222
