0 0.3150390625 0.5746527777777778 0.023046875 0.029861111111111113
0 0.26601562500000003 0.4930555555555556 0.009375000000000001 0.025
0 0.2162109375 0.40243055555555557 0.0074218750000000005 0.015972222222222224
0 0.166015625 0.3125 0.15859375 0.2638888888888889
0 0.1599609375 0.3 0.169921875 0.29305555555555557
0 0.15097656250000002 0.2857638888888889 0.052734375 0.08402777777777778
0 0.32539062500000004 0.5947916666666667 0.17109375000000002 0.29097222222222224
0 0.35878906250000003 0.6572916666666667 0.288671875 0.5326388888888889
0 0.3990234375 0.732638888888889 0.207421875 0.3597222222222222
0 0.37578125 0.6885416666666667 0.13359375 0.22013888888888888
0 0.49238281250000004 0.8965277777777778 0.08554687500000001 0.1388888888888889
0 0.4548828125 0.8267361111111111 0.031640625 0.07013888888888889
0 0.526953125 0.9576388888888889 0.0890625 0.1388888888888889
0 0.2955078125 0.5472222222222223 0.523828125 0.9208333333333334
0 0.296484375 0.5434027777777778 0.40234375 0.7020833333333334
0 0.34589843750000004 0.6309027777777778 0.38398437500000004 0.6951388888888889
0 0.4830078125 0.8760416666666667 0.45429687500000004 0.7923611111111112
0 0.4958984375 0.9038194444444445 0.441015625 0.7770833333333333
0 0.5482421875 0.9965277777777778 0.551171875 0.9861111111111112
0 0.544140625 0.9885416666666667 0.5632812500000001 0.9993055555555556
