0 0.14615384615384616 0.21006944444444445 0.15494505494505495 0.21875
0 0.15164835164835164 0.21145833333333333 0.14725274725274726 0.20208333333333334
0 0.12307692307692308 0.1857638888888889 0.06043956043956044 0.08819444444444445
0 0.33379120879120877 0.44756944444444446 0.11483516483516483 0.15486111111111112
0 0.3068681318681319 0.41145833333333337 0.18406593406593408 0.2215277777777778
0 0.28324175824175823 0.3819444444444445 0.23241758241758242 0.31527777777777777
0 0.439010989010989 0.5756944444444445 0.6538461538461539 0.8416666666666667
0 0.46263736263736266 0.6114583333333333 0.6824175824175824 0.8562500000000001
0 0.46373626373626375 0.6149305555555555 0.7538461538461538 0.9659722222222222
0 0.7236263736263736 0.9364583333333334 0.2978021978021978 0.3840277777777778
0 0.718956043956044 0.9354166666666667 0.06868131868131869 0.09861111111111112
0 0.7491758241758242 0.9677083333333334 0.07527472527472527 0.11041666666666668
0 0.606043956043956 0.7940972222222222 0.2230769230769231 0.25069444444444444
0 0.5689560439560439 0.7503472222222223 0.2763736263736264 0.33819444444444446
0 0.492032967032967 0.6472222222222223 0.19395604395604396 0.25972222222222224
0 0.4370879120879121 0.5746527777777778 0.4576923076923077 0.56875
0 0.4585164835164835 0.5986111111111111 0.49945054945054945 0.6180555555555556
0 0.3291208791208791 0.44236111111111115 0.5010989010989011 0.65
