0 0.2598901098901099 0.3496527777777778 0.08241758241758242 0.11319444444444444
0 0.2392857142857143 0.3138888888888889 0.03021978021978022 0.03888888888888889
0 0.24505494505494504 0.3201388888888889 0.016483516483516484 0.019444444444444445
0 0.2098901098901099 0.27395833333333336 0.007692307692307693 0.0076388888888888895
0 0.22637362637362637 0.2954861111111111 0.16813186813186815 0.21458333333333335
0 0.14532967032967034 0.1954861111111111 0.15 0.18125
0 0.12197802197802197 0.1736111111111111 0.13406593406593406 0.15555555555555556
0 0.1184065934065934 0.16875 0.1510989010989011 0.20277777777777778
0 0.12362637362637363 0.17430555555555557 0.03076923076923077 0.04861111111111111
0 0.19945054945054946 0.2611111111111111 0.00989010989010989 0.011111111111111112
0 0.2629120879120879 0.3524305555555556 0.3697802197802198 0.47847222222222224
0 0.34423076923076923 0.44895833333333335 0.21593406593406594 0.27569444444444446
0 0.3934065934065934 0.5125000000000001 0.1813186813186813 0.24166666666666667
0 0.4217032967032967 0.5461805555555556 0.593956043956044 0.7451388888888889
0 0.4247252747252747 0.5482638888888889 0.6065934065934065 0.7659722222222223
0 0.43324175824175826 0.5611111111111111 0.7258241758241758 0.9083333333333333
0 0.4145604395604396 0.5409722222222222 0.6532967032967033 0.8194444444444445
0 0.4604395604395604 0.5979166666666667 0.7593406593406593 0.9694444444444444
0 0.46483516483516485 0.6013888888888889 0.7714285714285715 0.9805555555555556
0 0.5074175824175824 0.6493055555555556 0.7587912087912088 0.9611111111111111
0 0.493956043956044 0.63125 0.7230769230769231 0.913888888888889
0 0.5793956043956044 0.7493055555555556 0.595054945054945 0.7375
0 0.5774725274725274 0.7486111111111111 0.5824175824175825 0.7291666666666667
0 0.5675824175824176 0.7312500000000001 0.5208791208791209 0.6666666666666667
0 0.5887362637362638 0.7607638888888889 0.4269230769230769 0.5243055555555556
0 0.6351648351648351 0.8166666666666667 0.42967032967032964 0.5416666666666667
0 0.6291208791208791 0.8121527777777778 0.4582417582417582 0.56875
0 0.5906593406593407 0.7684027777777778 0.26043956043956046 0.32708333333333334
0 0.6282967032967033 0.8111111111111111 0.40934065934065933 0.5027777777777778
0 0.612912087912088 0.7815972222222223 0.3697802197802198 0.4673611111111111
0 0.6063186813186813 0.78125 0.2368131868131868 0.3013888888888889
0 0.6126373626373627 0.7861111111111111 0.15714285714285714 0.19861111111111113
0 0.6936813186813187 0.8857638888888889 0.2906593406593407 0.36875
0 0.6516483516483517 0.8447916666666667 0.1 0.12430555555555556
0 0.646978021978022 0.8409722222222222 0.10714285714285714 0.13333333333333333
0 0.5162087912087913 0.6670138888888889 0.17197802197802198 0.22569444444444445
0 0.4807692307692308 0.6236111111111111 0.2076923076923077 0.25
0 0.521978021978022 0.6708333333333334 0.06923076923076923 0.08611111111111111
0 0.4403846153846154 0.5753472222222222 0.03791208791208791 0.035416666666666666
0 0.40302197802197803 0.5274305555555556 0.0456043956043956 0.06041666666666667
0 0.37967032967032965 0.4920138888888889 0.29120879120879123 0.3784722222222222
0 0.28406593406593406 0.37118055555555557 0.26263736263736265 0.32430555555555557
0 0.4096153846153846 0.5416666666666667 0.382967032967033 0.4930555555555556
0 0.34697802197802197 0.4607638888888889 0.5521978021978022 0.7020833333333334
