0 0.40906593406593406 0.5340277777777778 0.20934065934065935 0.2555555555555556
0 0.4098901098901099 0.540625 0.256043956043956 0.3215277777777778
0 0.40796703296703296 0.5333333333333333 0.2412087912087912 0.2986111111111111
0 0.44148351648351647 0.5739583333333333 0.03791208791208791 0.035416666666666666
0 0.5384615384615384 0.6958333333333334 0.12087912087912088 0.1513888888888889
0 0.44285714285714284 0.5753472222222222 0.08021978021978023 0.11597222222222223
0 0.6 0.7739583333333334 0.05274725274725275 0.05486111111111111
0 0.36675824175824173 0.4829861111111111 0.5049450549450549 0.6534722222222222
0 0.3618131868131868 0.4746527777777778 0.5005494505494505 0.63125
0 0.36456043956043954 0.47534722222222225 0.2302197802197802 0.28958333333333336
0 0.24010989010989012 0.31909722222222225 0.24175824175824176 0.29375
0 0.2118131868131868 0.2833333333333333 0.2653846153846154 0.3458333333333333
0 0.22939560439560439 0.3038194444444445 0.1478021978021978 0.18541666666666667
0 0.16923076923076924 0.2267361111111111 0.016483516483516484 0.013194444444444444
0 0.12912087912087913 0.1795138888888889 0.00989010989010989 0.015972222222222224
0 0.4478021978021978 0.5833333333333334 0.7351648351648352 0.9416666666666667
0 0.5313186813186813 0.6961805555555556 0.7681318681318682 0.9743055555555556
0 0.4337912087912088 0.5652777777777778 0.5269230769230769 0.6597222222222222
0 0.439010989010989 0.5722222222222223 0.5263736263736264 0.6638888888888889
0 0.5678571428571428 0.7291666666666667 0.6038461538461538 0.7583333333333334
0 0.6664835164835164 0.8586805555555556 0.14175824175824175 0.17152777777777778
0 0.6873626373626374 0.8822916666666667 0.16813186813186815 0.2076388888888889
0 0.7373626373626374 0.9517361111111111 0.2549450549450549 0.32569444444444445
