0 0.1815934065934066 0.2555555555555556 0.09395604395604396 0.1125
0 0.1758241758241758 0.24444444444444446 0.001098901098901099 0.006944444444444445
0 0.18269230769230768 0.25243055555555555 0.10604395604395604 0.15347222222222223
0 0.32335164835164837 0.4340277777777778 0.3302197802197802 0.43333333333333335
0 0.3686813186813187 0.4847222222222222 0.34835164835164834 0.4361111111111111
0 0.41318681318681316 0.5427083333333333 0.2923076923076923 0.3784722222222222
0 0.5079670329670329 0.6607638888888889 0.6368131868131868 0.7881944444444444
0 0.43241758241758244 0.5690972222222223 0.7384615384615385 0.9479166666666667
0 0.529945054945055 0.6916666666666667 0.760989010989011 0.9416666666666667
0 0.7401098901098901 0.9565972222222222 0.36923076923076925 0.4451388888888889
0 0.7425824175824176 0.9583333333333334 0.35 0.425
0 0.6351648351648351 0.8215277777777779 0.1967032967032967 0.2388888888888889
0 0.4837912087912088 0.6357638888888889 0.2642857142857143 0.3479166666666667
0 0.5343406593406593 0.701388888888889 0.28516483516483515 0.3513888888888889
0 0.5840659340659341 0.7642361111111111 0.17252747252747253 0.20069444444444445
0 0.39175824175824175 0.5190972222222222 0.4153846153846154 0.5423611111111112
0 0.39807692307692305 0.5281250000000001 0.31373626373626373 0.4048611111111111
0 0.2857142857142857 0.38333333333333336 0.45494505494505494 0.5930555555555556
