0 0.21510989010989012 0.2954861111111111 0.1554945054945055 0.19930555555555557
0 0.17445054945054944 0.24479166666666669 0.004945054945054945 0.01875
0 0.22692307692307692 0.31145833333333334 0.14175824175824175 0.18125
0 0.33489010989010987 0.45 0.28736263736263734 0.35000000000000003
0 0.40686813186813187 0.5368055555555555 0.3697802197802198 0.48194444444444445
0 0.4458791208791209 0.5819444444444445 0.3730769230769231 0.4791666666666667
0 0.45686813186813185 0.5965277777777778 0.6983516483516483 0.9013888888888889
0 0.41785714285714287 0.5493055555555556 0.6225274725274725 0.7666666666666667
0 0.41483516483516486 0.5444444444444445 0.6087912087912087 0.7541666666666667
0 0.628021978021978 0.8159722222222222 0.2153846153846154 0.25277777777777777
0 0.7184065934065934 0.9284722222222223 0.39725274725274723 0.4902777777777778
0 0.739010989010989 0.9565972222222222 0.15054945054945054 0.21041666666666667
0 0.5857142857142857 0.7663194444444444 0.14725274725274726 0.19375
0 0.579945054945055 0.7604166666666667 0.1576923076923077 0.19861111111111113
0 0.5131868131868131 0.6756944444444445 0.02967032967032967 0.02361111111111111
0 0.39615384615384613 0.5239583333333333 0.41318681318681316 0.50625
0 0.3975274725274725 0.5270833333333333 0.4401098901098901 0.5416666666666667
0 0.2664835164835165 0.3611111111111111 0.4197802197802198 0.5527777777777778
