0 0.17142857142857143 0.24375000000000002 0.07142857142857142 0.08333333333333334
0 0.17527472527472526 0.24548611111111113 0.041758241758241756 0.04097222222222222
0 0.21703296703296704 0.3041666666666667 0.13076923076923078 0.17222222222222222
0 0.4153846153846154 0.546875 0.37362637362637363 0.4743055555555556
0 0.38159340659340657 0.5065972222222223 0.4115384615384615 0.5284722222222222
0 0.31895604395604393 0.4322916666666667 0.28186813186813187 0.36319444444444443
0 0.5554945054945055 0.7284722222222223 0.6318681318681318 0.8055555555555556
0 0.5024725274725275 0.6614583333333334 0.739010989010989 0.9298611111111111
0 0.45604395604395603 0.6006944444444444 0.7384615384615385 0.9263888888888889
0 0.6269230769230769 0.8190972222222223 0.3076923076923077 0.3979166666666667
0 0.7571428571428571 0.9840277777777778 0.22527472527472528 0.29444444444444445
0 0.7502747252747253 0.96875 0.3445054945054945 0.425
0 0.5975274725274725 0.7861111111111111 0.1576923076923077 0.20972222222222223
0 0.5453296703296703 0.7184027777777778 0.2796703296703297 0.34097222222222223
0 0.4703296703296703 0.6222222222222222 0.054945054945054944 0.08194444444444444
0 0.3557692307692308 0.478125 0.24010989010989012 0.3104166666666667
0 0.35 0.46979166666666666 0.3153846153846154 0.37569444444444444
0 0.39285714285714285 0.5215277777777778 0.46483516483516485 0.5736111111111112
