0 0.3304945054945055 0.4451388888888889 0.42032967032967034 0.5513888888888889
0 0.439010989010989 0.5847222222222223 0.27802197802197803 0.3611111111111111
0 0.4032967032967033 0.5371527777777778 0.2175824175824176 0.2743055555555556
0 0.24862637362637363 0.3392361111111111 0.015934065934065933 0.03263888888888889
0 0.22472527472527473 0.30833333333333335 0.03956043956043956 0.05555555555555556
0 0.21620879120879122 0.29305555555555557 0.10714285714285714 0.15
0 0.5997252747252747 0.784375 0.11373626373626373 0.13125
0 0.603021978021978 0.7885416666666667 0.13901098901098902 0.17708333333333334
0 0.5912087912087912 0.7753472222222223 0.14615384615384616 0.1840277777777778
0 0.41593406593406596 0.5479166666666667 0.25384615384615383 0.3236111111111111
0 0.4472527472527473 0.5864583333333333 0.1934065934065934 0.2604166666666667
0 0.37362637362637363 0.4986111111111111 0.4010989010989011 0.48750000000000004
0 0.4467032967032967 0.5895833333333333 0.7516483516483516 0.9694444444444444
0 0.7381868131868132 0.960763888888889 0.2489010989010989 0.3201388888888889
0 0.4409340659340659 0.5857638888888889 0.7247252747252747 0.9118055555555555
