0 0.1541015625 0.2982638888888889 0.122265625 0.22569444444444445
0 0.189453125 0.3652777777777778 0.19765625 0.3527777777777778
0 0.181640625 0.34826388888888893 0.01640625 0.011805555555555555
0 0.3349609375 0.6142361111111111 0.255859375 0.43680555555555556
0 0.30703125000000003 0.5666666666666667 0.25078125 0.46805555555555556
0 0.30546875 0.5625 0.2578125 0.48055555555555557
0 0.33359375 0.6170138888888889 0.240625 0.44930555555555557
0 0.31582031250000003 0.5854166666666667 0.209765625 0.3875
0 0.2732421875 0.5076388888888889 0.28164062500000003 0.4861111111111111
0 0.4814453125 0.882638888888889 0.041796875000000004 0.0638888888888889
0 0.48750000000000004 0.89375 0.1375 0.23750000000000002
0 0.4951171875 0.9020833333333333 0.125390625 0.2111111111111111
0 0.43046875 0.7895833333333334 0.53828125 0.9388888888888889
0 0.5345703125 0.9760416666666667 0.207421875 0.35347222222222224
