0 0.22472527472527473 0.30173611111111115 0.25934065934065936 0.3201388888888889
0 0.2164835164835165 0.29131944444444446 0.14505494505494507 0.17430555555555557
0 0.16648351648351647 0.22743055555555555 0.03076923076923077 0.03125
0 0.34835164835164834 0.45763888888888893 0.22747252747252747 0.3041666666666667
0 0.37445054945054945 0.48888888888888893 0.260989010989011 0.3138888888888889
0 0.5431318681318681 0.7052083333333333 0.5840659340659341 0.7381944444444445
0 0.5912087912087912 0.7663194444444444 0.6120879120879121 0.7659722222222223
0 0.44560439560439563 0.5795138888888889 0.5142857142857142 0.6326388888888889
0 0.435989010989011 0.5704861111111111 0.3510989010989011 0.4548611111111111
0 0.3008241758241758 0.3940972222222222 0.3851648351648352 0.4881944444444445
0 0.4195054945054945 0.5454861111111111 0.4137362637362637 0.5118055555555556
0 0.5629120879120879 0.7274305555555556 0.19065934065934065 0.22847222222222224
0 0.5211538461538462 0.6795138888888889 0.128021978021978 0.15763888888888888
0 0.41923076923076924 0.546875 0.045054945054945054 0.04930555555555556
0 0.6766483516483517 0.8739583333333334 0.1445054945054945 0.1840277777777778
0 0.6288461538461538 0.8100694444444445 0.13681318681318683 0.16041666666666668
0 0.612912087912088 0.7902777777777779 0.22582417582417583 0.29444444444444445
0 0.643956043956044 0.8253472222222222 0.17692307692307693 0.2326388888888889
0 0.7085164835164836 0.9083333333333333 0.1565934065934066 0.19583333333333333
0 0.4431318681318681 0.5770833333333334 0.18076923076923077 0.23194444444444445
