0 0.41785714285714287 0.5423611111111112 0.260989010989011 0.32916666666666666
0 0.25576923076923075 0.3375 0.3302197802197802 0.42638888888888893
0 0.2813186813186813 0.37222222222222223 0.15604395604395604 0.20972222222222223
0 0.31675824175824174 0.4222222222222222 0.08516483516483517 0.10138888888888889
0 0.19532967032967033 0.26145833333333335 0.2653846153846154 0.34375
0 0.25467032967032965 0.33958333333333335 0.010439560439560439 0.02777777777777778
0 0.23296703296703297 0.3076388888888889 0.14945054945054945 0.18611111111111112
0 0.11565934065934066 0.16354166666666667 0.0543956043956044 0.06736111111111111
0 0.22362637362637364 0.29305555555555557 0.24725274725274726 0.30833333333333335
0 0.4552197802197802 0.6003472222222223 0.48516483516483516 0.6020833333333333
0 0.45494505494505494 0.5923611111111111 0.5208791208791209 0.6680555555555556
0 0.43214285714285716 0.5690972222222223 0.573076923076923 0.7131944444444445
0 0.42527472527472526 0.5513888888888889 0.5912087912087912 0.7444444444444445
0 0.521978021978022 0.6815972222222223 0.7681318681318682 0.9756944444444445
0 0.743956043956044 0.9552083333333333 0.3032967032967033 0.3784722222222222
0 0.6296703296703297 0.8097222222222222 0.13516483516483516 0.16527777777777777
0 0.6480769230769231 0.8333333333333334 0.1434065934065934 0.19166666666666668
0 0.6802197802197802 0.8743055555555556 0.16813186813186815 0.20277777777777778
0 0.682967032967033 0.8798611111111111 0.17252747252747253 0.2125
0 0.5923076923076923 0.7649305555555556 0.007692307692307693 0.015972222222222224
0 0.4620879120879121 0.6020833333333333 0.07142857142857142 0.075
0 0.44505494505494503 0.5802083333333333 0.07692307692307693 0.10347222222222223
0 0.4565934065934066 0.592013888888889 0.1912087912087912 0.2534722222222222
0 0.3574175824175824 0.46944444444444444 0.5313186813186813 0.6736111111111112
0 0.3942307692307692 0.5135416666666667 0.5214285714285715 0.6576388888888889
0 0.2813186813186813 0.375 0.4340659340659341 0.5652777777777778
