0 0.20527343750000002 0.3947916666666667 0.005859375 0.011805555555555555
0 0.18476562500000002 0.3548611111111111 0.1796875 0.34444444444444444
0 0.2412109375 0.45 0.115234375 0.225
0 0.35781250000000003 0.6565972222222223 0.26171875 0.4479166666666667
0 0.330078125 0.607638888888889 0.24140625000000002 0.43472222222222223
0 0.2900390625 0.5357638888888889 0.237109375 0.42847222222222225
0 0.3298828125 0.6086805555555556 0.353515625 0.6131944444444445
0 0.28828125 0.5364583333333334 0.4078125 0.7298611111111112
0 0.2599609375 0.4881944444444445 0.38320312500000003 0.6986111111111112
0 0.39921875 0.734375 0.046875 0.1076388888888889
0 0.4763671875 0.8739583333333334 0.066796875 0.12986111111111112
0 0.46503906250000004 0.8559027777777778 0.080078125 0.13819444444444445
0 0.54140625 0.9871527777777778 0.21406250000000002 0.36875
