0 0.1546875 0.296875 0.1421875 0.24930555555555556
0 0.1693359375 0.31736111111111115 0.22382812500000002 0.3805555555555556
0 0.212890625 0.3979166666666667 0.08046875 0.1638888888888889
0 0.2908203125 0.5416666666666667 0.062109375 0.12222222222222223
0 0.28652343750000003 0.5326388888888889 0.07695312500000001 0.15
0 0.294140625 0.5454861111111111 0.09921875000000001 0.16041666666666668
0 0.2951171875 0.5513888888888889 0.18476562500000002 0.33611111111111114
0 0.30097656250000004 0.5579861111111112 0.169921875 0.2951388888888889
0 0.3564453125 0.6520833333333333 0.25820312500000003 0.4777777777777778
0 0.4556640625 0.8288194444444444 0.027734375000000002 0.06736111111111111
0 0.4732421875 0.8614583333333333 0.028515625000000003 0.03680555555555556
0 0.533203125 0.9701388888888889 0.0390625 0.09305555555555556
0 0.4501953125 0.8190972222222223 0.246484375 0.4173611111111111
0 0.393359375 0.7211805555555556 0.35390625000000003 0.6090277777777778
0 0.3677734375 0.6770833333333334 0.311328125 0.5777777777777778
0 0.2921875 0.5371527777777778 0.45937500000000003 0.7993055555555556
0 0.2603515625 0.4822916666666667 0.44960937500000003 0.81875
0 0.2353515625 0.4395833333333333 0.38007812500000004 0.6666666666666667
0 0.42402343750000004 0.7708333333333334 0.5457031250000001 0.9680555555555556
0 0.4734375 0.8614583333333333 0.48750000000000004 0.8479166666666667
