0 0.453021978021978 0.5916666666666667 0.06648351648351648 0.09861111111111112
0 0.564010989010989 0.7291666666666667 0.014835164835164835 0.02361111111111111
0 0.5598901098901099 0.7215277777777778 0.0967032967032967 0.11388888888888889
0 0.5483516483516484 0.7076388888888889 0.09230769230769231 0.11527777777777778
0 0.6673076923076923 0.8562500000000001 0.1467032967032967 0.1875
0 0.6293956043956044 0.8093750000000001 0.13021978021978023 0.16736111111111113
0 0.610989010989011 0.7895833333333334 0.18571428571428572 0.22222222222222224
0 0.6401098901098901 0.8232638888888889 0.15164835164835164 0.1951388888888889
0 0.6574175824175824 0.8447916666666667 0.27197802197802196 0.3340277777777778
0 0.37554945054945055 0.49444444444444446 0.48846153846153845 0.6138888888888889
0 0.3739010989010989 0.4864583333333333 0.5049450549450549 0.6298611111111111
0 0.30631868131868134 0.40034722222222224 0.41703296703296705 0.5354166666666667
0 0.20934065934065935 0.2777777777777778 0.17802197802197803 0.2138888888888889
0 0.24065934065934066 0.31493055555555555 0.13296703296703297 0.1701388888888889
0 0.22225274725274724 0.29131944444444446 0.2489010989010989 0.31319444444444444
0 0.1151098901098901 0.16319444444444445 0.09395604395604396 0.12638888888888888
0 0.15906593406593406 0.2152777777777778 0.2456043956043956 0.3236111111111111
0 0.389010989010989 0.5038194444444445 0.2230769230769231 0.2798611111111111
0 0.31373626373626373 0.41284722222222225 0.22747252747252747 0.2923611111111111
0 0.3637362637362637 0.4763888888888889 0.38461538461538464 0.5027777777777778
0 0.2664835164835165 0.34618055555555555 0.1758241758241758 0.22430555555555556
0 0.4543956043956044 0.5906250000000001 0.7417582417582418 0.9520833333333334
0 0.4804945054945055 0.6274305555555556 0.6532967032967033 0.83125
0 0.4771978021978022 0.6152777777777778 0.6730769230769231 0.8486111111111111
0 0.4989010989010989 0.6392361111111111 0.6923076923076923 0.8784722222222222
0 0.5384615384615384 0.7027777777777778 0.46593406593406594 0.6
0 0.5648351648351648 0.7291666666666667 0.4912087912087912 0.6277777777777778
0 0.5008241758241758 0.6458333333333334 0.4686813186813187 0.5833333333333334
