0 0.17142857142857143 0.23194444444444445 0.08461538461538462 0.11111111111111112
0 0.14725274725274726 0.20868055555555556 0.17362637362637362 0.20347222222222222
0 0.2521978021978022 0.33645833333333336 0.031868131868131866 0.05486111111111111
0 0.24505494505494504 0.3197916666666667 0.01868131868131868 0.02013888888888889
0 0.20906593406593407 0.2732638888888889 0.00934065934065934 0.009027777777777779
0 0.12554945054945055 0.16979166666666667 0.10274725274725274 0.13819444444444445
0 0.26785714285714285 0.3576388888888889 0.1697802197802198 0.2
0 0.41510989010989013 0.5395833333333333 0.28406593406593406 0.3625
0 0.36675824175824173 0.47881944444444446 0.4664835164835165 0.5784722222222223
0 0.5019230769230769 0.6548611111111111 0.4928571428571429 0.6180555555555556
0 0.4582417582417582 0.5951388888888889 0.5087912087912088 0.6263888888888889
0 0.48956043956043954 0.6361111111111112 0.643956043956044 0.8125
0 0.41620879120879123 0.5395833333333333 0.6565934065934066 0.8361111111111111
0 0.4195054945054945 0.5437500000000001 0.6730769230769231 0.8583333333333334
0 0.41813186813186815 0.5402777777777777 0.6164835164835165 0.7819444444444444
0 0.4442307692307692 0.5767361111111111 0.7401098901098901 0.9479166666666667
0 0.4945054945054945 0.6402777777777778 0.789010989010989 0.9958333333333333
0 0.5434065934065934 0.6996527777777778 0.5956043956043956 0.74375
0 0.6346153846153846 0.8149305555555556 0.43626373626373627 0.5548611111111111
0 0.578021978021978 0.7489583333333334 0.22087912087912087 0.26458333333333334
0 0.6387362637362637 0.8295138888888889 0.2423076923076923 0.30347222222222225
0 0.7321428571428571 0.9375 0.3346153846153846 0.41944444444444445
0 0.6662087912087912 0.8607638888888889 0.11043956043956044 0.13680555555555557
0 0.631043956043956 0.8138888888888889 0.11593406593406594 0.14722222222222223
0 0.6027472527472527 0.7739583333333334 0.1978021978021978 0.2590277777777778
0 0.615934065934066 0.7892361111111111 0.15714285714285714 0.19930555555555557
0 0.6714285714285714 0.8690972222222223 0.11648351648351649 0.14652777777777778
0 0.673901098901099 0.8631944444444445 0.15219780219780218 0.1875
0 0.6673076923076923 0.8517361111111111 0.38076923076923075 0.47847222222222224
0 0.5739010989010989 0.7447916666666667 0.09505494505494505 0.11736111111111111
0 0.5244505494505495 0.6767361111111111 0.09725274725274725 0.12430555555555556
0 0.4796703296703297 0.6239583333333334 0.16263736263736264 0.20069444444444445
0 0.4760989010989011 0.6197916666666667 0.17417582417582417 0.22013888888888888
0 0.40164835164835166 0.5243055555555556 0.04725274725274725 0.05
0 0.34203296703296704 0.4510416666666667 0.5181318681318682 0.6465277777777778
0 0.3799450549450549 0.4920138888888889 0.2917582417582418 0.3770833333333333
0 0.2598901098901099 0.340625 0.3142857142857143 0.3909722222222222
0 0.35 0.4569444444444445 0.2175824175824176 0.2763888888888889
0 0.39972527472527475 0.5236111111111111 0.30934065934065935 0.4041666666666667
