0 0.2887362637362637 0.3909722222222222 0.08846153846153847 0.09444444444444444
0 0.24945054945054945 0.340625 0.07472527472527472 0.08402777777777778
0 0.19395604395604396 0.2673611111111111 0.14725274725274726 0.19305555555555556
0 0.4337912087912088 0.5722222222222223 0.37857142857142856 0.45555555555555555
0 0.4304945054945055 0.5631944444444444 0.32252747252747255 0.3944444444444445
0 0.37362637362637363 0.4920138888888889 0.24505494505494504 0.31180555555555556
0 0.40796703296703296 0.5388888888888889 0.6631868131868132 0.8527777777777779
0 0.4697802197802198 0.6149305555555555 0.7835164835164835 0.9798611111111112
0 0.5173076923076924 0.6791666666666667 0.7664835164835165 0.9750000000000001
0 0.6406593406593406 0.8322916666666667 0.37252747252747254 0.48958333333333337
0 0.6914835164835165 0.8934027777777778 0.41813186813186815 0.5173611111111112
0 0.7285714285714285 0.9423611111111111 0.36043956043956044 0.44027777777777777
0 0.46291208791208793 0.6118055555555556 0.13131868131868132 0.18888888888888888
0 0.4368131868131868 0.576388888888889 0.0956043956043956 0.09722222222222222
0 0.5769230769230769 0.7545138888888889 0.14835164835164835 0.16597222222222222
0 0.35302197802197804 0.4708333333333333 0.4950549450549451 0.6111111111111112
0 0.34395604395604396 0.4604166666666667 0.5010989010989011 0.6416666666666667
0 0.33791208791208793 0.4517361111111111 0.5065934065934066 0.65625
