0 0.1554945054945055 0.21805555555555556 0.06043956043956044 0.06944444444444445
0 0.14752747252747253 0.21319444444444446 0.014835164835164835 0.015277777777777779
0 0.1686813186813187 0.23541666666666666 0.00989010989010989 0.008333333333333333
0 0.3343406593406593 0.4434027777777778 0.3181318681318681 0.41458333333333336
0 0.425 0.55625 0.3851648351648352 0.48333333333333334
0 0.4736263736263736 0.6236111111111111 0.33186813186813185 0.40972222222222227
0 0.42032967032967034 0.553125 0.7186813186813187 0.9173611111111112
0 0.4532967032967033 0.5927083333333334 0.7461538461538462 0.9520833333333334
0 0.4585164835164835 0.5989583333333334 0.7631868131868131 0.9631944444444445
0 0.6552197802197802 0.8517361111111111 0.3873626373626374 0.5006944444444444
0 0.6436813186813187 0.8322916666666667 0.3456043956043956 0.4451388888888889
0 0.7453296703296703 0.9704861111111112 0.3159340659340659 0.3979166666666667
0 0.5236263736263737 0.6871527777777778 0.26263736263736265 0.3423611111111111
0 0.5074175824175824 0.6690972222222222 0.2653846153846154 0.3423611111111111
0 0.4631868131868132 0.6104166666666667 0.20549450549450549 0.2763888888888889
0 0.33763736263736266 0.45381944444444444 0.2412087912087912 0.31736111111111115
0 0.31153846153846154 0.4201388888888889 0.321978021978022 0.4083333333333333
0 0.2642857142857143 0.36215277777777777 0.3967032967032967 0.5034722222222222
