0 0.4445054945054945 0.5795138888888889 0.6131868131868132 0.7604166666666667
0 0.4206043956043956 0.5545138888888889 0.6675824175824175 0.8479166666666667
0 0.44505494505494503 0.5847222222222223 0.5516483516483517 0.6916666666666667
0 0.5769230769230769 0.7510416666666667 0.701098901098901 0.8701388888888889
0 0.29093406593406596 0.390625 0.08626373626373626 0.11458333333333334
0 0.29917582417582417 0.39687500000000003 0.23241758241758242 0.30625
0 0.26456043956043956 0.3496527777777778 0.36648351648351646 0.46875
0 0.3032967032967033 0.3944444444444445 0.421978021978022 0.525
0 0.2291208791208791 0.3072916666666667 0.06923076923076923 0.10486111111111111
0 0.2337912087912088 0.309375 0.13241758241758242 0.17430555555555557
0 0.25054945054945055 0.33333333333333337 0.2164835164835165 0.28055555555555556
0 0.1489010989010989 0.20729166666666668 0.25054945054945055 0.31180555555555556
0 0.2892857142857143 0.38472222222222224 0.4521978021978022 0.5791666666666667
0 0.3414835164835165 0.4513888888888889 0.528021978021978 0.6680555555555556
0 0.4115384615384615 0.5364583333333334 0.5032967032967033 0.6340277777777779
0 0.5604395604395604 0.728125 0.1967032967032967 0.2520833333333333
0 0.5807692307692308 0.7479166666666667 0.13956043956043956 0.1625
0 0.41923076923076924 0.5458333333333334 0.02857142857142857 0.03194444444444445
0 0.5057692307692307 0.659375 0.015934065934065933 0.004861111111111111
0 0.4793956043956044 0.6190972222222223 0.11483516483516483 0.1423611111111111
0 0.6854395604395604 0.8805555555555555 0.17087912087912088 0.20416666666666666
0 0.7442307692307693 0.9552083333333333 0.31373626373626373 0.3854166666666667
0 0.6291208791208791 0.8104166666666667 0.13626373626373625 0.16666666666666669
0 0.6104395604395605 0.7854166666666667 0.17032967032967034 0.22361111111111112
0 0.1793956043956044 0.23784722222222224 0.26868131868131867 0.33125
0 0.653021978021978 0.8406250000000001 0.1445054945054945 0.17569444444444446
0 0.4315934065934066 0.5604166666666667 0.5708791208791208 0.7277777777777779
0 0.5582417582417583 0.7211805555555556 0.07692307692307693 0.10208333333333333
0 0.43021978021978025 0.5541666666666667 0.6010989010989011 0.7597222222222223
