0 0.16758241758241757 0.23194444444444445 0.023076923076923078 0.015277777777777779
0 0.15494505494505495 0.2215277777777778 0.010989010989010988 0.016666666666666666
0 0.3203296703296703 0.42847222222222225 0.22087912087912087 0.2569444444444445
0 0.1585164835164835 0.22430555555555556 0.05549450549450549 0.08750000000000001
0 0.3392857142857143 0.4482638888888889 0.3313186813186813 0.4340277777777778
0 0.43434065934065935 0.5680555555555555 0.3423076923076923 0.4416666666666667
0 0.5167582417582418 0.6767361111111111 0.5236263736263737 0.6784722222222223
0 0.4175824175824176 0.5534722222222223 0.676923076923077 0.8541666666666667
0 0.4282967032967033 0.5631944444444444 0.6972527472527472 0.8722222222222222
0 0.6436813186813187 0.8388888888888889 0.23901098901098902 0.2833333333333333
0 0.6266483516483516 0.8159722222222222 0.19945054945054946 0.23194444444444445
0 0.7046703296703297 0.9107638888888889 0.11593406593406594 0.15069444444444444
0 0.5818681318681319 0.7628472222222222 0.11868131868131868 0.14375000000000002
0 0.5447802197802197 0.7138888888888889 0.11923076923076924 0.13194444444444445
0 0.489010989010989 0.6447916666666667 0.2802197802197802 0.36041666666666666
0 0.2706043956043956 0.36319444444444443 0.29395604395604397 0.35833333333333334
0 0.3802197802197802 0.5072916666666667 0.48021978021978023 0.5951388888888889
0 0.31785714285714284 0.42847222222222225 0.5082417582417582 0.6444444444444445
