0 0.19642857142857142 0.2725694444444445 0.053296703296703295 0.08541666666666667
0 0.21675824175824177 0.29930555555555555 0.09725274725274725 0.13055555555555556
0 0.22884615384615384 0.3142361111111111 0.11813186813186813 0.15347222222222223
0 0.36648351648351646 0.49270833333333336 0.24725274725274726 0.32708333333333334
0 0.4458791208791209 0.5899305555555556 0.23351648351648352 0.3201388888888889
0 0.4002747252747253 0.529513888888889 0.2368131868131868 0.3090277777777778
0 0.4236263736263736 0.5638888888888889 0.45054945054945056 0.5458333333333334
0 0.3162087912087912 0.4239583333333333 0.2620879120879121 0.33125
0 0.3211538461538462 0.42986111111111114 0.3631868131868132 0.4708333333333333
0 0.5689560439560439 0.7440972222222223 0.18406593406593408 0.2576388888888889
0 0.5673076923076923 0.7458333333333333 0.11373626373626373 0.15555555555555556
0 0.6071428571428571 0.7947916666666667 0.12197802197802197 0.12847222222222224
0 0.7535714285714286 0.9746527777777778 0.19945054945054946 0.2604166666666667
0 0.7623626373626373 0.9881944444444445 0.21923076923076923 0.29583333333333334
0 0.6516483516483517 0.8458333333333333 0.29010989010989013 0.35000000000000003
0 0.5403846153846154 0.7083333333333334 0.5664835164835165 0.7180555555555556
0 0.43873626373626373 0.5798611111111112 0.6994505494505494 0.9027777777777778
