0 0.17252747252747253 0.24340277777777777 0.06813186813186813 0.08263888888888889
0 0.16950549450549451 0.23750000000000002 0.02912087912087912 0.05
0 0.28598901098901097 0.3871527777777778 0.043406593406593405 0.035416666666666666
0 0.3956043956043956 0.5277777777777778 0.16043956043956045 0.18611111111111112
0 0.3618131868131868 0.478125 0.23241758241758242 0.28125
0 0.4164835164835165 0.5475694444444444 0.3769230769230769 0.4756944444444445
0 0.4950549450549451 0.6475694444444444 0.7472527472527473 0.9298611111111111
0 0.4513736263736264 0.5958333333333333 0.7291208791208791 0.9305555555555556
0 0.45384615384615384 0.5993055555555555 0.7714285714285715 0.9847222222222223
0 0.7549450549450549 0.9822916666666667 0.30439560439560437 0.3784722222222222
0 0.6291208791208791 0.8208333333333334 0.3098901098901099 0.4083333333333333
0 0.7285714285714285 0.9388888888888889 0.2043956043956044 0.26944444444444443
0 0.5903846153846154 0.7739583333333334 0.17637362637362639 0.22013888888888888
0 0.5340659340659341 0.7041666666666667 0.2802197802197802 0.34861111111111115
0 0.5126373626373626 0.6763888888888889 0.2835164835164835 0.3597222222222222
0 0.3717032967032967 0.4996527777777778 0.33791208791208793 0.43680555555555556
0 0.37884615384615383 0.5052083333333334 0.4807692307692308 0.5923611111111111
0 0.2815934065934066 0.37986111111111115 0.3038461538461538 0.4041666666666667
