0 0.16126373626373627 0.22708333333333333 0.036813186813186814 0.029166666666666667
0 0.21071428571428572 0.290625 0.1346153846153846 0.16597222222222222
0 0.160989010989011 0.22708333333333333 0.09230769230769231 0.13055555555555556
0 0.3923076923076923 0.5190972222222222 0.3395604395604396 0.4354166666666667
0 0.42417582417582417 0.5555555555555556 0.38461538461538464 0.48055555555555557
0 0.4736263736263736 0.6260416666666667 0.2846153846153846 0.36180555555555555
0 0.43021978021978025 0.5670138888888889 0.5714285714285714 0.7076388888888889
0 0.4620879120879121 0.6062500000000001 0.7230769230769231 0.9222222222222223
0 0.4541208791208791 0.5982638888888889 0.7302197802197802 0.920138888888889
0 0.6706043956043956 0.875 0.40604395604395604 0.5152777777777778
0 0.6318681318681318 0.81875 0.32967032967032966 0.42083333333333334
0 0.6535714285714286 0.8517361111111111 0.1489010989010989 0.1951388888888889
0 0.5964285714285714 0.7802083333333334 0.08406593406593407 0.11319444444444444
0 0.5942307692307692 0.7781250000000001 0.10384615384615385 0.13958333333333334
0 0.564010989010989 0.7385416666666667 0.25769230769230766 0.30625
0 0.35906593406593407 0.48125 0.5093406593406593 0.6430555555555556
0 0.32362637362637364 0.43020833333333336 0.4967032967032967 0.6145833333333334
0 0.3195054945054945 0.43125 0.5049450549450549 0.6416666666666667
