0 0.17445054945054944 0.23680555555555557 0.04010989010989011 0.06527777777777778
0 0.1346153846153846 0.184375 0.18461538461538463 0.24375000000000002
0 0.15 0.20555555555555557 0.11428571428571428 0.14166666666666666
0 0.13653846153846153 0.18784722222222222 0.023626373626373626 0.04236111111111111
0 0.4085164835164835 0.5333333333333333 0.35 0.4430555555555556
0 0.48296703296703297 0.6267361111111112 0.6032967032967033 0.7631944444444445
0 0.43873626373626373 0.5697916666666667 0.7115384615384616 0.9006944444444445
0 0.4431318681318681 0.5736111111111112 0.717032967032967 0.9055555555555556
0 0.4947802197802198 0.6378472222222222 0.7796703296703297 0.99375
0 0.5406593406593406 0.6989583333333333 0.6120879120879121 0.7673611111111112
0 0.5211538461538462 0.6722222222222223 0.5324175824175824 0.6666666666666667
0 0.5826923076923077 0.75 0.606043956043956 0.7722222222222223
0 0.4126373626373626 0.5354166666666667 0.6637362637362637 0.8319444444444445
0 0.4104395604395604 0.529513888888889 0.656043956043956 0.8243055555555556
0 0.4543956043956044 0.5868055555555556 0.7791208791208791 0.976388888888889
0 0.639010989010989 0.8260416666666667 0.23626373626373626 0.28958333333333336
0 0.682967032967033 0.8802083333333334 0.4197802197802198 0.5256944444444445
0 0.7008241758241758 0.9059027777777778 0.41813186813186815 0.5201388888888889
0 0.6645604395604395 0.857638888888889 0.439010989010989 0.5486111111111112
0 0.5857142857142857 0.7541666666666667 0.37252747252747254 0.46944444444444444
0 0.5706043956043956 0.7333333333333334 0.36428571428571427 0.4513888888888889
0 0.5703296703296703 0.7322916666666667 0.2725274725274725 0.34097222222222223
0 0.6304945054945055 0.8083333333333333 0.38846153846153847 0.49583333333333335
0 0.6648351648351648 0.8579861111111111 0.2021978021978022 0.2604166666666667
0 0.639010989010989 0.8194444444444445 0.16703296703296702 0.2111111111111111
0 0.6274725274725275 0.8034722222222223 0.18571428571428572 0.22916666666666669
0 0.4912087912087912 0.6361111111111112 0.11538461538461539 0.15972222222222224
0 0.5112637362637362 0.6614583333333334 0.09835164835164835 0.1076388888888889
0 0.4096153846153846 0.5354166666666667 0.09505494505494505 0.11944444444444445
0 0.44065934065934065 0.5711805555555556 0.18021978021978022 0.23125
0 0.35137362637362635 0.4618055555555556 0.42032967032967034 0.5472222222222223
0 0.3543956043956044 0.45972222222222225 0.25054945054945055 0.3263888888888889
0 0.4096153846153846 0.5402777777777777 0.3620879120879121 0.45972222222222225
0 0.3181318681318681 0.41458333333333336 0.26373626373626374 0.33055555555555555
