0 0.2348901098901099 0.30694444444444446 0.1346153846153846 0.17500000000000002
0 0.11318681318681319 0.1607638888888889 0.05054945054945055 0.07013888888888889
0 0.15796703296703296 0.21319444444444446 0.21703296703296704 0.2763888888888889
0 0.16565934065934065 0.225 0.2489010989010989 0.325
0 0.22747252747252747 0.3027777777777778 0.25274725274725274 0.33055555555555555
0 0.36923076923076925 0.4826388888888889 0.22747252747252747 0.2986111111111111
0 0.29285714285714287 0.3888888888888889 0.42637362637362636 0.5236111111111111
0 0.2502747252747253 0.33125 0.1620879120879121 0.20555555555555557
0 0.32774725274725275 0.42638888888888893 0.428021978021978 0.5430555555555556
0 0.48296703296703297 0.6267361111111112 0.46483516483516485 0.5729166666666667
0 0.5887362637362638 0.7652777777777778 0.6038461538461538 0.775
0 0.529945054945055 0.69375 0.7587912087912088 0.9583333333333334
0 0.5884615384615385 0.7611111111111112 0.13626373626373625 0.15694444444444444
0 0.5975274725274725 0.7722222222222223 0.04010989010989011 0.04861111111111111
0 0.5379120879120879 0.6993055555555556 0.16373626373626374 0.19722222222222224
0 0.44642857142857145 0.5791666666666667 0.17637362637362639 0.23055555555555557
0 0.7423076923076923 0.9538194444444444 0.32857142857142857 0.41597222222222224
0 0.6299450549450549 0.810763888888889 0.13681318681318683 0.16736111111111113
0 0.685989010989011 0.8795138888888889 0.1686813186813187 0.20347222222222222
0 0.6417582417582418 0.8274305555555556 0.16813186813186815 0.21319444444444446
0 0.6541208791208791 0.8406250000000001 0.1445054945054945 0.17430555555555557
0 0.3486263736263736 0.4548611111111111 0.528021978021978 0.6791666666666667
0 0.35 0.4590277777777778 0.4956043956043956 0.6402777777777778
0 0.2967032967032967 0.39513888888888893 0.4912087912087912 0.6166666666666667
0 0.489010989010989 0.6295138888888889 0.4758241758241758 0.6062500000000001
