0 0.4142857142857143 0.5375 0.3021978021978022 0.375
0 0.26593406593406593 0.35034722222222225 0.32967032967032966 0.4201388888888889
0 0.321978021978022 0.4288194444444445 0.08351648351648351 0.11597222222222223
0 0.3142857142857143 0.41423611111111114 0.13296703296703297 0.15763888888888888
0 0.45274725274725275 0.5895833333333333 0.5164835164835165 0.6652777777777779
0 0.4307692307692308 0.5666666666666667 0.5824175824175825 0.7430555555555556
0 0.42445054945054944 0.55 0.595054945054945 0.7597222222222223
0 0.4173076923076923 0.5482638888888889 0.6137362637362638 0.7826388888888889
0 0.43873626373626373 0.5784722222222223 0.7225274725274725 0.9291666666666667
0 0.6293956043956044 0.8104166666666667 0.1357142857142857 0.16666666666666669
0 0.6491758241758242 0.8322916666666667 0.1434065934065934 0.19097222222222224
0 0.6818681318681319 0.8746527777777778 0.16813186813186815 0.20208333333333334
0 0.7093406593406594 0.9097222222222222 0.26153846153846155 0.33194444444444443
0 0.7428571428571429 0.9569444444444445 0.2956043956043956 0.36388888888888893
0 0.5137362637362637 0.6607638888888889 0.13736263736263737 0.16458333333333333
0 0.5082417582417582 0.6597222222222222 0.13296703296703297 0.15416666666666667
0 0.5934065934065934 0.7645833333333334 0.025274725274725275 0.016666666666666666
0 0.5725274725274725 0.7395833333333334 0.10329670329670329 0.13055555555555556
0 0.4098901098901099 0.5329861111111112 0.5043956043956044 0.6465277777777778
0 0.27307692307692305 0.36458333333333337 0.3901098901098901 0.5055555555555555
0 0.2793956043956044 0.3729166666666667 0.4291208791208791 0.55
0 0.24505494505494504 0.3246527777777778 0.23076923076923078 0.30486111111111114
0 0.2337912087912088 0.3076388888888889 0.1478021978021978 0.18611111111111112
0 0.22032967032967032 0.28958333333333336 0.25164835164835164 0.3180555555555556
0 0.15494505494505495 0.21423611111111113 0.25054945054945055 0.3229166666666667
0 0.15384615384615385 0.21145833333333333 0.2549450549450549 0.3076388888888889
