0 0.26796875000000003 0.49618055555555557 0.11953125 0.20069444444444445
0 0.24570312500000002 0.4534722222222222 0.01015625 0.005555555555555556
0 0.209375 0.3909722222222222 0.00625 0.001388888888888889
0 0.162890625 0.3079861111111111 0.009375000000000001 0.025694444444444447
0 0.119140625 0.22708333333333333 0.1375 0.2555555555555556
0 0.111328125 0.21597222222222223 0.1125 0.19444444444444445
0 0.11503906250000001 0.22118055555555557 0.114453125 0.19930555555555557
0 0.34785156250000004 0.6315972222222223 0.228515625 0.4118055555555556
0 0.3599609375 0.6621527777777778 0.279296875 0.5048611111111111
0 0.280078125 0.5121527777777778 0.42421875000000003 0.7465277777777778
0 0.29140625000000003 0.5350694444444445 0.41796875 0.7548611111111111
0 0.35371093750000004 0.6475694444444444 0.409765625 0.7298611111111112
0 0.3630859375 0.6677083333333333 0.28164062500000003 0.5118055555555556
0 0.4146484375 0.7548611111111111 0.198046875 0.3416666666666667
0 0.3427734375 0.6267361111111112 0.22382812500000002 0.38819444444444445
0 0.47890625000000003 0.8701388888888889 0.10312500000000001 0.1736111111111111
0 0.5005859375 0.9118055555555555 0.068359375 0.12916666666666668
0 0.51953125 0.9423611111111111 0.13828125 0.23194444444444445
0 0.4833984375 0.8822916666666667 0.519140625 0.9381944444444444
0 0.505859375 0.921875 0.46796875000000004 0.820138888888889
0 0.5181640625 0.9388888888888889 0.349609375 0.6111111111111112
0 0.501953125 0.9069444444444444 0.4578125 0.8194444444444445
