0 0.12747252747252746 0.18506944444444445 0.03296703296703297 0.03125
0 0.15521978021978022 0.225 0.09505494505494505 0.10277777777777779
0 0.20054945054945056 0.2795138888888889 0.19230769230769232 0.23819444444444446
0 0.2620879120879121 0.3559027777777778 0.15164835164835164 0.19791666666666669
0 0.35412087912087914 0.4746527777777778 0.11153846153846154 0.13402777777777777
0 0.27912087912087913 0.3746527777777778 0.3912087912087912 0.47847222222222224
0 0.5810439560439561 0.7625000000000001 0.7027472527472527 0.8902777777777778
0 0.5445054945054945 0.7111111111111111 0.6813186813186813 0.8819444444444445
0 0.46565934065934067 0.6118055555555556 0.7752747252747253 0.9847222222222223
0 0.42967032967032964 0.5625 0.4725274725274725 0.5916666666666667
0 0.4401098901098901 0.5739583333333333 0.46703296703296704 0.5993055555555555
0 0.6497252747252747 0.85 0.28516483516483515 0.3736111111111111
0 0.7637362637362637 0.9881944444444445 0.3032967032967033 0.37222222222222223
0 0.7057692307692308 0.9125000000000001 0.07857142857142857 0.09305555555555556
0 0.4076923076923077 0.5409722222222222 0.5934065934065934 0.7416666666666667
0 0.6260989010989011 0.8184027777777778 0.18076923076923077 0.22708333333333333
0 0.635989010989011 0.8274305555555556 0.14560439560439561 0.16597222222222222
0 0.6414835164835165 0.8368055555555556 0.12252747252747252 0.13055555555555556
