0 0.298046875 0.5493055555555556 0.22031250000000002 0.40694444444444444
0 0.35234375 0.6427083333333333 0.2703125 0.4701388888888889
0 0.24531250000000002 0.45833333333333337 0.10312500000000001 0.19166666666666668
0 0.2537109375 0.46805555555555556 0.117578125 0.22361111111111112
0 0.2609375 0.4829861111111111 0.09140625000000001 0.16458333333333333
0 0.17402343750000002 0.3277777777777778 0.147265625 0.2791666666666667
0 0.1328125 0.2555555555555556 0.08125 0.12638888888888888
0 0.1748046875 0.33055555555555555 0.19492187500000002 0.3416666666666667
0 0.38417968750000003 0.7041666666666667 0.19492187500000002 0.3680555555555556
0 0.40644531250000004 0.7468750000000001 0.295703125 0.5270833333333333
0 0.451171875 0.8197916666666667 0.2734375 0.46875
0 0.521875 0.9493055555555556 0.0734375 0.11666666666666667
0 0.505859375 0.9208333333333334 0.014843750000000001 0.03194444444444445
0 0.4576171875 0.8368055555555556 0.034765625 0.07083333333333333
0 0.339453125 0.6197916666666667 0.44453125000000004 0.7743055555555556
0 0.3046875 0.5597222222222222 0.43359375 0.7597222222222223
0 0.2958984375 0.5465277777777778 0.524609375 0.9236111111111112
0 0.548046875 0.992013888888889 0.47109375000000003 0.8520833333333334
0 0.5365234375 0.9756944444444445 0.500390625 0.8680555555555556
0 0.49843750000000003 0.9055555555555556 0.4375 0.7569444444444444
0 0.47187500000000004 0.8597222222222223 0.48125 0.8375
