0 0.29725274725274725 0.3975694444444445 0.02857142857142857 0.021527777777777778
0 0.29615384615384616 0.3982638888888889 0.01868131868131868 0.004861111111111111
0 0.16813186813186815 0.23368055555555556 0.04395604395604395 0.04930555555555556
0 0.40192307692307694 0.5253472222222222 0.39285714285714285 0.48680555555555555
0 0.4717032967032967 0.6159722222222223 0.3445054945054945 0.42083333333333334
0 0.4228021978021978 0.5604166666666667 0.13351648351648351 0.18055555555555555
0 0.48653846153846153 0.6340277777777779 0.6434065934065935 0.7958333333333334
0 0.4565934065934066 0.5979166666666667 0.7450549450549451 0.9236111111111112
0 0.4412087912087912 0.5784722222222223 0.7571428571428571 0.9750000000000001
0 0.7524725274725275 0.9701388888888889 0.17527472527472526 0.22916666666666669
0 0.7252747252747253 0.9375 0.12527472527472527 0.14166666666666666
0 0.701098901098901 0.9090277777777778 0.11208791208791209 0.15694444444444444
0 0.5788461538461539 0.7545138888888889 0.06538461538461539 0.10347222222222223
0 0.48296703296703297 0.6340277777777779 0.18571428571428572 0.24305555555555555
0 0.496978021978022 0.6534722222222222 0.06758241758241758 0.10138888888888889
0 0.3870879120879121 0.515625 0.4357142857142857 0.5437500000000001
0 0.32142857142857145 0.43020833333333336 0.49230769230769234 0.6270833333333333
0 0.2846153846153846 0.3822916666666667 0.43846153846153846 0.5743055555555556
