0 0.2779296875 0.513888888888889 0.033984375000000004 0.04861111111111111
0 0.23261718750000002 0.4322916666666667 0.023828125000000002 0.03819444444444445
0 0.23203125000000002 0.43368055555555557 0.057031250000000006 0.11875000000000001
0 0.1791015625 0.33437500000000003 0.128515625 0.22013888888888888
0 0.1796875 0.3350694444444445 0.05625 0.10486111111111111
0 0.146484375 0.2777777777777778 0.08359375000000001 0.13611111111111113
0 0.34980468750000004 0.640625 0.270703125 0.4965277777777778
0 0.34785156250000004 0.6336805555555556 0.23398437500000002 0.42291666666666666
0 0.2724609375 0.4996527777777778 0.48476562500000003 0.86875
0 0.27734375 0.5118055555555556 0.47187500000000004 0.826388888888889
0 0.2947265625 0.5437500000000001 0.45039062500000004 0.8125
0 0.44453125000000004 0.8076388888888889 0.22031250000000002 0.4013888888888889
0 0.429296875 0.7826388888888889 0.18359375 0.3236111111111111
0 0.48359375000000004 0.8788194444444445 0.096875 0.17708333333333334
0 0.4751953125 0.8663194444444445 0.071484375 0.12847222222222224
0 0.54140625 0.9819444444444445 0.09453125000000001 0.15833333333333333
0 0.3564453125 0.6541666666666667 0.259765625 0.4625
0 0.45644531250000003 0.8302083333333333 0.448828125 0.7937500000000001
0 0.5048828125 0.9204861111111111 0.40742187500000004 0.7173611111111111
0 0.5134765625000001 0.9368055555555556 0.517578125 0.9236111111111112
0 0.520703125 0.9427083333333334 0.44453125000000004 0.7798611111111111
