0 0.18571428571428572 0.2670138888888889 0.016483516483516484 0.0034722222222222225
0 0.15906593406593406 0.23298611111111112 0.20274725274725275 0.22708333333333333
0 0.14038461538461539 0.19895833333333335 0.1445054945054945 0.17569444444444446
0 0.325 0.43368055555555557 0.48626373626373626 0.607638888888889
0 0.45714285714285713 0.6013888888888889 0.4868131868131868 0.5958333333333333
0 0.4532967032967033 0.5982638888888889 0.5351648351648352 0.6520833333333333
0 0.5005494505494505 0.6569444444444444 0.2032967032967033 0.2777777777777778
0 0.5043956043956044 0.6677083333333333 0.008791208791208791 0.0020833333333333333
0 0.5170329670329671 0.6843750000000001 0.01978021978021978 0.03402777777777778
0 0.6598901098901099 0.8579861111111111 0.2978021978021978 0.3965277777777778
0 0.6807692307692308 0.8822916666666667 0.31648351648351647 0.41597222222222224
0 0.762087912087912 0.9864583333333333 0.13626373626373625 0.16319444444444445
0 0.47197802197802197 0.6222222222222222 0.567032967032967 0.6930555555555555
0 0.5357142857142857 0.696875 0.7857142857142857 0.9812500000000001
0 0.5469780219780219 0.7184027777777778 0.7818681318681319 0.9673611111111111
0 0.3403846153846154 0.4548611111111111 0.40164835164835166 0.49444444444444446
0 0.37664835164835164 0.49930555555555556 0.35 0.45833333333333337
0 0.37884615384615383 0.5038194444444445 0.3357142857142857 0.40902777777777777
