0 0.48956043956043954 0.6357638888888889 0.12747252747252746 0.15763888888888888
0 0.4107142857142857 0.5392361111111111 0.22362637362637364 0.28402777777777777
0 0.40494505494505495 0.5281250000000001 0.24065934065934066 0.31319444444444444
0 0.6 0.7743055555555556 0.035164835164835165 0.05277777777777778
0 0.5947802197802198 0.7697916666666667 0.04120879120879121 0.06319444444444444
0 0.5876373626373627 0.7569444444444444 0.03241758241758242 0.0375
0 0.4370879120879121 0.5732638888888889 0.5313186813186813 0.6506944444444445
0 0.47087912087912087 0.6166666666666667 0.689010989010989 0.8569444444444445
0 0.5302197802197802 0.6892361111111112 0.5043956043956044 0.64375
0 0.6964285714285714 0.8958333333333334 0.1543956043956044 0.18472222222222223
0 0.654945054945055 0.8454861111111112 0.14065934065934066 0.16736111111111113
0 0.6315934065934066 0.815625 0.1532967032967033 0.1840277777777778
0 0.3598901098901099 0.47361111111111115 0.34175824175824177 0.41805555555555557
0 0.22692307692307692 0.29965277777777777 0.15494505494505495 0.20347222222222222
0 0.2098901098901099 0.2795138888888889 0.27362637362637365 0.3354166666666667
0 0.1989010989010989 0.2638888888888889 0.17252747252747253 0.22222222222222224
0 0.11181318681318682 0.15972222222222224 0.10164835164835165 0.13055555555555556
0 0.11126373626373626 0.1607638888888889 0.07087912087912088 0.08263888888888889
0 0.3618131868131868 0.47118055555555555 0.5368131868131868 0.6784722222222223
0 0.3585164835164835 0.4725694444444445 0.5335164835164835 0.6618055555555555
