0 0.22087912087912087 0.30104166666666665 0.05824175824175824 0.06041666666666667
0 0.2239010989010989 0.3076388888888889 0.11593406593406594 0.1527777777777778
0 0.22527472527472528 0.3090277777777778 0.12857142857142856 0.16111111111111112
0 0.33489010989010987 0.44236111111111115 0.3159340659340659 0.41111111111111115
0 0.36456043956043954 0.48055555555555557 0.2785714285714286 0.3625
0 0.4379120879120879 0.5767361111111111 0.3791208791208791 0.4590277777777778
0 0.4467032967032967 0.5875 0.6461538461538462 0.8291666666666667
0 0.41510989010989013 0.5496527777777778 0.6730769230769231 0.8618055555555556
0 0.41208791208791207 0.5458333333333334 0.6901098901098901 0.8819444444444445
0 0.628021978021978 0.8159722222222222 0.2813186813186813 0.3416666666666667
0 0.6815934065934066 0.8871527777777778 0.40494505494505495 0.5215277777777778
0 0.6969780219780219 0.9048611111111111 0.10604395604395604 0.14166666666666666
0 0.5478021978021979 0.7152777777777778 0.26703296703296703 0.3194444444444445
0 0.5582417582417583 0.7298611111111112 0.22857142857142856 0.2652777777777778
0 0.5513736263736264 0.7204861111111112 0.02142857142857143 0.043750000000000004
0 0.39065934065934066 0.5170138888888889 0.2978021978021978 0.39513888888888893
0 0.39395604395604394 0.5225694444444444 0.31978021978021975 0.4215277777777778
0 0.3241758241758242 0.4361111111111111 0.378021978021978 0.47222222222222227
