0 0.1717032967032967 0.23402777777777778 0.27197802197802196 0.35555555555555557
0 0.16346153846153846 0.22881944444444446 0.033516483516483515 0.027083333333333334
0 0.2445054945054945 0.3277777777777778 0.014285714285714285 0.015277777777777779
0 0.307967032967033 0.4166666666666667 0.19725274725274725 0.25416666666666665
0 0.2739010989010989 0.36458333333333337 0.3148351648351648 0.39166666666666666
0 0.27225274725274723 0.36006944444444444 0.3401098901098901 0.4354166666666667
0 0.4793956043956044 0.625 0.5137362637362637 0.638888888888889
0 0.45467032967032966 0.5954861111111112 0.7335164835164835 0.945138888888889
0 0.4480769230769231 0.5892361111111112 0.737912087912088 0.9548611111111112
0 0.6326923076923077 0.8163194444444445 0.1434065934065934 0.16875
0 0.6120879120879121 0.790625 0.3274725274725275 0.4104166666666667
0 0.614010989010989 0.7930555555555556 0.3346153846153846 0.41944444444444445
0 0.6175824175824176 0.7996527777777778 0.35714285714285715 0.44930555555555557
0 0.43653846153846154 0.5722222222222223 0.04230769230769231 0.07083333333333333
0 0.5326923076923077 0.6923611111111111 0.02142857142857143 0.022222222222222223
0 0.5508241758241759 0.717013888888889 0.18846153846153846 0.23680555555555557
0 0.567032967032967 0.734375 0.15164835164835164 0.1798611111111111
0 0.3799450549450549 0.5024305555555556 0.5379120879120879 0.6923611111111111
0 0.368956043956044 0.4822916666666667 0.5324175824175824 0.6770833333333334
0 0.30247252747252745 0.40069444444444446 0.3730769230769231 0.4708333333333333
