0 0.1467032967032967 0.20416666666666666 0.02967032967032967 0.04722222222222222
0 0.23104395604395606 0.30625 0.13901098901098902 0.1763888888888889
0 0.20824175824175825 0.28020833333333334 0.22967032967032966 0.2951388888888889
0 0.23626373626373626 0.31493055555555555 0.24285714285714285 0.3201388888888889
0 0.24065934065934066 0.3180555555555556 0.24065934065934066 0.30694444444444446
0 0.32252747252747255 0.4288194444444445 0.42857142857142855 0.55625
0 0.4085164835164835 0.534375 0.20714285714285716 0.2673611111111111
0 0.24093406593406594 0.31875000000000003 0.21923076923076923 0.2777777777777778
0 0.5653846153846154 0.7364583333333333 0.5989010989010989 0.7340277777777778
0 0.47774725274725277 0.6274305555555556 0.5313186813186813 0.6923611111111111
0 0.4173076923076923 0.5458333333333334 0.6016483516483516 0.7513888888888889
0 0.47802197802197804 0.6190972222222223 0.47692307692307695 0.6020833333333333
0 0.33873626373626375 0.4451388888888889 0.5247252747252747 0.6652777777777779
0 0.360989010989011 0.47395833333333337 0.5307692307692308 0.6659722222222223
0 0.317032967032967 0.42083333333333334 0.5098901098901099 0.6333333333333333
0 0.5947802197802198 0.7743055555555556 0.0489010989010989 0.05555555555555556
0 0.5958791208791209 0.7697916666666667 0.019230769230769232 0.015972222222222224
0 0.5923076923076923 0.7673611111111112 0.014285714285714285 0.001388888888888889
0 0.46153846153846156 0.6038194444444445 0.021978021978021976 0.035416666666666666
0 0.6865384615384615 0.8819444444444445 0.17087912087912088 0.20694444444444446
0 0.7288461538461538 0.9368055555555556 0.22252747252747251 0.2763888888888889
0 0.5945054945054945 0.76875 0.27692307692307694 0.3402777777777778
0 0.2906593406593407 0.37951388888888893 0.4065934065934066 0.5048611111111111
0 0.6274725274725275 0.8090277777777778 0.13846153846153847 0.15972222222222224
0 0.65 0.8381944444444445 0.15054945054945054 0.19861111111111113
0 0.4467032967032967 0.5819444444444445 0.5384615384615384 0.6916666666666667
