0 0.19642857142857142 0.2670138888888889 0.2521978021978022 0.31180555555555556
0 0.2052197802197802 0.2798611111111111 0.015934065934065933 0.009722222222222222
0 0.1087912087912088 0.15937500000000002 0.15164835164835164 0.19097222222222224
0 0.32335164835164837 0.4288194444444445 0.28076923076923077 0.36875
0 0.3565934065934066 0.4729166666666667 0.34065934065934067 0.42083333333333334
0 0.2917582417582418 0.3861111111111111 0.3252747252747253 0.4152777777777778
0 0.5626373626373626 0.721875 0.656043956043956 0.8256944444444445
0 0.532967032967033 0.6993055555555556 0.7208791208791209 0.9027777777777778
0 0.4662087912087912 0.6138888888888889 0.615934065934066 0.7777777777777778
0 0.4206043956043956 0.5489583333333333 0.660989010989011 0.8465277777777778
0 0.5175824175824176 0.6659722222222223 0.7604395604395604 0.9541666666666667
0 0.5763736263736263 0.7402777777777778 0.6373626373626373 0.8083333333333333
0 0.6870879120879121 0.888888888888889 0.2412087912087912 0.3138888888888889
0 0.676923076923077 0.8715277777777778 0.13516483516483516 0.1736111111111111
0 0.6299450549450549 0.8114583333333334 0.1401098901098901 0.16458333333333333
0 0.6076923076923076 0.7819444444444444 0.2087912087912088 0.25416666666666665
0 0.5832417582417583 0.7579861111111111 0.2653846153846154 0.3354166666666667
0 0.4513736263736264 0.5916666666666667 0.08186813186813187 0.12361111111111112
0 0.5285714285714286 0.685763888888889 0.12637362637362637 0.15763888888888888
0 0.5269230769230769 0.6871527777777778 0.11978021978021978 0.15208333333333335
0 0.5576923076923077 0.725 0.012087912087912088 0.030555555555555558
0 0.4357142857142857 0.5694444444444444 0.36153846153846153 0.4638888888888889
0 0.3302197802197802 0.4395833333333333 0.24835164835164836 0.3263888888888889
0 0.31043956043956045 0.4079861111111111 0.37142857142857144 0.46319444444444446
