0 0.3989010989010989 0.5281250000000001 0.16923076923076924 0.2326388888888889
0 0.4118131868131868 0.5399305555555556 0.2445054945054945 0.3201388888888889
0 0.39285714285714285 0.5104166666666667 0.18461538461538463 0.225
0 0.2857142857142857 0.37118055555555557 0.1054945054945055 0.12986111111111112
0 0.6796703296703297 0.875 0.13956043956043956 0.1875
0 0.6857142857142857 0.882638888888889 0.16813186813186815 0.20277777777777778
0 0.737912087912088 0.9524305555555556 0.24175824175824176 0.3159722222222222
0 0.47637362637362635 0.6243055555555556 0.7285714285714285 0.9277777777777778
0 0.4565934065934066 0.6034722222222223 0.7494505494505495 0.9736111111111111
0 0.43543956043956045 0.5697916666666667 0.6774725274725275 0.8590277777777778
0 0.43351648351648353 0.5690972222222223 0.5637362637362637 0.70625
0 0.44148351648351647 0.5756944444444445 0.5093406593406593 0.6402777777777778
0 0.5134615384615384 0.6663194444444445 0.12692307692307692 0.16041666666666668
0 0.5934065934065934 0.7666666666666667 0.012087912087912088 0.001388888888888889
0 0.5846153846153846 0.7559027777777778 0.10989010989010989 0.15486111111111112
0 0.5914835164835165 0.763888888888889 0.11813186813186813 0.15
0 0.3414835164835165 0.44895833333333335 0.5192307692307693 0.6715277777777778
0 0.3546703296703297 0.46458333333333335 0.528021978021978 0.6722222222222223
0 0.38269230769230766 0.5 0.5313186813186813 0.6583333333333333
0 0.13598901098901098 0.19097222222222224 0.03021978021978022 0.043055555555555555
0 0.11758241758241758 0.1638888888888889 0.15054945054945054 0.17916666666666667
0 0.2423076923076923 0.32256944444444446 0.23076923076923078 0.29375
0 0.210989010989011 0.28229166666666666 0.21868131868131868 0.2715277777777778
