0 0.3630859375 0.6666666666666667 0.28554687500000003 0.5125000000000001
0 0.2529296875 0.46770833333333334 0.444921875 0.80625
0 0.2802734375 0.5107638888888889 0.40742187500000004 0.7340277777777778
0 0.24277343750000002 0.4510416666666667 0.365234375 0.6340277777777779
0 0.12109375 0.22708333333333333 0.1265625 0.22361111111111112
0 0.12382812500000001 0.23923611111111112 0.09375 0.15486111111111112
0 0.136328125 0.26180555555555557 0.065625 0.10416666666666667
0 0.20468750000000002 0.38159722222222225 0.013281250000000001 0.035416666666666666
0 0.29238281250000003 0.5378472222222223 0.021484375 0.024305555555555556
0 0.2099609375 0.39513888888888893 0.005078125 0.008333333333333333
0 0.35234375 0.638888888888889 0.22109375 0.4
0 0.4072265625 0.74375 0.15195312500000002 0.2791666666666667
0 0.4392578125 0.7989583333333333 0.212890625 0.39375
0 0.4412109375 0.8024305555555555 0.20273437500000002 0.37569444444444444
0 0.4736328125 0.8604166666666667 0.087109375 0.17083333333333334
0 0.515625 0.9343750000000001 0.12734375 0.20625000000000002
0 0.5154296875000001 0.9378472222222223 0.11210937500000001 0.18541666666666667
0 0.511328125 0.9291666666666667 0.50234375 0.8986111111111111
0 0.5310546875000001 0.9614583333333334 0.350390625 0.6395833333333334
0 0.512890625 0.935763888888889 0.38125000000000003 0.6687500000000001
0 0.5078125 0.9184027777777778 0.46328125000000003 0.8381944444444445
0 0.3630859375 0.6666666666666667 0.28554687500000003 0.5125000000000001
0 0.2529296875 0.46770833333333334 0.444921875 0.80625
0 0.2802734375 0.5107638888888889 0.40742187500000004 0.7340277777777778
0 0.24277343750000002 0.4510416666666667 0.365234375 0.6340277777777779
0 0.12109375 0.22708333333333333 0.1265625 0.22361111111111112
0 0.12382812500000001 0.23923611111111112 0.09375 0.15486111111111112
0 0.136328125 0.26180555555555557 0.065625 0.10416666666666667
0 0.20468750000000002 0.38159722222222225 0.013281250000000001 0.035416666666666666
0 0.29238281250000003 0.5378472222222223 0.021484375 0.024305555555555556
0 0.2099609375 0.39513888888888893 0.005078125 0.008333333333333333
0 0.35234375 0.638888888888889 0.22109375 0.4
0 0.4072265625 0.74375 0.15195312500000002 0.2791666666666667
0 0.4392578125 0.7989583333333333 0.212890625 0.39375
0 0.4412109375 0.8024305555555555 0.20273437500000002 0.37569444444444444
0 0.4736328125 0.8604166666666667 0.087109375 0.17083333333333334
0 0.515625 0.9343750000000001 0.12734375 0.20625000000000002
0 0.5154296875000001 0.9378472222222223 0.11210937500000001 0.18541666666666667
0 0.511328125 0.9291666666666667 0.50234375 0.8986111111111111
0 0.5310546875000001 0.9614583333333334 0.350390625 0.6395833333333334
0 0.512890625 0.935763888888889 0.38125000000000003 0.6687500000000001
0 0.5078125 0.9184027777777778 0.46328125000000003 0.8381944444444445
