0 0.2001953125 0.3854166666666667 0.127734375 0.23750000000000002
0 0.23105468750000002 0.4357638888888889 0.06992187500000001 0.12847222222222224
0 0.174609375 0.3354166666666667 0.0078125 0.004166666666666667
0 0.333984375 0.6204861111111112 0.25078125 0.45208333333333334
0 0.34765625 0.6420138888888889 0.24453125 0.4479166666666667
0 0.37714843750000004 0.6972222222222223 0.16523437500000002 0.28750000000000003
0 0.30683593750000004 0.56875 0.384765625 0.6736111111111112
0 0.27578125000000003 0.5149305555555556 0.38125000000000003 0.6965277777777779
0 0.2576171875 0.4809027777777778 0.38007812500000004 0.6854166666666667
0 0.4166015625 0.7673611111111112 0.086328125 0.16805555555555557
0 0.44257812500000004 0.8135416666666667 0.11953125 0.22013888888888888
0 0.475390625 0.8718750000000001 0.00703125 0.014583333333333334
0 0.42324218750000003 0.78125 0.538671875 0.9347222222222222
0 0.455078125 0.8375 0.5015625 0.8902777777777778
0 0.5359375000000001 0.976388888888889 0.38984375000000004 0.7138888888888889
