0 0.1576923076923077 0.22222222222222224 0.07362637362637363 0.09722222222222222
0 0.15082417582417582 0.215625 0.03021978021978022 0.04236111111111111
0 0.17994505494505494 0.2534722222222222 0.06538461538461539 0.08055555555555556
0 0.42554945054945054 0.5569444444444445 0.3862637362637363 0.4861111111111111
0 0.43351648351648353 0.5753472222222222 0.4340659340659341 0.5368055555555555
0 0.43956043956043955 0.5791666666666667 0.3384615384615385 0.43333333333333335
0 0.4510989010989011 0.5958333333333333 0.5439560439560439 0.675
0 0.4686813186813187 0.6125 0.765934065934066 0.9805555555555556
0 0.4695054945054945 0.6194444444444445 0.7489010989010989 0.9472222222222223
0 0.7167582417582418 0.925 0.3335164835164835 0.4152777777777778
0 0.7252747252747253 0.9423611111111111 0.12417582417582418 0.17222222222222222
0 0.6835164835164835 0.8902777777777778 0.11648351648351649 0.14166666666666666
0 0.5906593406593407 0.773263888888889 0.15824175824175823 0.21319444444444446
0 0.5508241758241759 0.7243055555555555 0.27307692307692305 0.33333333333333337
0 0.5068681318681318 0.6690972222222222 0.25659340659340657 0.3215277777777778
0 0.31565934065934065 0.4256944444444445 0.4258241758241758 0.5375
0 0.3659340659340659 0.48888888888888893 0.26153846153846155 0.3388888888888889
0 0.26978021978021977 0.36770833333333336 0.41318681318681316 0.5326388888888889
