0 0.287890625 0.5309027777777778 0.07421875 0.12569444444444444
0 0.271484375 0.5020833333333333 0.10859375 0.1763888888888889
0 0.20722656250000002 0.38645833333333335 0.006640625000000001 0.004861111111111111
0 0.20664062500000002 0.3854166666666667 0.10859375 0.19722222222222224
0 0.1431640625 0.27083333333333337 0.19492187500000002 0.35694444444444445
0 0.13125 0.25243055555555555 0.16875 0.30347222222222225
0 0.1263671875 0.24027777777777778 0.10039062500000001 0.1763888888888889
0 0.40546875000000004 0.7399305555555555 0.21953125 0.37430555555555556
0 0.35097656250000003 0.6381944444444445 0.221484375 0.39166666666666666
0 0.46875 0.8503472222222223 0.0546875 0.10902777777777778
0 0.5123046875 0.9302083333333334 0.055078125000000006 0.10902777777777778
0 0.516015625 0.9381944444444444 0.07500000000000001 0.13333333333333333
0 0.41621093750000004 0.7590277777777779 0.219140625 0.4
0 0.425390625 0.773263888888889 0.3203125 0.5548611111111111
0 0.37050781250000003 0.6760416666666667 0.311328125 0.5409722222222222
0 0.25722656250000003 0.4760416666666667 0.433203125 0.7534722222222222
0 0.2873046875 0.5284722222222222 0.405078125 0.7069444444444445
0 0.2828125 0.5184027777777778 0.41015625 0.7298611111111112
0 0.5232421875000001 0.951388888888889 0.365234375 0.6569444444444444
0 0.5185546875 0.9458333333333334 0.380859375 0.6833333333333333
0 0.4966796875 0.9069444444444444 0.40742187500000004 0.7055555555555556
0 0.5013671875 0.9125000000000001 0.40742187500000004 0.701388888888889
0 0.4712890625 0.8534722222222223 0.45742187500000003 0.8027777777777778
0 0.287890625 0.5309027777777778 0.07421875 0.12569444444444444
0 0.271484375 0.5020833333333333 0.10859375 0.1763888888888889
0 0.20722656250000002 0.38645833333333335 0.006640625000000001 0.004861111111111111
0 0.20664062500000002 0.3854166666666667 0.10859375 0.19722222222222224
0 0.1431640625 0.27083333333333337 0.19492187500000002 0.35694444444444445
0 0.13125 0.25243055555555555 0.16875 0.30347222222222225
0 0.1263671875 0.24027777777777778 0.10039062500000001 0.1763888888888889
0 0.40546875000000004 0.7399305555555555 0.21953125 0.37430555555555556
0 0.35097656250000003 0.6381944444444445 0.221484375 0.39166666666666666
0 0.46875 0.8503472222222223 0.0546875 0.10902777777777778
0 0.5123046875 0.9302083333333334 0.055078125000000006 0.10902777777777778
0 0.516015625 0.9381944444444444 0.07500000000000001 0.13333333333333333
0 0.41621093750000004 0.7590277777777779 0.219140625 0.4
0 0.425390625 0.773263888888889 0.3203125 0.5548611111111111
0 0.37050781250000003 0.6760416666666667 0.311328125 0.5409722222222222
0 0.25722656250000003 0.4760416666666667 0.433203125 0.7534722222222222
0 0.2873046875 0.5284722222222222 0.405078125 0.7069444444444445
0 0.2828125 0.5184027777777778 0.41015625 0.7298611111111112
0 0.5232421875000001 0.951388888888889 0.365234375 0.6569444444444444
0 0.5185546875 0.9458333333333334 0.380859375 0.6833333333333333
0 0.4966796875 0.9069444444444444 0.40742187500000004 0.7055555555555556
0 0.5013671875 0.9125000000000001 0.40742187500000004 0.701388888888889
0 0.4712890625 0.8534722222222223 0.45742187500000003 0.8027777777777778
