0 0.492032967032967 0.6392361111111111 0.13241758241758242 0.15625
0 0.4980769230769231 0.6472222222222223 0.13241758241758242 0.15972222222222224
0 0.5445054945054945 0.7027777777777778 0.11208791208791209 0.13333333333333333
0 0.3354395604395604 0.4416666666666667 0.07967032967032966 0.09444444444444444
0 0.24807692307692308 0.3295138888888889 0.31263736263736264 0.38680555555555557
0 0.22252747252747251 0.2986111111111111 0.2692307692307692 0.3416666666666667
0 0.12857142857142856 0.18055555555555555 0.2087912087912088 0.26944444444444443
0 0.13626373626373625 0.18715277777777778 0.1043956043956044 0.12013888888888889
0 0.1782967032967033 0.23923611111111112 0.06538461538461539 0.07430555555555556
0 0.19862637362637361 0.2642361111111111 0.26868131868131867 0.33958333333333335
0 0.3087912087912088 0.4083333333333333 0.26373626373626374 0.325
0 0.3629120879120879 0.47395833333333337 0.40714285714285714 0.5256944444444445
0 0.4346153846153846 0.5659722222222222 0.44505494505494503 0.5486111111111112
0 0.5403846153846154 0.6982638888888889 0.014835164835164835 0.009027777777777779
0 0.5557692307692308 0.71875 0.5785714285714286 0.7319444444444445
0 0.5612637362637363 0.7315972222222222 0.5532967032967033 0.6951388888888889
0 0.5384615384615384 0.7027777777777778 0.46703296703296704 0.6
0 0.6291208791208791 0.8104166666666667 0.13736263736263737 0.15972222222222224
0 0.6453296703296704 0.8291666666666667 0.1686813186813187 0.20972222222222223
0 0.7206043956043956 0.9281250000000001 0.25659340659340657 0.3201388888888889
