0 0.27968750000000003 0.5131944444444445 0.09296875 0.15416666666666667
0 0.21835937500000002 0.40694444444444444 0.04296875 0.08194444444444444
0 0.2078125 0.3871527777777778 0.0054687500000000005 0.010416666666666668
0 0.144921875 0.27569444444444446 0.14140625 0.24583333333333335
0 0.12714843750000002 0.24166666666666667 0.10117187500000001 0.1875
0 0.1181640625 0.22569444444444445 0.11601562500000001 0.2111111111111111
0 0.11699218750000001 0.22534722222222223 0.129296875 0.23819444444444446
0 0.3515625 0.6378472222222222 0.2234375 0.3923611111111111
0 0.420703125 0.7659722222222223 0.278125 0.4916666666666667
0 0.37910156250000004 0.6934027777777778 0.172265625 0.3090277777777778
0 0.36152343750000004 0.6625 0.28945312500000003 0.525
0 0.27890625 0.5114583333333333 0.40625 0.7270833333333334
0 0.23515625 0.4371527777777778 0.37890625 0.6604166666666667
0 0.24472656250000002 0.4534722222222222 0.42226562500000003 0.7625000000000001
0 0.5052734375 0.9184027777777778 0.115234375 0.21597222222222223
0 0.4705078125 0.8565972222222222 0.073046875 0.12708333333333333
0 0.4306640625 0.7857638888888889 0.058984375000000006 0.08680555555555555
0 0.5064453125 0.9225694444444444 0.43476562500000004 0.7645833333333334
0 0.5027343750000001 0.921875 0.3921875 0.6798611111111111
0 0.5462890625 0.9906250000000001 0.398046875 0.7256944444444444
0 0.487109375 0.8798611111111111 0.44843750000000004 0.7916666666666667
0 0.27968750000000003 0.5131944444444445 0.09296875 0.15416666666666667
0 0.21835937500000002 0.40694444444444444 0.04296875 0.08194444444444444
0 0.2078125 0.3871527777777778 0.0054687500000000005 0.010416666666666668
0 0.144921875 0.27569444444444446 0.14140625 0.24583333333333335
0 0.12714843750000002 0.24166666666666667 0.10117187500000001 0.1875
0 0.1181640625 0.22569444444444445 0.11601562500000001 0.2111111111111111
0 0.11699218750000001 0.22534722222222223 0.129296875 0.23819444444444446
0 0.3515625 0.6378472222222222 0.2234375 0.3923611111111111
0 0.420703125 0.7659722222222223 0.278125 0.4916666666666667
0 0.37910156250000004 0.6934027777777778 0.172265625 0.3090277777777778
0 0.36152343750000004 0.6625 0.28945312500000003 0.525
0 0.27890625 0.5114583333333333 0.40625 0.7270833333333334
0 0.23515625 0.4371527777777778 0.37890625 0.6604166666666667
0 0.24472656250000002 0.4534722222222222 0.42226562500000003 0.7625000000000001
0 0.5052734375 0.9184027777777778 0.115234375 0.21597222222222223
0 0.4705078125 0.8565972222222222 0.073046875 0.12708333333333333
0 0.4306640625 0.7857638888888889 0.058984375000000006 0.08680555555555555
0 0.5064453125 0.9225694444444444 0.43476562500000004 0.7645833333333334
0 0.5027343750000001 0.921875 0.3921875 0.6798611111111111
0 0.5462890625 0.9906250000000001 0.398046875 0.7256944444444444
0 0.487109375 0.8798611111111111 0.44843750000000004 0.7916666666666667
