0 0.4846153846153846 0.6270833333333333 0.11868131868131868 0.1625
0 0.5118131868131868 0.6635416666666667 0.12362637362637363 0.14652777777777778
0 0.5137362637362637 0.6690972222222222 0.13076923076923078 0.16041666666666668
0 0.6299450549450549 0.8097222222222222 0.1357142857142857 0.16805555555555557
0 0.6510989010989011 0.8406250000000001 0.13846153846153847 0.17708333333333334
0 0.6804945054945055 0.875 0.16758241758241757 0.20416666666666666
0 0.7401098901098901 0.9500000000000001 0.3 0.3888888888888889
0 0.45467032967032966 0.5913194444444445 0.5115384615384615 0.64375
0 0.43736263736263736 0.5715277777777777 0.5681318681318681 0.725
0 0.42445054945054944 0.5486111111111112 0.5906593406593407 0.75
0 0.492032967032967 0.6465277777777778 0.7412087912087912 0.9375
0 0.4585164835164835 0.603125 0.7543956043956044 0.9756944444444445
0 0.28983516483516486 0.38993055555555556 0.10164835164835165 0.11597222222222223
0 0.3651098901098901 0.478125 0.3554945054945055 0.44236111111111115
0 0.33653846153846156 0.43680555555555556 0.10714285714285714 0.1388888888888889
0 0.2824175824175824 0.37083333333333335 0.4043956043956044 0.5083333333333333
0 0.5964285714285714 0.7729166666666667 0.08076923076923077 0.10833333333333334
0 0.3989010989010989 0.5190972222222222 0.5197802197802198 0.65625
0 0.3659340659340659 0.4798611111111111 0.4340659340659341 0.5597222222222222
0 0.2892857142857143 0.3875 0.41813186813186815 0.5277777777777778
0 0.19175824175824177 0.25381944444444443 0.27692307692307694 0.3493055555555556
0 0.19615384615384615 0.26458333333333334 0.27362637362637365 0.3388888888888889
0 0.2510989010989011 0.3368055555555556 0.2153846153846154 0.26805555555555555
0 0.11703296703296703 0.16527777777777777 0.014285714285714285 0.025
