0 0.2741758241758242 0.3704861111111111 0.07912087912087912 0.07708333333333334
0 0.16703296703296702 0.23472222222222222 0.05054945054945055 0.044444444444444446
0 0.20192307692307693 0.2777777777777778 0.12032967032967033 0.1638888888888889
0 0.3019230769230769 0.4041666666666667 0.2642857142857143 0.33194444444444443
0 0.3804945054945055 0.5013888888888889 0.2631868131868132 0.33333333333333337
0 0.3607142857142857 0.4795138888888889 0.20934065934065935 0.24375000000000002
0 0.5590659340659341 0.7322916666666667 0.6565934065934066 0.84375
0 0.5335164835164835 0.701388888888889 0.5912087912087912 0.7402777777777778
0 0.5 0.6548611111111111 0.789010989010989 0.9986111111111111
0 0.65 0.8451388888888889 0.25934065934065936 0.33472222222222225
0 0.7024725274725274 0.9104166666666667 0.39725274725274723 0.5111111111111112
0 0.7269230769230769 0.9434027777777778 0.12637362637362637 0.1826388888888889
0 0.5170329670329671 0.6822916666666667 0.289010989010989 0.35208333333333336
0 0.5637362637362637 0.7399305555555555 0.13516483516483516 0.1798611111111111
0 0.5587912087912088 0.7315972222222222 0.17912087912087912 0.2326388888888889
0 0.3357142857142857 0.4513888888888889 0.25164835164835164 0.32222222222222224
0 0.3453296703296703 0.46493055555555557 0.24010989010989012 0.3145833333333333
0 0.32857142857142857 0.4392361111111111 0.36923076923076925 0.4479166666666667
