0 0.30683593750000004 0.5663194444444445 0.055859375 0.11041666666666668
0 0.2998046875 0.5538194444444444 0.078515625 0.12847222222222224
0 0.2890625 0.5361111111111111 0.09609375 0.17777777777777778
0 0.34003906250000004 0.625 0.08476562500000001 0.16666666666666669
0 0.38125000000000003 0.6951388888888889 0.059375000000000004 0.11944444444444445
0 0.139453125 0.2670138888888889 0.07109375 0.12013888888888889
0 0.189453125 0.3572916666666667 0.15546875000000002 0.28541666666666665
0 0.1234375 0.23958333333333334 0.10703125000000001 0.18333333333333335
0 0.362109375 0.6659722222222223 0.19843750000000002 0.33194444444444443
0 0.43046875 0.784375 0.3046875 0.5284722222222222
0 0.43007812500000003 0.7840277777777778 0.31562500000000004 0.5402777777777777
0 0.30781250000000004 0.5673611111111111 0.496875 0.8666666666666667
0 0.2998046875 0.5524305555555555 0.523046875 0.9118055555555555
0 0.23847656250000002 0.44548611111111114 0.41445312500000003 0.7479166666666667
0 0.5281250000000001 0.9597222222222223 0.035937500000000004 0.08472222222222223
0 0.4673828125 0.8517361111111111 0.030078125 0.06319444444444444
0 0.47578125000000004 0.8673611111111111 0.1171875 0.19166666666666668
0 0.47402343750000003 0.8607638888888889 0.47773437500000004 0.83125
0 0.4755859375 0.8621527777777778 0.483203125 0.8451388888888889
0 0.47402343750000003 0.8652777777777778 0.48945312500000004 0.8638888888888889
0 0.43125 0.7854166666666667 0.5554687500000001 0.9847222222222223
0 0.5388671875000001 0.9770833333333334 0.500390625 0.8708333333333333
