0 0.23750000000000002 0.4513888888888889 0.06640625 0.10277777777777779
0 0.21171875 0.3996527777777778 0.21328125 0.3854166666666667
0 0.178125 0.3423611111111111 0.07734375 0.11666666666666667
0 0.274609375 0.5100694444444445 0.14453125 0.26180555555555557
0 0.32148437500000004 0.5958333333333333 0.2390625 0.43194444444444446
0 0.2791015625 0.5180555555555556 0.232421875 0.3944444444444445
0 0.2662109375 0.4965277777777778 0.401953125 0.7388888888888889
0 0.3033203125 0.5659722222222222 0.43867187500000004 0.7875
0 0.3369140625 0.6246527777777778 0.381640625 0.6770833333333334
0 0.44355468750000004 0.8166666666666667 0.138671875 0.2625
0 0.4365234375 0.8052083333333334 0.08164062500000001 0.15486111111111112
0 0.397265625 0.7309027777777778 0.034375 0.08125
