0 0.45274725274725275 0.5902777777777778 0.06593406593406594 0.09722222222222222
0 0.548901098901099 0.709375 0.09340659340659341 0.11319444444444444
0 0.5662087912087912 0.7298611111111112 0.019230769230769232 0.020833333333333336
0 0.5615384615384615 0.7232638888888889 0.0967032967032967 0.11180555555555556
0 0.6299450549450549 0.8093750000000001 0.13021978021978023 0.16736111111111113
0 0.6403846153846153 0.8222222222222223 0.1532967032967033 0.19583333333333333
0 0.6681318681318681 0.8562500000000001 0.14725274725274726 0.1875
0 0.6576923076923077 0.8434027777777778 0.2681318681318681 0.33125
0 0.6115384615384616 0.7878472222222223 0.18461538461538463 0.2215277777777778
0 0.5381868131868132 0.7010416666666667 0.4642857142857143 0.5965277777777778
0 0.5642857142857143 0.728125 0.4967032967032967 0.6298611111111111
0 0.48021978021978023 0.6263888888888889 0.654945054945055 0.8347222222222223
0 0.4771978021978022 0.6131944444444445 0.6730769230769231 0.851388888888889
0 0.49725274725274726 0.6399305555555556 0.6923076923076923 0.8784722222222222
0 0.4521978021978022 0.5906250000000001 0.7406593406593407 0.9548611111111112
0 0.375 0.4947916666666667 0.48736263736263735 0.6118055555555556
0 0.3728021978021978 0.4847222222222222 0.506043956043956 0.6263888888888889
0 0.30714285714285716 0.4017361111111111 0.4186813186813187 0.5368055555555555
0 0.389010989010989 0.5034722222222222 0.22417582417582418 0.2791666666666667
0 0.3131868131868132 0.4131944444444445 0.22527472527472528 0.29305555555555557
0 0.3631868131868132 0.4760416666666667 0.38571428571428573 0.5034722222222222
0 0.2664835164835165 0.3454861111111111 0.1758241758241758 0.22430555555555556
0 0.20824175824175825 0.27743055555555557 0.1758241758241758 0.21319444444444446
0 0.24065934065934066 0.31527777777777777 0.13186813186813187 0.16944444444444445
0 0.22197802197802197 0.29097222222222224 0.25164835164835164 0.3138888888888889
0 0.1565934065934066 0.21423611111111113 0.24505494505494504 0.3215277777777778
0 0.11648351648351649 0.16354166666666667 0.0978021978021978 0.12708333333333333
