0 0.4167582417582418 0.5461805555555556 0.27197802197802196 0.34375
0 0.4156593406593407 0.5385416666666667 0.28516483516483515 0.3506944444444445
0 0.2521978021978022 0.3350694444444445 0.1813186813186813 0.21875
0 0.2502747252747253 0.32916666666666666 0.17747252747252748 0.2125
0 0.5953296703296703 0.7739583333333334 0.09615384615384616 0.12013888888888889
0 0.578021978021978 0.7454861111111112 0.12087912087912088 0.15625
0 0.5043956043956044 0.6604166666666667 0.12747252747252746 0.16805555555555557
0 0.4379120879120879 0.5697916666666667 0.15164835164835164 0.21041666666666667
0 0.7420329670329671 0.9527777777777778 0.25 0.32916666666666666
0 0.6862637362637363 0.8836805555555556 0.13296703296703297 0.18125
0 0.6876373626373626 0.8805555555555555 0.17087912087912088 0.20694444444444446
0 0.6582417582417582 0.8493055555555555 0.13516483516483516 0.16666666666666669
0 0.45494505494505494 0.5972222222222222 0.7329670329670329 0.9361111111111111
0 0.4186813186813187 0.5496527777777778 0.5956043956043956 0.7506944444444444
0 0.4348901098901099 0.5680555555555555 0.5642857142857143 0.7125
0 0.45686813186813185 0.596875 0.5005494505494505 0.6381944444444445
0 0.5082417582417582 0.6677083333333333 0.6252747252747253 0.7854166666666667
0 0.32472527472527474 0.4277777777777778 0.5065934065934066 0.6597222222222222
0 0.32774725274725275 0.4305555555555556 0.5038461538461538 0.6513888888888889
0 0.31456043956043955 0.4152777777777778 0.5082417582417582 0.6472222222222223
0 0.1760989010989011 0.24027777777777778 0.2631868131868132 0.34861111111111115
0 0.20824175824175825 0.28229166666666666 0.18571428571428572 0.23958333333333334
0 0.24065934065934066 0.32083333333333336 0.24065934065934066 0.2986111111111111
0 0.2357142857142857 0.31180555555555556 0.22747252747252747 0.2791666666666667
0 0.2315934065934066 0.3059027777777778 0.1401098901098901 0.17708333333333334
