0 0.23901098901098902 0.3128472222222222 0.13956043956043956 0.1798611111111111
0 0.2282967032967033 0.2982638888888889 0.2510989010989011 0.31180555555555556
0 0.23131868131868133 0.3076388888888889 0.25384615384615383 0.3125
0 0.20357142857142857 0.27361111111111114 0.2675824175824176 0.3388888888888889
0 0.11730769230769231 0.16597222222222222 0.11153846153846154 0.14305555555555557
0 0.32445054945054946 0.4295138888888889 0.260989010989011 0.3284722222222222
0 0.2793956043956044 0.3715277777777778 0.30714285714285716 0.37777777777777777
0 0.26565934065934066 0.34652777777777777 0.17637362637362639 0.225
0 0.39093406593406593 0.5059027777777778 0.2302197802197802 0.2826388888888889
0 0.535989010989011 0.6940972222222223 0.4653846153846154 0.5798611111111112
0 0.5865384615384616 0.7621527777777778 0.5697802197802198 0.7270833333333334
0 0.4653846153846154 0.609375 0.7505494505494505 0.9465277777777779
0 0.4804945054945055 0.628125 0.6686813186813186 0.8381944444444445
0 0.4739010989010989 0.6107638888888889 0.6796703296703297 0.8534722222222223
0 0.4978021978021978 0.6413194444444444 0.6934065934065934 0.8812500000000001
0 0.4351648351648352 0.5666666666666667 0.6164835164835165 0.7736111111111111
0 0.28626373626373625 0.3763888888888889 0.310989010989011 0.3819444444444445
0 0.30439560439560437 0.40520833333333334 0.3505494505494505 0.45069444444444445
0 0.4046703296703297 0.5239583333333333 0.5082417582417582 0.6340277777777779
0 0.5571428571428572 0.7211805555555556 0.1087912087912088 0.12708333333333333
0 0.5681318681318681 0.7336805555555556 0.16153846153846155 0.20625000000000002
0 0.5324175824175824 0.6878472222222223 0.1934065934065934 0.23680555555555557
0 0.5398351648351648 0.6975694444444445 0.21483516483516482 0.2715277777777778
0 0.6785714285714286 0.8701388888888889 0.15384615384615385 0.19444444444444445
0 0.7184065934065934 0.921875 0.17087912087912088 0.2215277777777778
0 0.6332417582417582 0.8131944444444444 0.12582417582417582 0.1638888888888889
0 0.6541208791208791 0.8434027777777778 0.1423076923076923 0.1826388888888889
0 0.6456043956043956 0.8298611111111112 0.16043956043956045 0.20277777777777778
