0 0.2810546875 0.5173611111111112 0.032421875 0.04583333333333334
0 0.2314453125 0.4305555555555556 0.009765625 0.02777777777777778
0 0.23300781250000002 0.43333333333333335 0.053515625000000004 0.11527777777777778
0 0.18125000000000002 0.3392361111111111 0.06484375 0.12152777777777778
0 0.1458984375 0.27569444444444446 0.08945312500000001 0.1513888888888889
0 0.12890625 0.24375000000000002 0.084375 0.14027777777777778
0 0.331640625 0.6086805555555556 0.23828125 0.43819444444444444
0 0.3482421875 0.634375 0.240234375 0.4256944444444445
0 0.26894531250000003 0.4979166666666667 0.482421875 0.8541666666666667
0 0.28359375000000003 0.5184027777777778 0.52578125 0.945138888888889
0 0.32929687500000004 0.6024305555555556 0.47187500000000004 0.8243055555555556
0 0.35566406250000004 0.6520833333333333 0.24960937500000002 0.4416666666666667
0 0.43789062500000003 0.7954861111111111 0.18984375 0.3493055555555556
0 0.44453125000000004 0.8072916666666667 0.2234375 0.40902777777777777
0 0.47285156250000004 0.8600694444444444 0.139453125 0.2590277777777778
0 0.4853515625 0.8833333333333334 0.10117187500000001 0.18472222222222223
0 0.5501953125 0.9975694444444445 0.07695312500000001 0.13125
0 0.5037109375000001 0.9187500000000001 0.5417968750000001 0.9638888888888889
0 0.5189453125 0.9482638888888889 0.5144531250000001 0.9229166666666667
0 0.5064453125 0.9173611111111112 0.33632812500000003 0.5819444444444445
0 0.544140625 0.9833333333333334 0.3953125 0.6944444444444444
