0 0.1434065934065934 0.20520833333333335 0.14175824175824175 0.19097222222222224
0 0.160989010989011 0.23402777777777778 0.1956043956043956 0.23333333333333334
0 0.18516483516483517 0.2590277777777778 0.012087912087912088 0.005555555555555556
0 0.29285714285714287 0.3940972222222222 0.38461538461538464 0.4979166666666667
0 0.31565934065934065 0.42673611111111115 0.40824175824175823 0.5090277777777777
0 0.37664835164835164 0.503125 0.3467032967032967 0.4354166666666667
0 0.4771978021978022 0.6309027777777778 0.5642857142857143 0.7298611111111112
0 0.5370879120879121 0.6975694444444445 0.7873626373626373 0.9798611111111112
0 0.5464285714285714 0.71875 0.782967032967033 0.9708333333333333
0 0.493956043956044 0.6475694444444444 0.045054945054945054 0.03680555555555556
0 0.5019230769230769 0.6597222222222222 0.022527472527472527 0.008333333333333333
0 0.5230769230769231 0.6888888888888889 0.23736263736263735 0.3180555555555556
0 0.45576923076923076 0.6006944444444444 0.4818681318681319 0.5986111111111111
0 0.4392857142857143 0.5829861111111111 0.5236263736263737 0.6631944444444444
0 0.3475274725274725 0.47118055555555555 0.36648351648351646 0.45208333333333334
0 0.6508241758241758 0.8482638888888889 0.20934065934065935 0.26458333333333334
0 0.6637362637362637 0.8635416666666667 0.3087912087912088 0.4076388888888889
0 0.7648351648351648 0.9864583333333333 0.13626373626373625 0.15763888888888888
