0 0.12692307692307692 0.17743055555555556 0.04835164835164835 0.04652777777777778
0 0.21978021978021978 0.2947916666666667 0.23296703296703297 0.2868055555555556
0 0.16785714285714284 0.22777777777777777 0.16538461538461538 0.20972222222222223
0 0.2651098901098901 0.35000000000000003 0.19065934065934065 0.24444444444444446
0 0.24395604395604395 0.3229166666666667 0.22417582417582418 0.29444444444444445
0 0.4054945054945055 0.5288194444444445 0.3758241758241758 0.48541666666666666
0 0.5252747252747253 0.6798611111111111 0.5032967032967033 0.6402777777777778
0 0.5782967032967034 0.75 0.6137362637362638 0.7805555555555556
0 0.5598901098901099 0.7246527777777778 0.7516483516483516 0.9409722222222222
0 0.5137362637362637 0.6652777777777779 0.7868131868131868 0.9972222222222222
0 0.4098901098901099 0.5284722222222222 0.654945054945055 0.8250000000000001
0 0.4153846153846154 0.5364583333333334 0.6538461538461539 0.8173611111111111
0 0.41703296703296705 0.5340277777777778 0.6582417582417582 0.8319444444444445
0 0.4142857142857143 0.5399305555555556 0.7 0.89375
0 0.43626373626373627 0.5652777777777778 0.5395604395604395 0.6708333333333334
0 0.47994505494505496 0.6208333333333333 0.5521978021978022 0.7055555555555556
0 0.5313186813186813 0.6850694444444445 0.7725274725274726 0.9812500000000001
0 0.7258241758241758 0.9361111111111111 0.23516483516483516 0.2972222222222222
0 0.7337912087912087 0.9444444444444445 0.2653846153846154 0.3375
0 0.7406593406593407 0.9496527777777778 0.2824175824175824 0.36180555555555555
0 0.7326923076923076 0.9413194444444445 0.28296703296703296 0.36180555555555555
0 0.5689560439560439 0.740625 0.29505494505494506 0.37430555555555556
0 0.628021978021978 0.8086805555555556 0.3868131868131868 0.4951388888888889
0 0.6387362637362637 0.8246527777777778 0.2741758241758242 0.3506944444444445
0 0.35934065934065934 0.4715277777777778 0.2571428571428571 0.33611111111111114
0 0.4052197802197802 0.5270833333333333 0.48956043956043954 0.6041666666666667
0 0.3447802197802198 0.4496527777777778 0.2423076923076923 0.30486111111111114
0 0.5005494505494505 0.6503472222222223 0.210989010989011 0.2798611111111111
0 0.41346153846153844 0.5399305555555556 0.06978021978021978 0.09097222222222223
0 0.45576923076923076 0.5923611111111111 0.012637362637362638 0.002777777777777778
0 0.5428571428571428 0.7034722222222223 0.05384615384615385 0.0638888888888889
