0 0.22527472527472528 0.3041666666666667 0.03406593406593406 0.03333333333333333
0 0.13543956043956043 0.18993055555555557 0.20054945054945056 0.26875
0 0.11620879120879121 0.16458333333333333 0.16648351648351647 0.225
0 0.2980769230769231 0.39305555555555555 0.20714285714285716 0.25833333333333336
0 0.28846153846153844 0.38784722222222223 0.3120879120879121 0.38680555555555557
0 0.30137362637362636 0.3982638888888889 0.3038461538461538 0.3729166666666667
0 0.582967032967033 0.7597222222222223 0.545054945054945 0.7083333333333334
0 0.5508241758241759 0.7152777777777778 0.4796703296703297 0.6194444444444445
0 0.45879120879120877 0.6038194444444445 0.6912087912087912 0.8618055555555556
0 0.5195054945054945 0.6670138888888889 0.7521978021978022 0.945138888888889
0 0.5623626373626374 0.7236111111111111 0.6565934065934066 0.8277777777777778
0 0.5826923076923077 0.7479166666666667 0.6423076923076924 0.8041666666666667
0 0.5936813186813187 0.7631944444444445 0.3851648351648352 0.4902777777777778
0 0.5835164835164836 0.7618055555555556 0.3747252747252747 0.4791666666666667
0 0.5909340659340659 0.7621527777777778 0.30164835164835163 0.39375
0 0.5912087912087912 0.765625 0.26043956043956046 0.3090277777777778
0 0.5898351648351648 0.763888888888889 0.24670329670329672 0.3027777777777778
0 0.6307692307692307 0.8152777777777778 0.14065934065934066 0.1625
0 0.5925824175824176 0.7708333333333334 0.09725274725274725 0.11527777777777778
0 0.5271978021978022 0.6843750000000001 0.21923076923076923 0.2729166666666667
0 0.5228021978021978 0.6805555555555556 0.23351648351648352 0.28055555555555556
0 0.5043956043956044 0.659375 0.12857142857142856 0.16180555555555556
0 0.3293956043956044 0.43680555555555556 0.3423076923076923 0.4166666666666667
0 0.2725274725274725 0.353125 0.38461538461538464 0.4881944444444445
0 0.2706043956043956 0.3635416666666667 0.40274725274725276 0.5020833333333333
0 0.3076923076923077 0.4076388888888889 0.5054945054945055 0.65
