0 0.15714285714285714 0.21284722222222224 0.23626373626373626 0.30625
0 0.20302197802197802 0.27534722222222224 0.22692307692307692 0.2798611111111111
0 0.2153846153846154 0.28784722222222225 0.14505494505494507 0.19236111111111112
0 0.1771978021978022 0.23854166666666668 0.05879120879120879 0.07291666666666667
0 0.25769230769230766 0.33784722222222224 0.1901098901098901 0.2326388888888889
0 0.30027472527472526 0.3940972222222222 0.4445054945054945 0.5618055555555556
0 0.310989010989011 0.40729166666666666 0.432967032967033 0.5576388888888889
0 0.40934065934065933 0.5322916666666667 0.5758241758241758 0.7229166666666667
0 0.4870879120879121 0.6288194444444445 0.48956043956043954 0.6243055555555556
0 0.4458791208791209 0.5774305555555556 0.5401098901098901 0.6895833333333333
0 0.5260989010989011 0.6815972222222223 0.5038461538461538 0.6423611111111112
0 0.5664835164835165 0.7305555555555556 0.6505494505494506 0.8097222222222222
0 0.5717032967032967 0.7392361111111111 0.6324175824175824 0.7979166666666667
0 0.5255494505494506 0.6815972222222223 0.7521978021978022 0.9479166666666667
0 0.4747252747252747 0.6142361111111111 0.7824175824175824 0.9868055555555556
0 0.4 0.5170138888888889 0.6483516483516484 0.8118055555555556
0 0.6142857142857143 0.7961805555555556 0.11868131868131868 0.14375000000000002
0 0.5909340659340659 0.7604166666666667 0.2554945054945055 0.3138888888888889
0 0.6010989010989011 0.7739583333333334 0.3967032967032967 0.5131944444444445
0 0.6252747252747253 0.8038194444444444 0.41098901098901097 0.5159722222222223
0 0.6818681318681319 0.8784722222222222 0.3648351648351648 0.4666666666666667
0 0.6956043956043956 0.8944444444444445 0.3934065934065934 0.49583333333333335
0 0.7233516483516483 0.9274305555555555 0.21923076923076923 0.2881944444444445
0 0.576098901098901 0.7430555555555556 0.37637362637362637 0.48194444444444445
0 0.5645604395604396 0.7291666666666667 0.2587912087912088 0.32222222222222224
0 0.45494505494505494 0.5888888888888889 0.1956043956043956 0.23750000000000002
0 0.40494505494505495 0.5256944444444445 0.013186813186813187 0.004166666666666667
0 0.4793956043956044 0.6184027777777779 0.18186813186813186 0.24097222222222223
0 0.4909340659340659 0.6364583333333333 0.1620879120879121 0.2076388888888889
0 0.37252747252747254 0.4871527777777778 0.5263736263736264 0.6604166666666667
0 0.29615384615384616 0.39131944444444444 0.2681318681318681 0.32430555555555557
0 0.2857142857142857 0.3746527777777778 0.2813186813186813 0.35208333333333336
