0 0.18846153846153846 0.2611111111111111 0.051648351648351645 0.0763888888888889
0 0.2291208791208791 0.3107638888888889 0.15714285714285714 0.18541666666666667
0 0.27197802197802196 0.36909722222222224 0.08461538461538462 0.10486111111111111
0 0.45274725274725275 0.5965277777777778 0.16483516483516483 0.22916666666666669
0 0.34065934065934067 0.4510416666666667 0.16813186813186815 0.21736111111111112
0 0.4104395604395604 0.5361111111111111 0.3813186813186813 0.48888888888888893
0 0.5582417582417583 0.7284722222222223 0.6934065934065934 0.8680555555555556
0 0.47527472527472525 0.6208333333333333 0.7824175824175824 0.9861111111111112
0 0.4461538461538462 0.5840277777777778 0.7538461538461538 0.9527777777777778
0 0.6964285714285714 0.8993055555555556 0.11923076923076924 0.15972222222222224
0 0.7019230769230769 0.909375 0.11593406593406594 0.15069444444444444
0 0.740934065934066 0.9579861111111111 0.14560439560439561 0.1840277777777778
0 0.5637362637362637 0.7340277777777778 0.26043956043956046 0.30972222222222223
0 0.5239010989010989 0.6847222222222222 0.27197802197802196 0.325
0 0.5098901098901099 0.6708333333333334 0.2923076923076923 0.36388888888888893
0 0.3873626373626374 0.5125000000000001 0.4593406593406593 0.5638888888888889
0 0.38186813186813184 0.5045138888888889 0.45274725274725275 0.5618055555555556
0 0.314010989010989 0.42291666666666666 0.47307692307692306 0.6083333333333334
