0 0.1650390625 0.3121527777777778 0.223046875 0.4131944444444445
0 0.1619140625 0.309375 0.09726562500000001 0.17152777777777778
0 0.22968750000000002 0.4305555555555556 0.028125 0.05277777777777778
0 0.2419921875 0.45 0.037109375 0.07777777777777778
0 0.30683593750000004 0.565625 0.074609375 0.12152777777777778
0 0.30312500000000003 0.5604166666666667 0.17734375000000002 0.33055555555555555
0 0.3142578125 0.5795138888888889 0.187890625 0.3493055555555556
0 0.45039062500000004 0.8246527777777778 0.01953125 0.02847222222222222
0 0.4341796875 0.796875 0.003515625 0.013194444444444444
0 0.464453125 0.8465277777777778 0.109375 0.17916666666666667
0 0.41816406250000004 0.7635416666666667 0.15742187500000002 0.28958333333333336
0 0.3943359375 0.7309027777777778 0.307421875 0.53125
0 0.40449218750000004 0.7375 0.355078125 0.6152777777777778
0 0.26484375 0.4934027777777778 0.3453125 0.6270833333333333
0 0.26503906250000003 0.4954861111111111 0.41132812500000004 0.7368055555555556
0 0.248046875 0.4635416666666667 0.42812500000000003 0.7770833333333333
0 0.5126953125 0.9322916666666667 0.455859375 0.7979166666666667
0 0.53359375 0.96875 0.4078125 0.7444444444444445
0 0.534765625 0.9711805555555556 0.553125 0.9812500000000001
