0 0.26593406593406593 0.3614583333333333 0.14505494505494507 0.16597222222222222
0 0.257967032967033 0.35000000000000003 0.15989010989010988 0.18333333333333335
0 0.1576923076923077 0.22256944444444446 0.014285714285714285 0.03263888888888889
0 0.3263736263736264 0.43125 0.26263736263736265 0.3458333333333333
0 0.3027472527472527 0.4065972222222222 0.2802197802197802 0.36041666666666666
0 0.4502747252747253 0.5993055555555555 0.28516483516483515 0.35694444444444445
0 0.5337912087912088 0.7006944444444445 0.5434065934065934 0.7083333333333334
0 0.41016483516483515 0.5402777777777777 0.6269230769230769 0.7861111111111111
0 0.43214285714285716 0.5684027777777778 0.7401098901098901 0.95625
0 0.6412087912087913 0.8361111111111111 0.17142857142857143 0.2152777777777778
0 0.6145604395604396 0.8052083333333334 0.2357142857142857 0.30069444444444443
0 0.6208791208791209 0.8055555555555556 0.3010989010989011 0.39305555555555555
0 0.43626373626373627 0.5725694444444445 0.23296703296703297 0.3159722222222222
0 0.5706043956043956 0.7475694444444445 0.10604395604395604 0.12986111111111112
0 0.5708791208791208 0.75 0.17692307692307693 0.20972222222222223
0 0.29395604395604397 0.3965277777777778 0.25934065934065936 0.3180555555555556
0 0.30934065934065935 0.42118055555555556 0.24615384615384617 0.29930555555555555
0 0.3332417582417582 0.44583333333333336 0.3983516483516483 0.513888888888889
