0 0.25820312500000003 0.4791666666666667 0.04296875 0.06944444444444445
0 0.2177734375 0.40555555555555556 0.000390625 0.016666666666666666
0 0.25625000000000003 0.4756944444444445 0.08359375000000001 0.16666666666666669
0 0.1791015625 0.3402777777777778 0.16523437500000002 0.3055555555555556
0 0.1634765625 0.3090277777777778 0.220703125 0.3944444444444445
0 0.12070312500000001 0.23368055555555556 0.10234375000000001 0.16597222222222222
0 0.38359375 0.7052083333333333 0.09531250000000001 0.16875
0 0.34414062500000003 0.6315972222222223 0.0578125 0.08680555555555555
0 0.27089843750000003 0.49895833333333334 0.472265625 0.8451388888888889
0 0.28261718750000003 0.5184027777777778 0.491015625 0.8895833333333334
0 0.26953125 0.49756944444444445 0.31875000000000003 0.5506944444444445
0 0.37324218750000004 0.6875 0.19492187500000002 0.33472222222222225
0 0.4130859375 0.7520833333333333 0.131640625 0.2513888888888889
0 0.41875 0.7590277777777779 0.14765625000000002 0.27361111111111114
0 0.47734375 0.8725694444444445 0.1921875 0.3340277777777778
0 0.528515625 0.960763888888889 0.07578125000000001 0.12708333333333333
0 0.5326171875 0.9684027777777778 0.058203125 0.11180555555555556
0 0.53828125 0.9770833333333334 0.49843750000000003 0.8708333333333333
0 0.5470703125 0.99375 0.47773437500000004 0.8319444444444445
0 0.46894531250000004 0.8524305555555556 0.487890625 0.8520833333333334
0 0.46914062500000003 0.8538194444444445 0.49921875000000004 0.8979166666666667
0 0.42128906250000003 0.7680555555555556 0.5378906250000001 0.9527777777777778
