0 0.48214285714285715 0.6291666666666667 0.11593406593406594 0.14583333333333334
0 0.4458791208791209 0.5795138888888889 0.08406593406593407 0.10625
0 0.4074175824175824 0.5364583333333334 0.20384615384615384 0.2715277777777778
0 0.4074175824175824 0.5302083333333334 0.2478021978021978 0.30347222222222225
0 0.41208791208791207 0.534375 0.26593406593406593 0.33819444444444446
0 0.34093406593406594 0.44548611111111114 0.1357142857142857 0.17291666666666666
0 0.5318681318681319 0.6902777777777778 0.11318681318681319 0.14305555555555557
0 0.5914835164835165 0.7673611111111112 0.04010989010989011 0.051388888888888894
0 0.6936813186813187 0.8916666666666667 0.1576923076923077 0.19583333333333333
0 0.6192307692307693 0.8006944444444445 0.1879120879120879 0.23750000000000002
0 0.6620879120879121 0.8520833333333334 0.12857142857142856 0.16944444444444445
0 0.5043956043956044 0.6614583333333334 0.45714285714285713 0.5798611111111112
0 0.5629120879120879 0.7291666666666667 0.5082417582417582 0.6472222222222223
0 0.42527472527472526 0.55625 0.6505494505494506 0.8416666666666667
0 0.3335164835164835 0.43645833333333334 0.5274725274725275 0.6743055555555556
0 0.29615384615384616 0.38958333333333334 0.48021978021978023 0.6166666666666667
0 0.30247252747252745 0.4 0.3478021978021978 0.4513888888888889
0 0.23324175824175825 0.3128472222222222 0.2379120879120879 0.29791666666666666
0 0.22802197802197802 0.3013888888888889 0.15054945054945054 0.19861111111111113
0 0.16126373626373627 0.22291666666666668 0.2598901098901099 0.33194444444444443
0 0.11016483516483516 0.1590277777777778 0.03571428571428571 0.05
0 0.14945054945054945 0.20069444444444445 0.0032967032967032967 0.0
