0 0.189010989010989 0.26631944444444444 0.189010989010989 0.23958333333333334
0 0.16043956043956045 0.22708333333333333 0.02967032967032967 0.034722222222222224
0 0.16923076923076924 0.234375 0.08241758241758242 0.11597222222222223
0 0.2434065934065934 0.33125 0.2032967032967033 0.25
0 0.2692307692307692 0.3607638888888889 0.18571428571428572 0.2215277777777778
0 0.3791208791208791 0.5052083333333334 0.34395604395604396 0.42291666666666666
0 0.35494505494505496 0.47118055555555555 0.5054945054945055 0.6215277777777778
0 0.4236263736263736 0.5576388888888889 0.34505494505494505 0.42638888888888893
0 0.6019230769230769 0.7861111111111111 0.2456043956043956 0.29444444444444445
0 0.6184065934065934 0.8093750000000001 0.06868131868131869 0.08819444444444445
0 0.7684065934065935 0.9965277777777778 0.17197802197802198 0.2263888888888889
0 0.775 1.0 0.20714285714285716 0.2625
0 0.5851648351648352 0.7670138888888889 0.6637362637362637 0.8409722222222222
0 0.5258241758241758 0.6840277777777778 0.7791208791208791 0.9736111111111111
0 0.47115384615384615 0.6204861111111112 0.6192307692307693 0.8034722222222223
0 0.4326923076923077 0.5711805555555556 0.3510989010989011 0.45069444444444445
0 0.6142857142857143 0.804513888888889 0.020879120879120878 0.027083333333333334
