0 0.5354395604395604 0.7038194444444444 0.7730769230769231 0.9645833333333333
0 0.4901098901098901 0.6465277777777778 0.6747252747252748 0.8555555555555556
0 0.4403846153846154 0.576388888888889 0.6818681318681319 0.8777777777777778
0 0.42967032967032964 0.5684027777777778 0.5659340659340659 0.7118055555555556
0 0.44752747252747255 0.5809027777777778 0.5258241758241758 0.6576388888888889
0 0.40796703296703296 0.5385416666666667 0.20054945054945056 0.2659722222222222
0 0.4115384615384615 0.5392361111111111 0.21868131868131868 0.27708333333333335
0 0.29093406593406596 0.38125000000000003 0.3565934065934066 0.44027777777777777
0 0.17747252747252748 0.24375000000000002 0.024175824175824177 0.03888888888888889
0 0.1337912087912088 0.18541666666666667 0.08406593406593407 0.11388888888888889
0 0.18736263736263736 0.25416666666666665 0.2032967032967033 0.24166666666666667
0 0.20576923076923076 0.27881944444444445 0.26868131868131867 0.34375
0 0.23186813186813188 0.3076388888888889 0.14285714285714285 0.1736111111111111
0 0.4291208791208791 0.560763888888889 0.02857142857142857 0.04930555555555556
0 0.5008241758241758 0.6520833333333333 0.1346153846153846 0.1625
0 0.5991758241758242 0.7760416666666667 0.05 0.07291666666666667
0 0.4247252747252747 0.5548611111111111 0.11428571428571428 0.14305555555555557
0 0.6843406593406594 0.8847222222222223 0.17307692307692307 0.20694444444444446
0 0.6840659340659341 0.8864583333333333 0.14395604395604394 0.17708333333333334
0 0.6519230769230769 0.8409722222222222 0.13901098901098902 0.18055555555555555
0 0.6263736263736264 0.8111111111111111 0.14065934065934066 0.16111111111111112
0 0.7384615384615385 0.9559027777777778 0.24615384615384617 0.30347222222222225
0 0.3554945054945055 0.4701388888888889 0.5373626373626373 0.6694444444444445
0 0.37774725274725274 0.49618055555555557 0.5302197802197802 0.6659722222222223
0 0.40164835164835166 0.525 0.5065934065934066 0.6375000000000001
0 0.2717032967032967 0.353125 0.1543956043956044 0.19791666666666669
