0 0.2677734375 0.49583333333333335 0.11992187500000001 0.19861111111111113
0 0.2451171875 0.4534722222222222 0.011328125000000001 0.005555555555555556
0 0.20957031250000002 0.3923611111111111 0.005859375 0.001388888888888889
0 0.1630859375 0.3079861111111111 0.008984375000000001 0.024305555555555556
0 0.11894531250000001 0.22708333333333333 0.137109375 0.2555555555555556
0 0.11503906250000001 0.22118055555555557 0.114453125 0.19791666666666669
0 0.111328125 0.21770833333333334 0.1125 0.1951388888888889
0 0.34765625 0.6326388888888889 0.22890625 0.41250000000000003
0 0.3603515625 0.6628472222222223 0.278515625 0.5048611111111111
0 0.280078125 0.5114583333333333 0.42421875000000003 0.7465277777777778
0 0.2921875 0.5350694444444445 0.41796875 0.7548611111111111
0 0.353125 0.6472222222222223 0.4109375 0.7291666666666667
0 0.36347656250000004 0.6673611111111112 0.283984375 0.5111111111111112
0 0.3427734375 0.6270833333333333 0.22382812500000002 0.3875
0 0.4146484375 0.7548611111111111 0.19648437500000002 0.3402777777777778
0 0.4791015625 0.8697916666666667 0.103515625 0.17291666666666666
0 0.5007812500000001 0.9114583333333334 0.06796875000000001 0.12708333333333333
0 0.519140625 0.9420138888888889 0.1390625 0.23125
0 0.5078125 0.9236111111111112 0.46953125 0.8180555555555555
0 0.48261718750000004 0.8822916666666667 0.5183593750000001 0.9340277777777778
0 0.517578125 0.9385416666666667 0.35078125000000004 0.6104166666666667
0 0.501953125 0.9072916666666667 0.45937500000000003 0.8243055555555556
