0 0.288671875 0.5329861111111112 0.039843750000000004 0.05347222222222223
0 0.2765625 0.5142361111111111 0.035937500000000004 0.05625
0 0.2763671875 0.5149305555555556 0.066796875 0.1076388888888889
0 0.19765625 0.371875 0.15703125 0.2923611111111111
0 0.144140625 0.27361111111111114 0.07500000000000001 0.11805555555555557
0 0.143359375 0.2743055555555556 0.065625 0.1
0 0.39492187500000003 0.7232638888888889 0.2109375 0.35347222222222224
0 0.3287109375 0.6052083333333333 0.122265625 0.21041666666666667
0 0.2712890625 0.503125 0.475390625 0.84375
0 0.29921875000000003 0.5520833333333334 0.49453125000000003 0.8736111111111111
0 0.30390625000000004 0.5586805555555556 0.51171875 0.8951388888888889
0 0.424609375 0.7743055555555556 0.16171875000000002 0.3055555555555556
0 0.39179687500000004 0.7229166666666667 0.13125 0.2125
0 0.3806640625 0.6975694444444445 0.34804687500000003 0.6368055555555556
0 0.460546875 0.8381944444444445 0.03828125 0.08611111111111111
0 0.47187500000000004 0.8607638888888889 0.045312500000000006 0.08263888888888889
0 0.5099609375 0.9291666666666667 0.005078125 0.02777777777777778
0 0.5279296875 0.9579861111111111 0.393359375 0.6840277777777778
0 0.512109375 0.9329861111111112 0.4609375 0.8215277777777779
0 0.4107421875 0.7520833333333333 0.559765625 0.9791666666666667
