0 0.2629120879120879 0.35694444444444445 0.11263736263736264 0.12638888888888888
0 0.2087912087912088 0.2885416666666667 0.13736263736263737 0.18125
0 0.185989010989011 0.25833333333333336 0.12692307692307692 0.15972222222222224
0 0.42445054945054944 0.5548611111111111 0.3873626373626374 0.48750000000000004
0 0.3771978021978022 0.49930555555555556 0.3027472527472527 0.3902777777777778
0 0.3760989010989011 0.5034722222222222 0.43241758241758244 0.5541666666666667
0 0.4887362637362637 0.6430555555555556 0.7840659340659341 0.9875
0 0.46016483516483514 0.6083333333333334 0.7763736263736264 0.9861111111111112
0 0.475 0.6239583333333334 0.7510989010989011 0.9423611111111111
0 0.6434065934065935 0.8319444444444445 0.34065934065934067 0.4388888888888889
0 0.6285714285714286 0.81875 0.2989010989010989 0.3805555555555556
0 0.6211538461538462 0.8135416666666667 0.23901098901098902 0.30069444444444443
0 0.4596153846153846 0.6059027777777778 0.03461538461538462 0.03263888888888889
0 0.5945054945054945 0.7767361111111112 0.06263736263736264 0.0951388888888889
0 0.5255494505494506 0.6899305555555556 0.2752747252747253 0.34652777777777777
0 0.3524725274725275 0.46944444444444444 0.5126373626373626 0.6472222222222223
0 0.303021978021978 0.40972222222222227 0.493956043956044 0.6402777777777778
0 0.27774725274725276 0.37569444444444444 0.3532967032967033 0.4513888888888889
