0 0.2431640625 0.4635416666666667 0.08554687500000001 0.15486111111111112
0 0.18203125 0.34826388888888893 0.01640625 0.0076388888888888895
0 0.15351562500000002 0.29618055555555556 0.11796875000000001 0.21597222222222223
0 0.292578125 0.5472222222222223 0.16875 0.3
0 0.32539062500000004 0.5982638888888889 0.27187500000000003 0.4798611111111111
0 0.3271484375 0.6069444444444445 0.283984375 0.513888888888889
0 0.3376953125 0.6253472222222223 0.24335937500000002 0.4451388888888889
0 0.3330078125 0.6142361111111111 0.23554687500000002 0.42986111111111114
0 0.2732421875 0.5079861111111111 0.28164062500000003 0.48680555555555555
0 0.5103515625 0.9364583333333334 0.06992187500000001 0.12291666666666667
0 0.5087890625 0.9302083333333334 0.083984375 0.16736111111111113
0 0.46230468750000003 0.8472222222222222 0.051171875000000006 0.08333333333333334
0 0.4306640625 0.7902777777777779 0.5378906250000001 0.9388888888888889
0 0.54140625 0.9892361111111111 0.20234375000000002 0.34375
