0 0.28296703296703296 0.37604166666666666 0.10329670329670329 0.11875000000000001
0 0.26978021978021977 0.35833333333333334 0.1824175824175824 0.23194444444444445
0 0.2574175824175824 0.34375 0.19505494505494506 0.23750000000000002
0 0.2337912087912088 0.3076388888888889 0.1467032967032967 0.18611111111111112
0 0.1315934065934066 0.18194444444444446 0.008241758241758242 0.019444444444444445
0 0.20851648351648353 0.27847222222222223 0.26978021978021977 0.32916666666666666
0 0.22445054945054946 0.2954861111111111 0.2587912087912088 0.3229166666666667
0 0.2848901098901099 0.3770833333333333 0.4434065934065934 0.5791666666666667
0 0.2906593406593407 0.38680555555555557 0.45274725274725275 0.5847222222222223
0 0.3769230769230769 0.49097222222222225 0.4989010989010989 0.6347222222222223
0 0.414010989010989 0.5368055555555555 0.2675824175824176 0.34444444444444444
0 0.31456043956043955 0.4083333333333333 0.4225274725274725 0.5402777777777777
0 0.45686813186813185 0.596875 0.09945054945054944 0.12847222222222224
0 0.5010989010989011 0.6510416666666667 0.12967032967032968 0.16041666666666668
0 0.554945054945055 0.7197916666666667 0.1010989010989011 0.12152777777777778
0 0.5401098901098901 0.696875 0.08461538461538462 0.10069444444444445
0 0.42637362637362636 0.5527777777777778 0.5934065934065934 0.7430555555555556
0 0.4612637362637363 0.6020833333333333 0.5598901098901099 0.7000000000000001
0 0.5368131868131868 0.7020833333333334 0.6901098901098901 0.8569444444444445
0 0.5876373626373627 0.7649305555555556 0.5763736263736263 0.7409722222222223
0 0.7417582417582418 0.9534722222222223 0.3054945054945055 0.3902777777777778
0 0.6857142857142857 0.8798611111111111 0.17802197802197803 0.21944444444444444
0 0.6813186813186813 0.8756944444444444 0.16813186813186815 0.20416666666666666
0 0.6302197802197802 0.8125 0.13406593406593406 0.16527777777777777
0 0.6541208791208791 0.8406250000000001 0.15219780219780218 0.1826388888888889
0 0.4458791208791209 0.5847222222222223 0.5554945054945055 0.7000000000000001
