0 0.4785714285714286 0.6204861111111112 0.11538461538461539 0.15625
0 0.4870879120879121 0.6329861111111111 0.12142857142857143 0.15208333333333335
0 0.38846153846153847 0.5027777777777778 0.22197802197802197 0.2791666666666667
0 0.3508241758241758 0.4604166666666667 0.3291208791208791 0.40555555555555556
0 0.31785714285714284 0.41909722222222223 0.2302197802197802 0.30069444444444443
0 0.2662087912087912 0.3451388888888889 0.17417582417582417 0.22361111111111112
0 0.46593406593406594 0.6048611111111112 0.48021978021978023 0.5972222222222222
0 0.5840659340659341 0.7586805555555556 0.6428571428571429 0.8131944444444444
0 0.4804945054945055 0.6270833333333333 0.6554945054945055 0.8361111111111111
0 0.4596153846153846 0.6045138888888889 0.7675824175824176 0.9631944444444445
0 0.4766483516483516 0.6142361111111111 0.6741758241758242 0.8506944444444445
0 0.4978021978021978 0.6402777777777778 0.6934065934065934 0.8791666666666667
0 0.49148351648351646 0.6354166666666667 0.4565934065934066 0.5819444444444445
0 0.6760989010989011 0.8663194444444445 0.1532967032967033 0.19375
0 0.7197802197802198 0.9243055555555556 0.2076923076923077 0.2611111111111111
0 0.6524725274725275 0.842013888888889 0.14560439560439561 0.18680555555555556
0 0.6376373626373626 0.8215277777777779 0.1631868131868132 0.2013888888888889
0 0.6302197802197802 0.8100694444444445 0.13186813186813187 0.16875
0 0.528021978021978 0.6822916666666667 0.15274725274725276 0.20069444444444445
0 0.5953296703296703 0.76875 0.023626373626373626 0.03194444444444445
0 0.3873626373626374 0.5083333333333333 0.4714285714285714 0.6055555555555556
0 0.42994505494505497 0.5597222222222222 0.41483516483516486 0.5208333333333334
0 0.28186813186813187 0.37083333333333335 0.42747252747252745 0.5513888888888889
0 0.24093406593406594 0.3201388888888889 0.20714285714285716 0.2652777777777778
0 0.2412087912087912 0.31666666666666665 0.13516483516483516 0.17083333333333334
0 0.17747252747252748 0.23993055555555556 0.08461538461538462 0.0951388888888889
0 0.22225274725274724 0.290625 0.25 0.3104166666666667
0 0.1315934065934066 0.1826388888888889 0.19395604395604396 0.2569444444444445
