0 0.45384615384615384 0.5913194444444445 0.06923076923076923 0.09652777777777778
0 0.4785714285714286 0.61875 0.11318681318681319 0.1486111111111111
0 0.5467032967032966 0.70625 0.056043956043956046 0.06944444444444445
0 0.5656593406593406 0.7315972222222222 0.18186813186813186 0.22847222222222224
0 0.6554945054945055 0.8434027777777778 0.1956043956043956 0.25069444444444444
0 0.631043956043956 0.8104166666666667 0.12912087912087913 0.16805555555555557
0 0.639010989010989 0.820138888888889 0.14065934065934066 0.18194444444444446
0 0.6623626373626373 0.85 0.1357142857142857 0.16805555555555557
0 0.7041208791208792 0.9031250000000001 0.21813186813186813 0.27569444444444446
0 0.4326923076923077 0.5690972222222223 0.6730769230769231 0.8381944444444445
0 0.4796703296703297 0.6267361111111112 0.654945054945055 0.8340277777777778
0 0.4978021978021978 0.6392361111111111 0.6934065934065934 0.8784722222222222
0 0.4774725274725275 0.6138888888888889 0.6725274725274726 0.8472222222222222
0 0.5521978021978022 0.7173611111111111 0.48131868131868133 0.6222222222222222
0 0.5607142857142857 0.725 0.5027472527472527 0.6263888888888889
0 0.38846153846153847 0.503125 0.2230769230769231 0.2798611111111111
0 0.36565934065934064 0.48020833333333335 0.3994505494505495 0.5118055555555556
0 0.30934065934065935 0.41111111111111115 0.22747252747252747 0.2833333333333333
0 0.2673076923076923 0.34756944444444443 0.17527472527472526 0.22291666666666668
0 0.12087912087912088 0.17291666666666666 0.007692307692307693 0.01388888888888889
0 0.1304945054945055 0.18125 0.013736263736263736 0.008333333333333333
0 0.23131868131868133 0.31006944444444445 0.1758241758241758 0.21180555555555555
0 0.2379120879120879 0.31006944444444445 0.13516483516483516 0.17569444444444446
0 0.22142857142857142 0.29097222222222224 0.25274725274725274 0.3125
0 0.36730769230769234 0.4795138888888889 0.2543956043956044 0.3284722222222222
0 0.3758241758241758 0.49270833333333336 0.5 0.61875
0 0.35274725274725277 0.4635416666666667 0.5274725274725275 0.6756944444444445
