0 0.3505859375 0.6413194444444444 0.098046875 0.16458333333333333
0 0.3259765625 0.5958333333333333 0.17539062500000002 0.29444444444444445
0 0.319140625 0.5871527777777777 0.01640625 0.010416666666666668
0 0.286328125 0.5315972222222223 0.02890625 0.04513888888888889
0 0.21699218750000002 0.40555555555555556 0.010546875 0.009722222222222222
0 0.1513671875 0.2857638888888889 0.051171875000000006 0.08402777777777778
0 0.1654296875 0.3138888888888889 0.158984375 0.2638888888888889
0 0.15937500000000002 0.30069444444444443 0.18046875 0.325
0 0.1193359375 0.22986111111111113 0.146484375 0.27083333333333337
0 0.2958984375 0.5423611111111112 0.401171875 0.7027777777777778
0 0.3130859375 0.5774305555555556 0.491796875 0.8645833333333334
0 0.29140625000000003 0.5395833333333333 0.51015625 0.9069444444444444
0 0.374609375 0.6854166666666667 0.28750000000000003 0.4916666666666667
0 0.35664062500000004 0.6541666666666667 0.171875 0.2888888888888889
0 0.3994140625 0.734375 0.209765625 0.36180555555555555
0 0.4548828125 0.8267361111111111 0.030859375 0.06736111111111111
0 0.4919921875 0.8965277777777778 0.08554687500000001 0.1388888888888889
0 0.47773437500000004 0.8718750000000001 0.15546875000000002 0.26875
0 0.471484375 0.8579861111111111 0.50234375 0.90625
0 0.4908203125 0.8954861111111111 0.440234375 0.7701388888888889
