0 0.18269230769230768 0.25381944444444443 0.02912087912087912 0.035416666666666666
0 0.20412087912087912 0.2826388888888889 0.1576923076923077 0.20694444444444446
0 0.18434065934065935 0.259375 0.15989010989010988 0.21041666666666667
0 0.31043956043956045 0.41458333333333336 0.25164835164835164 0.33055555555555555
0 0.38269230769230766 0.5034722222222222 0.32142857142857145 0.4222222222222222
0 0.44945054945054946 0.6 0.2923076923076923 0.3666666666666667
0 0.4195054945054945 0.5517361111111111 0.6884615384615385 0.8618055555555556
0 0.43846153846153846 0.5795138888888889 0.5692307692307692 0.7118055555555556
0 0.5425824175824175 0.709375 0.7357142857142858 0.9131944444444445
0 0.6417582417582418 0.8350694444444445 0.3076923076923077 0.3770833333333333
0 0.7115384615384616 0.9184027777777778 0.3901098901098901 0.4826388888888889
0 0.7002747252747252 0.9114583333333334 0.11043956043956044 0.14791666666666667
0 0.570054945054945 0.7479166666666667 0.19285714285714287 0.22777777777777777
0 0.5642857142857143 0.7378472222222222 0.16153846153846155 0.2215277777777778
0 0.4739010989010989 0.6236111111111111 0.2598901098901099 0.34444444444444444
0 0.3648351648351648 0.48750000000000004 0.3208791208791209 0.3888888888888889
0 0.3384615384615385 0.4569444444444445 0.3648351648351648 0.4708333333333333
0 0.260989010989011 0.35833333333333334 0.31978021978021975 0.3944444444444445
