0 0.20566406250000002 0.39375 0.005859375 0.01388888888888889
0 0.21640625000000002 0.4149305555555556 0.0023437500000000003 0.011805555555555555
0 0.23671875 0.44583333333333336 0.11015625000000001 0.18333333333333335
0 0.36074218750000003 0.6663194444444445 0.236328125 0.42430555555555555
0 0.3181640625 0.5868055555555556 0.225390625 0.4013888888888889
0 0.275390625 0.5118055555555556 0.20078125000000002 0.34861111111111115
0 0.3287109375 0.6062500000000001 0.366015625 0.6625
0 0.302734375 0.5597222222222222 0.43281250000000004 0.7902777777777779
0 0.4654296875 0.8503472222222223 0.073046875 0.11458333333333334
0 0.40156250000000004 0.7392361111111111 0.06484375 0.12430555555555556
0 0.39453125 0.7302083333333333 0.05234375 0.1076388888888889
0 0.3072265625 0.5722222222222223 0.22773437500000002 0.41805555555555557
0 0.544921875 0.9951388888888889 0.21640625000000002 0.3861111111111111
