0 0.1431640625 0.27083333333333337 0.194140625 0.35833333333333334
0 0.13105468750000002 0.2520833333333333 0.16914062500000002 0.3041666666666667
0 0.1263671875 0.23993055555555556 0.10039062500000001 0.17291666666666666
0 0.20722656250000002 0.38645833333333335 0.11210937500000001 0.20208333333333334
0 0.2083984375 0.38784722222222223 0.004296875 0.010416666666666668
0 0.2724609375 0.5013888888888889 0.107421875 0.17777777777777778
0 0.288671875 0.5305555555555556 0.07500000000000001 0.12361111111111112
0 0.4052734375 0.7388888888888889 0.219140625 0.375
0 0.3505859375 0.6381944444444445 0.221484375 0.39166666666666666
0 0.4158203125 0.757638888888889 0.215234375 0.3944444444444445
0 0.425390625 0.7729166666666667 0.3203125 0.5555555555555556
0 0.370703125 0.6756944444444445 0.31093750000000003 0.5416666666666667
0 0.2873046875 0.5288194444444445 0.405078125 0.7076388888888889
0 0.283203125 0.51875 0.4109375 0.7291666666666667
0 0.256640625 0.4763888888888889 0.43359375 0.7541666666666667
0 0.5107421875 0.9277777777777778 0.050390625 0.10833333333333334
0 0.516015625 0.9381944444444444 0.07421875 0.13333333333333333
0 0.4685546875 0.851388888888889 0.054296875 0.10833333333333334
0 0.49648437500000003 0.9024305555555556 0.40625 0.7034722222222223
0 0.500390625 0.9142361111111111 0.40703125 0.7076388888888889
0 0.51875 0.9454861111111111 0.38125000000000003 0.6854166666666667
0 0.523046875 0.951388888888889 0.36640625000000004 0.6583333333333333
0 0.471484375 0.8534722222222223 0.4578125 0.8013888888888889
0 0.1431640625 0.27083333333333337 0.194140625 0.35833333333333334
0 0.13105468750000002 0.2520833333333333 0.16914062500000002 0.3041666666666667
0 0.1263671875 0.23993055555555556 0.10039062500000001 0.17291666666666666
0 0.20722656250000002 0.38645833333333335 0.11210937500000001 0.20208333333333334
0 0.2083984375 0.38784722222222223 0.004296875 0.010416666666666668
0 0.2724609375 0.5013888888888889 0.107421875 0.17777777777777778
0 0.288671875 0.5305555555555556 0.07500000000000001 0.12361111111111112
0 0.4052734375 0.7388888888888889 0.219140625 0.375
0 0.3505859375 0.6381944444444445 0.221484375 0.39166666666666666
0 0.4158203125 0.757638888888889 0.215234375 0.3944444444444445
0 0.425390625 0.7729166666666667 0.3203125 0.5555555555555556
0 0.370703125 0.6756944444444445 0.31093750000000003 0.5416666666666667
0 0.2873046875 0.5288194444444445 0.405078125 0.7076388888888889
0 0.283203125 0.51875 0.4109375 0.7291666666666667
0 0.256640625 0.4763888888888889 0.43359375 0.7541666666666667
0 0.5107421875 0.9277777777777778 0.050390625 0.10833333333333334
0 0.516015625 0.9381944444444444 0.07421875 0.13333333333333333
0 0.4685546875 0.851388888888889 0.054296875 0.10833333333333334
0 0.49648437500000003 0.9024305555555556 0.40625 0.7034722222222223
0 0.500390625 0.9142361111111111 0.40703125 0.7076388888888889
0 0.51875 0.9454861111111111 0.38125000000000003 0.6854166666666667
0 0.523046875 0.951388888888889 0.36640625000000004 0.6583333333333333
0 0.471484375 0.8534722222222223 0.4578125 0.8013888888888889
