0 0.2368131868131868 0.3236111111111111 0.14395604395604394 0.17222222222222222
0 0.20961538461538462 0.2888888888888889 0.13681318681318683 0.18194444444444446
0 0.18653846153846154 0.25798611111111114 0.12362637362637363 0.15625
0 0.3637362637362637 0.4847222222222222 0.4197802197802198 0.5472222222222223
0 0.381043956043956 0.5027777777777778 0.3027472527472527 0.3902777777777778
0 0.425 0.5569444444444445 0.38846153846153847 0.48888888888888893
0 0.47417582417582416 0.623263888888889 0.7494505494505495 0.9479166666666667
0 0.48736263736263735 0.6399305555555556 0.7846153846153846 0.9895833333333334
0 0.4596153846153846 0.6072916666666667 0.7763736263736264 0.9868055555555556
0 0.643956043956044 0.8315972222222222 0.34615384615384615 0.44236111111111115
0 0.6315934065934066 0.8246527777777778 0.19945054945054946 0.23541666666666666
0 0.664010989010989 0.8649305555555555 0.13021978021978023 0.14791666666666667
0 0.5590659340659341 0.7315972222222222 0.2587912087912088 0.3451388888888889
0 0.5260989010989011 0.6927083333333334 0.2741758241758242 0.3451388888888889
0 0.5260989010989011 0.6923611111111111 0.28406593406593406 0.35694444444444445
0 0.3782967032967033 0.5069444444444444 0.31153846153846154 0.4041666666666667
0 0.3532967032967033 0.47118055555555555 0.5164835164835165 0.6493055555555556
0 0.2774725274725275 0.37256944444444445 0.3648351648351648 0.45069444444444445
