0 0.22480468750000002 0.4322916666666667 0.213671875 0.3770833333333333
0 0.20371093750000002 0.39305555555555555 0.201171875 0.375
0 0.1865234375 0.35659722222222223 0.075390625 0.12430555555555556
0 0.374609375 0.690625 0.026562500000000003 0.07152777777777779
0 0.32890625 0.6149305555555555 0.146875 0.2534722222222222
0 0.3212890625 0.6010416666666667 0.0074218750000000005 0.00625
0 0.33046875000000003 0.6142361111111111 0.28046875 0.49236111111111114
0 0.3513671875 0.6527777777777778 0.45429687500000004 0.8083333333333333
0 0.34199218750000004 0.634375 0.45429687500000004 0.795138888888889
0 0.48671875000000003 0.8972222222222223 0.18203125 0.32916666666666666
0 0.4390625 0.8121527777777778 0.1859375 0.34375
0 0.425390625 0.7868055555555555 0.15937500000000002 0.30694444444444446
0 0.505859375 0.9190972222222222 0.53828125 0.9770833333333334
0 0.49296875 0.9027777777777778 0.51953125 0.9486111111111112
