0 0.15247252747252749 0.22083333333333335 0.06208791208791209 0.07777777777777778
0 0.17747252747252748 0.25069444444444444 0.013186813186813187 0.018055555555555557
0 0.14835164835164835 0.21319444444444446 0.021978021978021976 0.03194444444444445
0 0.425 0.55625 0.3862637362637363 0.4847222222222222
0 0.442032967032967 0.5826388888888889 0.4247252747252747 0.5486111111111112
0 0.40906593406593406 0.5458333333333334 0.13901098901098902 0.17916666666666667
0 0.4664835164835165 0.6131944444444445 0.7549450549450549 0.9611111111111111
0 0.46098901098901096 0.6062500000000001 0.7604395604395604 0.9722222222222222
0 0.41016483516483515 0.5420138888888889 0.6697802197802197 0.8451388888888889
0 0.6486263736263737 0.8489583333333334 0.39065934065934066 0.5006944444444444
0 0.6497252747252747 0.8440972222222223 0.3576923076923077 0.4534722222222222
0 0.6502747252747253 0.8517361111111111 0.16538461538461538 0.21458333333333335
0 0.49835164835164836 0.65625 0.26043956043956046 0.33055555555555555
0 0.5098901098901099 0.6708333333333334 0.256043956043956 0.33333333333333337
0 0.45989010989010987 0.6079861111111111 0.19230769230769232 0.2576388888888889
0 0.4013736263736264 0.5319444444444444 0.4686813186813187 0.5722222222222223
0 0.3598901098901099 0.48368055555555556 0.5087912087912088 0.6381944444444445
0 0.3576923076923077 0.4763888888888889 0.41098901098901097 0.5305555555555556
