0 0.1596153846153846 0.22256944444444446 0.07417582417582418 0.10347222222222223
0 0.15137362637362636 0.2170138888888889 0.02912087912087912 0.043750000000000004
0 0.17994505494505494 0.2534722222222222 0.06648351648351648 0.08194444444444444
0 0.44065934065934065 0.5829861111111111 0.42747252747252745 0.5256944444444445
0 0.4398351648351648 0.5784722222222223 0.33791208791208793 0.43333333333333335
0 0.425 0.55625 0.3862637362637363 0.4861111111111111
0 0.4697802197802198 0.6131944444444445 0.7681318681318682 0.9805555555555556
0 0.42225274725274725 0.5555555555555556 0.5873626373626374 0.7291666666666667
0 0.4225274725274725 0.5579861111111112 0.6010989010989011 0.7451388888888889
0 0.6532967032967033 0.8506944444444445 0.15714285714285714 0.18055555555555555
0 0.7236263736263736 0.929513888888889 0.33406593406593404 0.4131944444444445
0 0.7585164835164835 0.9836805555555556 0.20164835164835165 0.26319444444444445
0 0.5057692307692307 0.6659722222222223 0.2521978021978022 0.325
0 0.4956043956043956 0.6517361111111112 0.25164835164835164 0.3340277777777778
0 0.5016483516483516 0.6604166666666667 0.020879120879120878 0.036111111111111115
0 0.40576923076923077 0.5392361111111111 0.3346153846153846 0.4354166666666667
0 0.34203296703296704 0.45937500000000003 0.41483516483516486 0.5284722222222222
0 0.27554945054945057 0.3715277777777778 0.43351648351648353 0.5638888888888889
