0 0.36660156250000003 0.6694444444444445 0.270703125 0.47361111111111115
0 0.3359375 0.6138888888888889 0.23359375000000002 0.4138888888888889
0 0.2701171875 0.5013888888888889 0.091796875 0.15694444444444444
0 0.2455078125 0.4572916666666667 0.072265625 0.13125
0 0.20820312500000002 0.3885416666666667 0.00390625 0.014583333333333334
0 0.12890625 0.24409722222222224 0.10390625 0.18125
0 0.178125 0.3357638888888889 0.1625 0.28402777777777777
0 0.15703125 0.2982638888888889 0.21015625000000002 0.3701388888888889
0 0.137109375 0.26006944444444446 0.16171875000000002 0.2881944444444445
0 0.384375 0.7059027777777778 0.31484375000000003 0.5743055555555556
0 0.3609375 0.6604166666666667 0.29296875 0.5361111111111111
0 0.3306640625 0.6083333333333334 0.223046875 0.3902777777777778
0 0.2859375 0.5305555555555556 0.30546875 0.5375
0 0.29453125 0.5402777777777777 0.4078125 0.7180555555555556
0 0.2666015625 0.4916666666666667 0.46992187500000004 0.8250000000000001
0 0.49042968750000004 0.8909722222222223 0.038671875 0.08750000000000001
0 0.4892578125 0.8902777777777778 0.047265625000000006 0.10277777777777779
0 0.5291015625000001 0.9628472222222223 0.09257812500000001 0.1423611111111111
0 0.478515625 0.8694444444444445 0.46640625 0.8097222222222222
0 0.4716796875 0.8565972222222222 0.46914062500000003 0.820138888888889
