0 0.23652343750000002 0.4510416666666667 0.06601562500000001 0.10347222222222223
0 0.1775390625 0.3434027777777778 0.07773437500000001 0.11597222222222223
0 0.211328125 0.39895833333333336 0.21406250000000002 0.3840277777777778
0 0.274609375 0.5097222222222222 0.14453125 0.2611111111111111
0 0.27890625 0.5177083333333333 0.23203125000000002 0.39375
0 0.3220703125 0.5965277777777778 0.238671875 0.43194444444444446
0 0.33710937500000004 0.6253472222222223 0.38125000000000003 0.6770833333333334
0 0.30292968750000004 0.5663194444444445 0.43789062500000003 0.7868055555555555
0 0.2662109375 0.49756944444444445 0.40273437500000003 0.7409722222222223
0 0.4431640625 0.8163194444444445 0.138671875 0.26180555555555557
0 0.43671875000000004 0.8055555555555556 0.08203125 0.15555555555555556
0 0.3974609375 0.7315972222222222 0.033984375000000004 0.08263888888888889
0 0.5490234375 1.0 0.21992187500000002 0.40555555555555556
