0 0.16035156250000002 0.30069444444444443 0.178515625 0.3180555555555556
0 0.1654296875 0.31319444444444444 0.15976562500000002 0.2652777777777778
0 0.1142578125 0.22291666666666668 0.126953125 0.2263888888888889
0 0.1513671875 0.284375 0.051171875000000006 0.08541666666666667
0 0.2162109375 0.4059027777777778 0.005078125 0.0076388888888888895
0 0.28203125 0.5236111111111111 0.030468750000000003 0.059722222222222225
0 0.3181640625 0.5829861111111111 0.016796875 0.011805555555555555
0 0.32656250000000003 0.5965277777777778 0.17421875 0.29583333333333334
0 0.3513671875 0.6447916666666667 0.098046875 0.16736111111111113
0 0.36328125 0.6642361111111111 0.29453125 0.5118055555555556
0 0.36269531250000003 0.6631944444444444 0.300390625 0.5472222222222223
0 0.39980468750000003 0.7357638888888889 0.209765625 0.36180555555555555
0 0.328125 0.6034722222222223 0.46718750000000003 0.8152777777777778
0 0.2958984375 0.5437500000000001 0.401953125 0.701388888888889
0 0.2951171875 0.5399305555555556 0.5183593750000001 0.9187500000000001
0 0.48671875000000003 0.890625 0.15234375 0.27569444444444446
0 0.49160156250000003 0.8961805555555555 0.087109375 0.13819444444444445
0 0.45546875000000003 0.8288194444444444 0.030468750000000003 0.07013888888888889
0 0.48066406250000004 0.8746527777777778 0.46132812500000003 0.83125
0 0.5 0.9100694444444445 0.42890625000000004 0.7534722222222222
0 0.4919921875 0.8961805555555555 0.439453125 0.7756944444444445
