0 0.15934065934065933 0.22534722222222223 0.05054945054945055 0.07708333333333334
0 0.16703296703296702 0.2371527777777778 0.07252747252747253 0.10486111111111111
0 0.16373626373626374 0.2295138888888889 0.07912087912087912 0.11458333333333334
0 0.364010989010989 0.4798611111111111 0.23901098901098902 0.29305555555555557
0 0.42747252747252745 0.5649305555555556 0.13406593406593406 0.19236111111111112
0 0.3021978021978022 0.4048611111111111 0.26373626373626374 0.33333333333333337
0 0.4771978021978022 0.6288194444444445 0.5247252747252747 0.6506944444444445
0 0.5043956043956044 0.6604166666666667 0.7549450549450549 0.9541666666666667
0 0.653021978021978 0.8472222222222222 0.3851648351648352 0.5055555555555555
0 0.6747252747252748 0.8763888888888889 0.34505494505494505 0.44027777777777777
0 0.7107142857142857 0.9170138888888889 0.2587912087912088 0.34375
0 0.570054945054945 0.7475694444444445 0.10054945054945055 0.13541666666666669
0 0.576098901098901 0.7590277777777779 0.13681318681318683 0.18888888888888888
0 0.5285714285714286 0.6923611111111111 0.24175824175824176 0.29583333333333334
0 0.3381868131868132 0.4545138888888889 0.2532967032967033 0.3215277777777778
0 0.35384615384615387 0.4756944444444445 0.24945054945054945 0.3236111111111111
0 0.33653846153846156 0.4534722222222222 0.360989010989011 0.46805555555555556
