0 0.42417582417582417 0.5517361111111111 0.0032967032967032967 0.0076388888888888895
0 0.44148351648351647 0.5767361111111111 0.036813186813186814 0.04097222222222222
0 0.48434065934065934 0.6190972222222223 0.09395604395604396 0.11875000000000001
0 0.5313186813186813 0.6854166666666667 0.16373626373626374 0.21666666666666667
0 0.595054945054945 0.7694444444444445 0.020879120879120878 0.03333333333333333
0 0.28296703296703296 0.37604166666666666 0.3791208791208791 0.48541666666666666
0 0.3260989010989011 0.425 0.2489010989010989 0.3125
0 0.389010989010989 0.5034722222222222 0.22417582417582418 0.28194444444444444
0 0.26703296703296703 0.34652777777777777 0.17472527472527472 0.225
0 0.314010989010989 0.4135416666666667 0.3730769230769231 0.4840277777777778
0 0.260989010989011 0.34479166666666666 0.13406593406593406 0.1798611111111111
0 0.23956043956043957 0.31180555555555556 0.13846153846153847 0.1763888888888889
0 0.21978021978021978 0.29583333333333334 0.26263736263736265 0.3263888888888889
0 0.2206043956043956 0.290625 0.25 0.3159722222222222
0 0.15714285714285714 0.2138888888888889 0.026373626373626374 0.04166666666666667
0 0.4063186813186813 0.5260416666666667 0.4686813186813187 0.5993055555555555
0 0.4046703296703297 0.5284722222222222 0.4565934065934066 0.5736111111111112
0 0.46785714285714286 0.6152777777777778 0.5005494505494505 0.6486111111111111
0 0.48021978021978023 0.6277777777777778 0.6681318681318681 0.8361111111111111
0 0.4796703296703297 0.625 0.7483516483516484 0.9472222222222223
0 0.47417582417582416 0.609375 0.6780219780219781 0.8548611111111112
0 0.4980769230769231 0.6413194444444444 0.6928571428571428 0.8812500000000001
0 0.4755494505494505 0.6170138888888889 0.47197802197802197 0.6034722222222223
0 0.4401098901098901 0.5715277777777777 0.5637362637362637 0.7166666666666667
0 0.6381868131868131 0.8211805555555556 0.160989010989011 0.20208333333333334
0 0.6329670329670329 0.8111111111111111 0.12637362637362637 0.16527777777777777
0 0.6318681318681318 0.8121527777777778 0.16043956043956045 0.21458333333333335
0 0.6760989010989011 0.8697916666666667 0.1543956043956044 0.19652777777777777
0 0.6381868131868131 0.821875 0.17197802197802198 0.22291666666666668
