0 0.18571428571428572 0.25798611111111114 0.015384615384615385 0.011805555555555555
0 0.14917582417582417 0.21423611111111113 0.025824175824175823 0.035416666666666666
0 0.1554945054945055 0.22013888888888888 0.07252747252747253 0.09444444444444444
0 0.35274725274725277 0.47118055555555555 0.1758241758241758 0.20625000000000002
0 0.4010989010989011 0.5322916666666667 0.3208791208791209 0.4048611111111111
0 0.425 0.5565972222222223 0.3851648351648352 0.48541666666666666
0 0.47994505494505496 0.6309027777777778 0.7862637362637362 0.9979166666666667
0 0.46675824175824177 0.6131944444444445 0.7543956043956044 0.9583333333333334
0 0.4623626373626374 0.6052083333333333 0.760989010989011 0.9715277777777778
0 0.6711538461538461 0.8673611111111111 0.35 0.44027777777777777
0 0.6865384615384615 0.8930555555555556 0.16758241758241757 0.22083333333333335
0 0.7068681318681319 0.9187500000000001 0.11043956043956044 0.14444444444444446
0 0.510989010989011 0.670138888888889 0.25054945054945055 0.33333333333333337
0 0.4912087912087912 0.6482638888888889 0.25384615384615383 0.31736111111111115
0 0.45274725274725275 0.5961805555555556 0.15824175824175823 0.21875
0 0.4076923076923077 0.5444444444444445 0.34285714285714286 0.44027777777777777
0 0.36675824175824173 0.48750000000000004 0.47637362637362635 0.5958333333333333
0 0.3425824175824176 0.46111111111111114 0.31263736263736264 0.4027777777777778
