0 0.1596153846153846 0.22291666666666668 0.07527472527472527 0.10277777777777779
0 0.15082417582417582 0.21631944444444445 0.03131868131868132 0.04513888888888889
0 0.18021978021978022 0.25277777777777777 0.06703296703296703 0.08194444444444444
0 0.42527472527472526 0.5555555555555556 0.3868131868131868 0.4861111111111111
0 0.43956043956043955 0.578125 0.3384615384615385 0.4340277777777778
0 0.4412087912087912 0.5826388888888889 0.42747252747252745 0.5263888888888889
0 0.4697802197802198 0.6128472222222222 0.7681318681318682 0.9812500000000001
0 0.4307692307692308 0.5659722222222222 0.5703296703296703 0.7083333333333334
0 0.4126373626373626 0.5444444444444445 0.6868131868131868 0.8680555555555556
0 0.6557692307692308 0.8541666666666667 0.1489010989010989 0.1763888888888889
0 0.7233516483516483 0.93125 0.3302197802197802 0.41250000000000003
0 0.7607142857142857 0.9864583333333333 0.2434065934065934 0.3076388888888889
0 0.5054945054945055 0.6659722222222223 0.25384615384615383 0.325
0 0.48543956043956044 0.640625 0.2653846153846154 0.32430555555555557
0 0.5093406593406593 0.6708333333333334 0.01978021978021978 0.02638888888888889
0 0.360989010989011 0.48333333333333334 0.3945054945054945 0.49444444444444446
0 0.3425824175824176 0.45937500000000003 0.41593406593406596 0.5284722222222222
0 0.2804945054945055 0.38020833333333337 0.4510989010989011 0.5840277777777778
