0 0.14258241758241758 0.1982638888888889 0.10934065934065934 0.12291666666666667
0 0.20659340659340658 0.2767361111111111 0.07802197802197802 0.09375
0 0.1519230769230769 0.21006944444444445 0.18956043956043955 0.24791666666666667
0 0.1673076923076923 0.2295138888888889 0.23461538461538461 0.3090277777777778
0 0.2662087912087912 0.34895833333333337 0.19285714285714287 0.2465277777777778
0 0.2403846153846154 0.31875000000000003 0.2543956043956044 0.32083333333333336
0 0.32335164835164837 0.42812500000000003 0.47197802197802197 0.6062500000000001
0 0.48653846153846153 0.6309027777777778 0.7467032967032967 0.9409722222222222
0 0.5151098901098901 0.6649305555555556 0.7873626373626373 0.9965277777777778
0 0.5692307692307692 0.7375 0.7252747252747253 0.9013888888888889
0 0.48131868131868133 0.6201388888888889 0.5516483516483517 0.7041666666666667
0 0.4675824175824176 0.6038194444444445 0.6813186813186813 0.8659722222222223
0 0.41208791208791207 0.5347222222222222 0.6307692307692307 0.7958333333333334
0 0.4115384615384615 0.5375 0.6571428571428571 0.8236111111111112
0 0.4142857142857143 0.5364583333333334 0.7054945054945055 0.8965277777777778
0 0.5695054945054945 0.7357638888888889 0.25769230769230766 0.3229166666666667
0 0.6258241758241758 0.8041666666666667 0.13186813186813187 0.15694444444444444
0 0.6760989010989011 0.8697916666666667 0.22252747252747251 0.2826388888888889
0 0.6758241758241759 0.8666666666666667 0.1824175824175824 0.22777777777777777
0 0.6804945054945055 0.8756944444444444 0.11923076923076924 0.15833333333333333
0 0.7348901098901099 0.945138888888889 0.3027472527472527 0.3680555555555556
0 0.7332417582417582 0.9458333333333334 0.3159340659340659 0.3944444444444445
0 0.6489010989010989 0.8409722222222222 0.45604395604395603 0.5736111111111112
0 0.5258241758241758 0.6836805555555556 0.12857142857142856 0.16597222222222222
0 0.48324175824175825 0.6298611111111111 0.06978021978021978 0.07777777777777778
0 0.4118131868131868 0.5378472222222223 0.07307692307692308 0.08402777777777778
0 0.3131868131868132 0.4138888888888889 0.3241758241758242 0.4152777777777778
0 0.3412087912087912 0.4451388888888889 0.24285714285714285 0.3027777777777778
0 0.31785714285714284 0.4135416666666667 0.2642857142857143 0.3298611111111111
0 0.3151098901098901 0.41770833333333335 0.2489010989010989 0.30486111111111114
