0 0.15631868131868132 0.2215277777777778 0.05989010989010989 0.07222222222222223
0 0.1489010989010989 0.21354166666666669 0.01868131868131868 0.021527777777777778
0 0.16538461538461538 0.2371527777777778 0.045054945054945054 0.05486111111111111
0 0.3700549450549451 0.4947916666666667 0.1489010989010989 0.1798611111111111
0 0.32994505494505494 0.4416666666666667 0.371978021978022 0.47500000000000003
0 0.42527472527472526 0.55625 0.389010989010989 0.48333333333333334
0 0.45796703296703295 0.5993055555555555 0.7565934065934066 0.9652777777777778
0 0.4502747252747253 0.5923611111111111 0.7565934065934066 0.9402777777777778
0 0.4368131868131868 0.5760416666666667 0.7505494505494505 0.9631944444444445
0 0.7571428571428571 0.9840277777777778 0.2956043956043956 0.3652777777777778
0 0.7552197802197802 0.9836805555555556 0.2434065934065934 0.30069444444444443
0 0.6315934065934066 0.8197916666666667 0.30494505494505497 0.39375
0 0.5467032967032966 0.717013888888889 0.25164835164835164 0.31180555555555556
0 0.5362637362637362 0.7045138888888889 0.26373626373626374 0.33125
0 0.5228021978021978 0.6850694444444445 0.2741758241758242 0.34375
0 0.3708791208791209 0.4951388888888889 0.5153846153846153 0.6375000000000001
0 0.3271978021978022 0.4392361111111111 0.3862637362637363 0.49930555555555556
0 0.29945054945054944 0.4048611111111111 0.26373626373626374 0.3236111111111111
