0 0.4693359375 0.8465277777777778 0.037109375 0.061111111111111116
0 0.390625 0.7055555555555556 0.07500000000000001 0.14583333333333334
0 0.34882812500000004 0.6274305555555556 0.14140625 0.2451388888888889
0 0.4109375 0.7402777777777778 0.48750000000000004 0.8736111111111111
0 0.5486328125000001 0.9815972222222222 0.30976562500000004 0.545138888888889
0 0.2734375 0.4979166666666667 0.38593750000000004 0.6958333333333334
0 0.33613281250000004 0.607638888888889 0.101953125 0.1736111111111111
0 0.148828125 0.2760416666666667 0.1625 0.30069444444444443
0 0.2158203125 0.3920138888888889 0.058984375000000006 0.1076388888888889
0 0.23691406250000002 0.4322916666666667 0.025390625 0.05625
0 0.240234375 0.4361111111111111 0.02734375 0.058333333333333334
0 0.33144531250000003 0.5989583333333334 0.094140625 0.16875
0 0.34218750000000003 0.6215277777777778 0.1046875 0.19861111111111113
0 0.49746093750000003 0.8944444444444445 0.070703125 0.12916666666666668
0 0.4345703125 0.7815972222222223 0.102734375 0.1798611111111111
0 0.38300781250000004 0.6927083333333334 0.128515625 0.22847222222222224
0 0.28984375 0.5284722222222222 0.3671875 0.6527777777777778
0 0.2701171875 0.4954861111111111 0.45742187500000003 0.8229166666666667
0 0.4306640625 0.7743055555555556 0.526953125 0.9430555555555556
0 0.46171875 0.8350694444444445 0.4421875 0.7923611111111112
0 0.464453125 0.834375 0.48984375 0.8645833333333334
0 0.46523437500000003 0.8399305555555556 0.49140625000000004 0.8645833333333334
0 0.1609375 0.2986111111111111 0.049218750000000006 0.075
0 0.216796875 0.3923611111111111 0.06640625 0.11944444444444445
0 0.428515625 0.7763888888888889 0.0671875 0.1125
0 0.53515625 0.9593750000000001 0.30234375 0.53125
0 0.5388671875000001 0.9701388888888889 0.304296875 0.5375
