0 0.2752747252747253 0.3732638888888889 0.07032967032967033 0.06597222222222222
0 0.28076923076923077 0.37951388888888893 0.07692307692307693 0.07430555555555556
0 0.28983516483516486 0.390625 0.0038461538461538464 0.017361111111111112
0 0.3675824175824176 0.4947916666666667 0.11978021978021978 0.1423611111111111
0 0.3942307692307692 0.5239583333333333 0.2357142857142857 0.3145833333333333
0 0.37884615384615383 0.49895833333333334 0.28076923076923077 0.36458333333333337
0 0.48324175824175825 0.6354166666666667 0.7840659340659341 0.9930555555555556
0 0.4585164835164835 0.603125 0.7697802197802198 0.9812500000000001
0 0.4225274725274725 0.5527777777777778 0.5692307692307692 0.7236111111111111
0 0.6326923076923077 0.8256944444444445 0.3576923076923077 0.46944444444444444
0 0.7403846153846154 0.9538194444444444 0.3532967032967033 0.4326388888888889
0 0.7431318681318682 0.9659722222222222 0.19725274725274725 0.2625
0 0.5741758241758241 0.75625 0.1010989010989011 0.12638888888888888
0 0.43214285714285716 0.5708333333333333 0.20934065934065935 0.28194444444444444
0 0.4288461538461538 0.5642361111111112 0.18626373626373627 0.2576388888888889
0 0.4010989010989011 0.5305555555555556 0.36923076923076925 0.4708333333333333
0 0.3994505494505495 0.5333333333333333 0.4076923076923077 0.5069444444444444
0 0.35824175824175825 0.48020833333333335 0.5021978021978022 0.6201388888888889
