0 0.30683593750000004 0.5673611111111111 0.076171875 0.12083333333333333
0 0.25429687500000003 0.47118055555555555 0.0171875 0.050694444444444445
0 0.2380859375 0.446875 0.025390625 0.05347222222222223
0 0.2302734375 0.4309027777777778 0.11210937500000001 0.19652777777777777
0 0.21484375 0.40243055555555557 0.07109375 0.14375000000000002
0 0.1498046875 0.2885416666666667 0.117578125 0.20208333333333334
0 0.340625 0.6277777777777778 0.1015625 0.15833333333333333
0 0.302734375 0.5572916666666667 0.171875 0.28958333333333336
0 0.2736328125 0.5059027777777778 0.370703125 0.64375
0 0.27382812500000003 0.5072916666666667 0.35390625000000003 0.61875
0 0.3306640625 0.607638888888889 0.456640625 0.8041666666666667
0 0.39570312500000004 0.7277777777777779 0.31484375000000003 0.5805555555555556
0 0.403125 0.7354166666666667 0.35703125 0.6180555555555556
0 0.4537109375 0.8298611111111112 0.22773437500000002 0.425
0 0.50234375 0.9118055555555555 0.01640625 0.011111111111111112
0 0.455078125 0.8277777777777778 0.03515625 0.07916666666666666
0 0.4234375 0.78125 0.02421875 0.04722222222222222
0 0.4966796875 0.904513888888889 0.44570312500000003 0.7715277777777778
