0 0.15521978021978022 0.21736111111111112 0.06428571428571428 0.08194444444444444
0 0.1782967032967033 0.2503472222222222 0.013736263736263736 0.02013888888888889
0 0.14807692307692308 0.21354166666666669 0.02142857142857143 0.02847222222222222
0 0.4260989010989011 0.5611111111111111 0.4412087912087912 0.5652777777777778
0 0.42554945054945054 0.5569444444444445 0.3862637362637363 0.48333333333333334
0 0.4230769230769231 0.5625 0.14395604395604394 0.19444444444444445
0 0.4662087912087912 0.6125 0.7543956043956044 0.9569444444444445
0 0.46181318681318684 0.6052083333333333 0.7598901098901099 0.9701388888888889
0 0.4381868131868132 0.5784722222222223 0.5576923076923077 0.6930555555555555
0 0.65 0.8430555555555556 0.35934065934065934 0.45
0 0.631043956043956 0.8270833333333334 0.3554945054945055 0.4527777777777778
0 0.6538461538461539 0.8541666666666667 0.16483516483516483 0.20833333333333334
0 0.46016483516483514 0.6079861111111111 0.19395604395604396 0.2590277777777778
0 0.512087912087912 0.6739583333333333 0.25384615384615383 0.33263888888888893
0 0.5016483516483516 0.6597222222222222 0.26263736263736265 0.33611111111111114
0 0.38351648351648354 0.5072916666666667 0.49340659340659343 0.6104166666666667
0 0.36565934065934064 0.48958333333333337 0.5115384615384615 0.6375000000000001
0 0.360989010989011 0.48125 0.5 0.6263888888888889
