0 0.26978021978021977 0.35173611111111114 0.13956043956043956 0.17847222222222223
0 0.3343406593406593 0.4461805555555556 0.09505494505494505 0.11041666666666668
0 0.34065934065934067 0.44722222222222224 0.37252747252747254 0.4861111111111111
0 0.3090659340659341 0.403125 0.4137362637362637 0.5298611111111111
0 0.5277472527472528 0.6836805555555556 0.13131868131868132 0.15625
0 0.5502747252747253 0.7138888888888889 0.11373626373626373 0.1486111111111111
0 0.521978021978022 0.6770833333333334 0.051648351648351645 0.0638888888888889
0 0.5942307692307692 0.7670138888888889 0.06208791208791209 0.07708333333333334
0 0.6788461538461539 0.8708333333333333 0.16538461538461538 0.20277777777777778
0 0.689010989010989 0.8864583333333333 0.13956043956043956 0.1826388888888889
0 0.660989010989011 0.8534722222222223 0.14175824175824175 0.1763888888888889
0 0.6535714285714286 0.8392361111111112 0.1489010989010989 0.19791666666666669
0 0.6296703296703297 0.8104166666666667 0.13626373626373625 0.16527777777777777
0 0.4434065934065934 0.576388888888889 0.5373626373626373 0.675
0 0.435989010989011 0.5670138888888889 0.5620879120879121 0.7020833333333334
0 0.43324175824175826 0.560763888888889 0.6554945054945055 0.8326388888888889
0 0.5170329670329671 0.6767361111111111 0.7692307692307693 0.9729166666666667
0 0.5302197802197802 0.6902777777777778 0.7637362637362637 0.9458333333333334
0 0.1936813186813187 0.26180555555555557 0.1357142857142857 0.15694444444444444
0 0.17225274725274725 0.23472222222222222 0.15 0.18611111111111112
0 0.23076923076923078 0.309375 0.25384615384615383 0.3159722222222222
0 0.24642857142857144 0.32430555555555557 0.21703296703296704 0.28194444444444444
0 0.23406593406593407 0.309375 0.15054945054945054 0.18819444444444444
0 0.3038461538461538 0.40347222222222223 0.3967032967032967 0.5027777777777778
0 0.39093406593406593 0.5114583333333333 0.5225274725274726 0.6631944444444444
0 0.42664835164835163 0.5559027777777777 0.4225274725274725 0.5409722222222222
