0 0.1572265625 0.29756944444444444 0.211328125 0.3729166666666667
0 0.13691406250000002 0.259375 0.162890625 0.29097222222222224
0 0.12910156250000002 0.24340277777777777 0.10429687500000001 0.18125
0 0.1400390625 0.26666666666666666 0.078515625 0.14722222222222223
0 0.20722656250000002 0.38819444444444445 0.003515625 0.011111111111111112
0 0.2451171875 0.45659722222222227 0.072265625 0.1326388888888889
0 0.2625 0.4881944444444445 0.09375 0.16527777777777777
0 0.3533203125 0.6465277777777778 0.275390625 0.5055555555555555
0 0.3357421875 0.6135416666666667 0.233203125 0.4131944444444445
0 0.26699218750000003 0.49097222222222225 0.468359375 0.8250000000000001
0 0.29453125 0.5402777777777777 0.40703125 0.7180555555555556
0 0.3134765625 0.5770833333333334 0.349609375 0.6402777777777778
0 0.384375 0.7079861111111111 0.31562500000000004 0.5756944444444445
0 0.34003906250000004 0.6236111111111111 0.20273437500000002 0.3472222222222222
0 0.44355468750000004 0.8076388888888889 0.276171875 0.47361111111111115
0 0.508984375 0.9256944444444445 0.13515625 0.21944444444444444
0 0.48945312500000004 0.8899305555555556 0.03828125 0.08680555555555555
0 0.49824218750000004 0.909375 0.042578125 0.06736111111111111
0 0.478125 0.8694444444444445 0.46640625 0.8125
0 0.4666015625 0.8503472222222223 0.49726562500000004 0.9020833333333333
