0 0.2828125 0.5277777777777778 0.07187500000000001 0.14444444444444446
0 0.2921875 0.5517361111111111 0.11953125 0.20347222222222222
0 0.1923828125 0.3732638888888889 0.123046875 0.21041666666666667
0 0.3736328125 0.6861111111111111 0.039453125000000006 0.08194444444444444
0 0.41230468750000004 0.7586805555555556 0.164453125 0.27847222222222223
0 0.35195312500000003 0.6503472222222223 0.20625000000000002 0.3854166666666667
0 0.3818359375 0.7034722222222223 0.35585937500000003 0.6472222222222223
0 0.299609375 0.5552083333333333 0.45390625 0.8215277777777779
0 0.3787109375 0.701388888888889 0.416796875 0.7222222222222222
0 0.5181640625 0.9506944444444445 0.08554687500000001 0.14444444444444446
0 0.5453125 1.0 0.13046875 0.22916666666666669
0 0.44472656250000003 0.8163194444444445 0.527734375 0.9534722222222223
