0 0.284375 0.5243055555555556 0.037500000000000006 0.04861111111111111
0 0.21250000000000002 0.39340277777777777 0.0015625 0.014583333333333334
0 0.16562500000000002 0.31354166666666666 0.18828125 0.3423611111111111
0 0.16425781250000002 0.3111111111111111 0.15976562500000002 0.26666666666666666
0 0.1240234375 0.24131944444444445 0.107421875 0.17152777777777778
0 0.32558593750000003 0.5958333333333333 0.169921875 0.2888888888888889
0 0.3388671875 0.6208333333333333 0.205078125 0.35000000000000003
0 0.400390625 0.7375 0.2078125 0.3625
0 0.33671875 0.61875 0.23671875 0.43472222222222223
0 0.26894531250000003 0.4979166666666667 0.420703125 0.7347222222222223
0 0.2966796875 0.5430555555555556 0.401953125 0.7041666666666667
0 0.28164062500000003 0.5215277777777778 0.50703125 0.9152777777777779
0 0.4927734375 0.8975694444444445 0.086328125 0.13680555555555557
0 0.4580078125 0.8326388888888889 0.044921875 0.09583333333333334
0 0.4353515625 0.7944444444444445 0.000390625 0.020833333333333336
0 0.5029296875 0.9152777777777779 0.437109375 0.7708333333333334
0 0.5279296875 0.9614583333333334 0.378515625 0.6756944444444445
0 0.39687500000000003 0.7236111111111111 0.56640625 0.9875
