0 0.1739010989010989 0.2451388888888889 0.08736263736263736 0.12083333333333333
0 0.24807692307692308 0.3392361111111111 0.12362637362637363 0.14652777777777778
0 0.2945054945054945 0.39687500000000003 0.016483516483516484 0.021527777777777778
0 0.4197802197802198 0.5503472222222222 0.4 0.5090277777777777
0 0.43131868131868134 0.56875 0.4021978021978022 0.48750000000000004
0 0.4774725274725275 0.6263888888888889 0.7835164835164835 0.9888888888888889
0 0.4758241758241758 0.6263888888888889 0.7758241758241758 0.9750000000000001
0 0.45989010989010987 0.6072916666666667 0.7714285714285715 0.9909722222222223
0 0.637087912087912 0.8256944444444445 0.17417582417582417 0.19861111111111113
0 0.615934065934066 0.8059027777777779 0.25164835164835164 0.3215277777777778
0 0.6302197802197802 0.81875 0.32967032967032966 0.43194444444444446
0 0.5631868131868132 0.7385416666666667 0.2175824175824176 0.2798611111111111
0 0.49148351648351646 0.6482638888888889 0.28736263736263734 0.36319444444444443
0 0.45604395604395603 0.6017361111111111 0.24395604395604395 0.32708333333333334
0 0.3934065934065934 0.5197916666666667 0.3934065934065934 0.5090277777777777
0 0.3730769230769231 0.4979166666666667 0.4879120879120879 0.6
0 0.321978021978022 0.43472222222222223 0.24395604395604395 0.3055555555555556
0 0.36730769230769234 0.4864583333333333 0.2434065934065934 0.3104166666666667
