0 0.35000000000000003 0.6451388888888889 0.08203125 0.13055555555555556
0 0.3015625 0.5559027777777777 0.171875 0.28958333333333336
0 0.307421875 0.5652777777777778 0.0765625 0.12222222222222223
0 0.2517578125 0.4670138888888889 0.008203125 0.03680555555555556
0 0.23847656250000002 0.44756944444444446 0.025390625 0.050694444444444445
0 0.22734375 0.4222222222222222 0.09140625000000001 0.1763888888888889
0 0.229296875 0.4305555555555556 0.1171875 0.19722222222222224
0 0.15156250000000002 0.2902777777777778 0.11484375000000001 0.1875
0 0.27089843750000003 0.503125 0.35585937500000003 0.6229166666666667
0 0.27187500000000003 0.5024305555555556 0.3765625 0.6548611111111111
0 0.3203125 0.5909722222222222 0.4609375 0.8083333333333333
0 0.39589843750000003 0.7284722222222223 0.311328125 0.576388888888889
0 0.388671875 0.7118055555555556 0.3609375 0.6472222222222223
0 0.4560546875 0.8284722222222223 0.229296875 0.41944444444444445
0 0.4255859375 0.7798611111111111 0.027734375000000002 0.05
0 0.452734375 0.826388888888889 0.028125 0.06666666666666667
0 0.5048828125 0.9197916666666667 0.005859375 0.010416666666666668
0 0.5048828125 0.9190972222222222 0.432421875 0.7451388888888889
