0 0.2775390625 0.5121527777777778 0.032421875 0.04791666666666667
0 0.23398437500000002 0.43472222222222223 0.0203125 0.04166666666666667
0 0.2318359375 0.434375 0.057421875000000004 0.12013888888888889
0 0.1791015625 0.3350694444444445 0.055859375 0.10625
0 0.14570312500000002 0.27743055555555557 0.08203125 0.1326388888888889
0 0.1404296875 0.26805555555555555 0.19882812500000002 0.3680555555555556
0 0.35000000000000003 0.6402777777777778 0.2703125 0.4930555555555556
0 0.34804687500000003 0.634375 0.23125 0.41875
0 0.27265625 0.5 0.48515625 0.8694444444444445
0 0.294140625 0.5416666666666667 0.52890625 0.9430555555555556
0 0.2912109375 0.5364583333333334 0.536328125 0.9534722222222223
0 0.44472656250000003 0.8079861111111112 0.23007812500000002 0.4201388888888889
0 0.43046875 0.7857638888888889 0.18828125 0.3340277777777778
0 0.35585937500000003 0.6531250000000001 0.25859375 0.4590277777777778
0 0.4830078125 0.8770833333333333 0.094921875 0.17222222222222222
0 0.47500000000000003 0.8663194444444445 0.03515625 0.06041666666666667
0 0.540625 0.9791666666666667 0.09609375 0.15694444444444444
0 0.51484375 0.9420138888888889 0.51875 0.93125
0 0.51796875 0.9409722222222222 0.5671875000000001 0.9972222222222222
0 0.491015625 0.8913194444444444 0.521875 0.9437500000000001
0 0.520703125 0.9420138888888889 0.45 0.8076388888888889
