0 0.4596153846153846 0.5940972222222223 0.10824175824175825 0.12708333333333333
0 0.55 0.7135416666666667 0.16263736263736264 0.19791666666666669
0 0.5554945054945055 0.7177083333333334 0.15274725274725276 0.18680555555555556
0 0.5901098901098901 0.7625000000000001 0.27472527472527475 0.3402777777777778
0 0.6186813186813187 0.7979166666666667 0.22747252747252747 0.29583333333333334
0 0.6167582417582418 0.7944444444444445 0.2412087912087912 0.3055555555555556
0 0.6178571428571429 0.7927083333333333 0.20274725274725275 0.25625000000000003
0 0.5758241758241758 0.7413194444444444 0.22197802197802197 0.2715277777777778
0 0.5912087912087912 0.7600694444444445 0.3032967032967033 0.38819444444444445
0 0.5728021978021978 0.7309027777777778 0.2489010989010989 0.3145833333333333
0 0.567032967032967 0.7284722222222223 0.27362637362637365 0.34861111111111115
0 0.5917582417582418 0.7628472222222222 0.4054945054945055 0.5270833333333333
0 0.667032967032967 0.8621527777777778 0.42527472527472526 0.5506944444444445
0 0.6975274725274725 0.9003472222222223 0.39175824175824175 0.48680555555555555
0 0.3335164835164835 0.44062500000000004 0.4912087912087912 0.6173611111111111
0 0.35494505494505496 0.46284722222222224 0.5197802197802198 0.65625
0 0.49175824175824173 0.6378472222222222 0.7648351648351648 0.96875
0 0.5348901098901099 0.690625 0.7642857142857142 0.9548611111111112
0 0.5469780219780219 0.70625 0.7423076923076923 0.9263888888888889
0 0.5585164835164835 0.7208333333333333 0.7269230769230769 0.9208333333333334
0 0.5538461538461539 0.7159722222222222 0.7164835164835165 0.9097222222222222
0 0.5653846153846154 0.7288194444444445 0.6637362637362637 0.83125
0 0.4453296703296703 0.576388888888889 0.5423076923076923 0.6847222222222222
0 0.4269230769230769 0.5555555555555556 0.6076923076923076 0.7625000000000001
0 0.47197802197802197 0.609375 0.7791208791208791 0.9951388888888889
0 0.42527472527472526 0.5506944444444445 0.721978021978022 0.9194444444444445
0 0.43131868131868134 0.560763888888889 0.7505494505494505 0.9520833333333334
0 0.36730769230769234 0.4798611111111111 0.20384615384615384 0.24583333333333335
0 0.31043956043956045 0.40868055555555555 0.43626373626373627 0.5590277777777778
0 0.1824175824175824 0.2482638888888889 0.12747252747252746 0.1590277777777778
0 0.18928571428571428 0.2559027777777778 0.0510989010989011 0.06458333333333334
0 0.2445054945054945 0.3267361111111111 0.0989010989010989 0.13125
0 0.1717032967032967 0.23923611111111112 0.12362637362637363 0.15486111111111112
0 0.1901098901098901 0.2520833333333333 0.11318681318681319 0.14305555555555557
0 0.4596153846153846 0.5923611111111111 0.18846153846153846 0.24583333333333335
0 0.2563186813186813 0.3375 0.18516483516483517 0.22777777777777777
0 0.2892857142857143 0.37951388888888893 0.28516483516483515 0.35208333333333336
0 0.614010989010989 0.7864583333333334 0.3434065934065934 0.4395833333333333
0 0.6442307692307693 0.8256944444444445 0.2774725274725275 0.34861111111111115
