0 0.1585164835164835 0.22256944444444446 0.0521978021978022 0.06875
0 0.1478021978021978 0.21354166666666669 0.01868131868131868 0.024305555555555556
0 0.19313186813186814 0.2690972222222222 0.12032967032967033 0.16041666666666668
0 0.42445054945054944 0.5559027777777777 0.3862637362637363 0.48125
0 0.3975274725274725 0.5239583333333333 0.2906593406593407 0.36319444444444443
0 0.4348901098901099 0.5753472222222222 0.1489010989010989 0.20486111111111113
0 0.4958791208791209 0.6517361111111112 0.7851648351648352 0.9868055555555556
0 0.48104395604395606 0.6357638888888889 0.7697802197802198 0.9784722222222223
0 0.4563186813186813 0.5975694444444445 0.7642857142857142 0.9770833333333334
0 0.646978021978022 0.8364583333333334 0.3357142857142857 0.43125
0 0.7326923076923076 0.951388888888889 0.1401098901098901 0.18333333333333335
0 0.7162087912087912 0.9291666666666667 0.11593406593406594 0.1513888888888889
0 0.5439560439560439 0.7135416666666667 0.021978021978021976 0.02013888888888889
0 0.5879120879120879 0.7715277777777778 0.1978021978021978 0.24027777777777778
0 0.573076923076923 0.7520833333333333 0.2230769230769231 0.2777777777777778
0 0.3739010989010989 0.5010416666666667 0.2631868131868132 0.34652777777777777
0 0.3239010989010989 0.43680555555555556 0.3675824175824176 0.4666666666666667
0 0.3362637362637363 0.45 0.41318681318681316 0.5236111111111111
