0 0.29453125 0.5395833333333333 0.060937500000000006 0.09722222222222222
0 0.28828125 0.5333333333333333 0.0765625 0.11805555555555557
0 0.22871093750000002 0.4260416666666667 0.039453125000000006 0.05347222222222223
0 0.1392578125 0.2607638888888889 0.19101562500000002 0.3479166666666667
0 0.1294921875 0.24444444444444446 0.166015625 0.3
0 0.1318359375 0.24930555555555556 0.15742187500000002 0.28750000000000003
0 0.1255859375 0.24027777777777778 0.10820312500000001 0.18472222222222223
0 0.35078125000000004 0.6378472222222222 0.22031250000000002 0.38819444444444445
0 0.3658203125 0.6743055555555556 0.08945312500000001 0.16666666666666669
0 0.3765625 0.6885416666666667 0.15781250000000002 0.26458333333333334
0 0.42304687500000004 0.7697916666666667 0.321875 0.5576388888888889
0 0.366015625 0.6687500000000001 0.30390625000000004 0.5527777777777778
0 0.2810546875 0.5152777777777778 0.408203125 0.7347222222222223
0 0.2966796875 0.5444444444444445 0.5222656250000001 0.913888888888889
0 0.2744140625 0.5100694444444445 0.353515625 0.6340277777777779
0 0.44355468750000004 0.8145833333333333 0.08945312500000001 0.15972222222222224
0 0.46894531250000004 0.851388888888889 0.059765625 0.12083333333333333
0 0.5224609375 0.9503472222222222 0.08554687500000001 0.15763888888888888
0 0.47871093750000004 0.8788194444444445 0.436328125 0.7673611111111112
0 0.517578125 0.9423611111111111 0.38203125000000004 0.6847222222222222
0 0.521484375 0.9489583333333333 0.36328125 0.6520833333333333
0 0.5326171875 0.9677083333333334 0.562890625 0.9798611111111112
0 0.29453125 0.5395833333333333 0.060937500000000006 0.09722222222222222
0 0.28828125 0.5333333333333333 0.0765625 0.11805555555555557
0 0.22871093750000002 0.4260416666666667 0.039453125000000006 0.05347222222222223
0 0.1392578125 0.2607638888888889 0.19101562500000002 0.3479166666666667
0 0.1294921875 0.24444444444444446 0.166015625 0.3
0 0.1318359375 0.24930555555555556 0.15742187500000002 0.28750000000000003
0 0.1255859375 0.24027777777777778 0.10820312500000001 0.18472222222222223
0 0.35078125000000004 0.6378472222222222 0.22031250000000002 0.38819444444444445
0 0.3658203125 0.6743055555555556 0.08945312500000001 0.16666666666666669
0 0.3765625 0.6885416666666667 0.15781250000000002 0.26458333333333334
0 0.42304687500000004 0.7697916666666667 0.321875 0.5576388888888889
0 0.366015625 0.6687500000000001 0.30390625000000004 0.5527777777777778
0 0.2810546875 0.5152777777777778 0.408203125 0.7347222222222223
0 0.2966796875 0.5444444444444445 0.5222656250000001 0.913888888888889
0 0.2744140625 0.5100694444444445 0.353515625 0.6340277777777779
0 0.44355468750000004 0.8145833333333333 0.08945312500000001 0.15972222222222224
0 0.46894531250000004 0.851388888888889 0.059765625 0.12083333333333333
0 0.5224609375 0.9503472222222222 0.08554687500000001 0.15763888888888888
0 0.47871093750000004 0.8788194444444445 0.436328125 0.7673611111111112
0 0.517578125 0.9423611111111111 0.38203125000000004 0.6847222222222222
0 0.521484375 0.9489583333333333 0.36328125 0.6520833333333333
0 0.5326171875 0.9677083333333334 0.562890625 0.9798611111111112
