0 0.5112637362637362 0.6725694444444444 0.628021978021978 0.795138888888889
0 0.5983516483516483 0.7798611111111111 0.7 0.8777777777777778
0 0.5785714285714286 0.7517361111111112 0.8 0.9895833333333334
0 0.7486263736263736 0.96875 0.4521978021978022 0.5611111111111111
0 0.7552197802197802 0.9805555555555556 0.18736263736263736 0.23055555555555557
0 0.7071428571428572 0.9211805555555556 0.1956043956043956 0.2548611111111111
0 0.5876373626373627 0.7652777777777778 0.0038461538461538464 0.02361111111111111
0 0.5917582417582418 0.773263888888889 0.008791208791208791 0.004861111111111111
0 0.5601648351648352 0.7340277777777778 0.06208791208791209 0.09166666666666667
0 0.3813186813186813 0.5027777777777778 0.2967032967032967 0.36944444444444446
0 0.4247252747252747 0.5590277777777778 0.3769230769230769 0.45555555555555555
0 0.38763736263736265 0.5180555555555556 0.45989010989010987 0.5902777777777778
0 0.2865384615384615 0.3861111111111111 0.1565934065934066 0.17500000000000002
0 0.28186813186813187 0.3826388888888889 0.08021978021978023 0.12361111111111112
0 0.20824175824175825 0.2871527777777778 0.08571428571428572 0.12569444444444444
0 0.36428571428571427 0.4920138888888889 0.17802197802197803 0.21736111111111112
0 0.43956043956043955 0.5836805555555555 0.289010989010989 0.3701388888888889
0 0.35412087912087914 0.4701388888888889 0.439010989010989 0.5638888888888889
