0 0.17774725274725275 0.2520833333333333 0.014835164835164835 0.018055555555555557
0 0.14835164835164835 0.21145833333333333 0.020879120879120878 0.029861111111111113
0 0.15357142857142858 0.21770833333333334 0.06208791208791209 0.08263888888888889
0 0.4247252747252747 0.5565972222222223 0.3868131868131868 0.4840277777777778
0 0.42637362637362636 0.560763888888889 0.43956043956043955 0.5673611111111111
0 0.42417582417582417 0.5652777777777778 0.14395604395604394 0.19444444444444445
0 0.43846153846153846 0.5791666666666667 0.5582417582417583 0.6930555555555555
0 0.46785714285714286 0.6121527777777778 0.7543956043956044 0.9604166666666667
0 0.46153846153846156 0.6038194444444445 0.7604395604395604 0.96875
0 0.6497252747252747 0.8440972222222223 0.3587912087912088 0.45208333333333334
0 0.6324175824175824 0.8288194444444444 0.35494505494505496 0.4548611111111111
0 0.6546703296703297 0.8555555555555556 0.1631868131868132 0.20833333333333334
0 0.5126373626373626 0.6722222222222223 0.25384615384615383 0.32916666666666666
0 0.5024725274725275 0.6607638888888889 0.2620879120879121 0.3354166666666667
0 0.45879120879120877 0.607638888888889 0.1934065934065934 0.25972222222222224
0 0.38324175824175827 0.5072916666666667 0.493956043956044 0.6118055555555556
0 0.3659340659340659 0.48923611111111115 0.5098901098901099 0.6381944444444445
0 0.36016483516483516 0.4795138888888889 0.49835164835164836 0.6270833333333333
