0 0.33489010989010987 0.4527777777777778 0.25 0.3125
0 0.3343406593406593 0.44895833333333335 0.260989010989011 0.33125
0 0.15604395604395604 0.21666666666666667 0.05824175824175824 0.06527777777777778
0 0.14807692307692308 0.21284722222222224 0.014835164835164835 0.017361111111111112
0 0.1686813186813187 0.23368055555555556 0.017582417582417582 0.013194444444444444
0 0.36126373626373626 0.47881944444444446 0.20604395604395603 0.2534722222222222
0 0.425 0.5579861111111112 0.3862637362637363 0.4840277777777778
0 0.4728021978021978 0.6239583333333334 0.3346153846153846 0.4104166666666667
0 0.45714285714285713 0.6013888888888889 0.765934065934066 0.9625
0 0.4519230769230769 0.5940972222222223 0.7467032967032967 0.9506944444444445
0 0.4107142857142857 0.5427083333333333 0.6873626373626374 0.8645833333333334
0 0.6423076923076924 0.8309027777777778 0.34285714285714286 0.44375000000000003
0 0.7032967032967032 0.9142361111111111 0.41098901098901097 0.5090277777777777
0 0.7381868131868132 0.9572916666666667 0.3587912087912088 0.4340277777777778
0 0.46373626373626375 0.6100694444444444 0.2076923076923077 0.27569444444444446
0 0.5074175824175824 0.6690972222222222 0.2653846153846154 0.3423611111111111
0 0.5230769230769231 0.6885416666666667 0.26043956043956046 0.34375
0 0.26456043956043956 0.36041666666666666 0.3994505494505495 0.5055555555555555
