0 0.1706043956043956 0.23229166666666667 0.16758241758241757 0.21875
0 0.1760989010989011 0.24027777777777778 0.2478021978021978 0.30694444444444446
0 0.2052197802197802 0.275 0.17527472527472526 0.2152777777777778
0 0.26785714285714285 0.35625 0.19395604395604396 0.25
0 0.3038461538461538 0.40208333333333335 0.24395604395604395 0.30833333333333335
0 0.4472527472527473 0.5864583333333333 0.7593406593406593 0.9437500000000001
0 0.48021978021978023 0.625 0.7758241758241758 0.9930555555555556
0 0.48104395604395606 0.6253472222222223 0.5093406593406593 0.6506944444444445
0 0.45274725274725275 0.5864583333333333 0.08461538461538462 0.11458333333333334
0 0.4541208791208791 0.5885416666666667 0.004945054945054945 0.004861111111111111
0 0.4714285714285714 0.6086805555555556 0.10329670329670329 0.1423611111111111
0 0.48104395604395606 0.6256944444444444 0.12472527472527473 0.15
0 0.6796703296703297 0.875 0.15384615384615385 0.17777777777777778
0 0.7090659340659341 0.9118055555555555 0.15989010989010988 0.20833333333333334
0 0.6304945054945055 0.8097222222222222 0.13681318681318683 0.1638888888888889
0 0.3151098901098901 0.4166666666666667 0.2675824175824176 0.33333333333333337
0 0.2728021978021978 0.36215277777777777 0.3576923076923077 0.4479166666666667
