0 0.4107421875 0.7454861111111112 0.123046875 0.23402777777777778
0 0.3318359375 0.6100694444444444 0.08945312500000001 0.14375000000000002
0 0.2955078125 0.5447916666666667 0.098046875 0.1590277777777778
0 0.2876953125 0.5319444444444444 0.038671875 0.0625
0 0.21250000000000002 0.3993055555555556 0.009375000000000001 0.005555555555555556
0 0.17792968750000002 0.3388888888888889 0.16523437500000002 0.3055555555555556
0 0.16464843750000002 0.309375 0.21835937500000002 0.3909722222222222
0 0.1205078125 0.234375 0.10039062500000001 0.16041666666666668
0 0.26210937500000003 0.48750000000000004 0.45234375000000004 0.8194444444444445
0 0.270703125 0.5024305555555556 0.43281250000000004 0.7604166666666667
0 0.2693359375 0.4996527777777778 0.318359375 0.5520833333333334
0 0.37246093750000003 0.68125 0.160546875 0.27222222222222225
0 0.37890625 0.6954861111111111 0.15625 0.2715277777777778
0 0.369921875 0.6815972222222223 0.19140625 0.3451388888888889
0 0.4302734375 0.7892361111111111 0.106640625 0.20347222222222222
0 0.41718750000000004 0.7618055555555556 0.046875 0.06805555555555556
0 0.5279296875 0.9618055555555556 0.075390625 0.12083333333333333
0 0.53828125 0.9774305555555556 0.49921875000000004 0.8715277777777778
0 0.546484375 0.9927083333333334 0.40859375000000003 0.7395833333333334
0 0.46699218750000004 0.8517361111111111 0.49335937500000004 0.8743055555555556
0 0.42207031250000004 0.7690972222222222 0.537109375 0.9506944444444445
0 0.4716796875 0.853125 0.500390625 0.8965277777777778
