0 0.264453125 0.49097222222222225 0.12109375 0.20972222222222223
0 0.238671875 0.44270833333333337 0.00390625 0.021527777777777778
0 0.20957031250000002 0.3920138888888889 0.003515625 0.0034722222222222225
0 0.1658203125 0.3107638888888889 0.0027343750000000003 0.01875
0 0.1193359375 0.22777777777777777 0.137109375 0.25416666666666665
0 0.11406250000000001 0.22013888888888888 0.11015625000000001 0.18611111111111112
0 0.11679687500000001 0.22291666666666668 0.11953125 0.19861111111111113
0 0.34785156250000004 0.6315972222222223 0.22617187500000002 0.4076388888888889
0 0.36562500000000003 0.6715277777777778 0.11015625000000001 0.1902777777777778
0 0.244140625 0.4545138888888889 0.41718750000000004 0.7451388888888889
0 0.280859375 0.5145833333333334 0.40937500000000004 0.7416666666666667
0 0.307421875 0.5628472222222223 0.29765625 0.545138888888889
0 0.35468750000000004 0.6479166666666667 0.29296875 0.5291666666666667
0 0.36445312500000004 0.6687500000000001 0.28750000000000003 0.5194444444444445
0 0.41542968750000003 0.7555555555555555 0.208984375 0.3597222222222222
0 0.4763671875 0.865625 0.101953125 0.16875
0 0.515625 0.9364583333333334 0.13828125 0.23402777777777778
0 0.4537109375 0.8246527777777778 0.14960937500000002 0.2826388888888889
0 0.5134765625000001 0.9347222222222222 0.374609375 0.6791666666666667
0 0.5205078125 0.945138888888889 0.353515625 0.6152777777777778
0 0.539453125 0.9788194444444445 0.5484375 0.9534722222222223
0 0.49746093750000003 0.9003472222222223 0.441015625 0.7868055555555555
