0 0.5027472527472527 0.6531250000000001 0.12307692307692308 0.14652777777777778
0 0.514010989010989 0.6659722222222223 0.12582417582417582 0.1486111111111111
0 0.5868131868131868 0.7586805555555556 0.031868131868131866 0.04236111111111111
0 0.5263736263736264 0.6822916666666667 0.0945054945054945 0.11597222222222223
0 0.6299450549450549 0.8097222222222222 0.13791208791208792 0.16111111111111112
0 0.6450549450549451 0.8305555555555556 0.17362637362637362 0.21666666666666667
0 0.6843406593406594 0.8833333333333334 0.13791208791208792 0.18055555555555555
0 0.7063186813186814 0.9090277777777778 0.1543956043956044 0.19583333333333333
0 0.6758241758241759 0.8684027777777779 0.14615384615384616 0.19097222222222224
0 0.551923076923077 0.717013888888889 0.4774725274725275 0.61875
0 0.4796703296703297 0.6256944444444444 0.4703296703296703 0.5875
0 0.5277472527472528 0.6923611111111111 0.7697802197802198 0.9694444444444444
0 0.25357142857142856 0.34618055555555555 0.22142857142857142 0.28125
0 0.32857142857142857 0.43333333333333335 0.2164835164835165 0.2833333333333333
0 0.22664835164835165 0.30347222222222225 0.18626373626373627 0.23194444444444445
0 0.25851648351648354 0.34479166666666666 0.056593406593406594 0.07013888888888889
0 0.12637362637362637 0.17743055555555556 0.012087912087912088 0.009027777777777779
0 0.4431318681318681 0.5729166666666667 0.3840659340659341 0.49583333333333335
0 0.31373626373626373 0.41631944444444446 0.512087912087912 0.6590277777777778
0 0.28214285714285714 0.37222222222222223 0.41593406593406596 0.5416666666666667
