0 0.7576923076923077 0.9788194444444445 0.4076923076923077 0.5215277777777778
0 0.7596153846153846 0.9864583333333333 0.21373626373626373 0.2798611111111111
0 0.7195054945054945 0.9302083333333334 0.19065934065934065 0.2548611111111111
0 0.5483516483516484 0.7215277777777778 0.5626373626373626 0.7277777777777779
0 0.5678571428571428 0.7399305555555555 0.6774725274725275 0.84375
0 0.4291208791208791 0.5618055555555556 0.3802197802197802 0.4652777777777778
0 0.4978021978021978 0.6538194444444445 0.16703296703296702 0.22847222222222224
0 0.5008241758241758 0.6583333333333333 0.21813186813186813 0.28611111111111115
0 0.5763736263736263 0.7541666666666667 0.1043956043956044 0.14583333333333334
0 0.37884615384615383 0.5045138888888889 0.18626373626373627 0.24930555555555556
0 0.33379120879120877 0.45208333333333334 0.20494505494505494 0.24861111111111112
0 0.31758241758241756 0.425 0.025274725274725275 0.03888888888888889
0 0.2456043956043956 0.33819444444444446 0.16813186813186815 0.2
0 0.1835164835164835 0.2555555555555556 0.031868131868131866 0.04583333333333334
0 0.34395604395604396 0.4607638888888889 0.23956043956043957 0.28541666666666665
0 0.35384615384615387 0.46805555555555556 0.23516483516483516 0.31527777777777777
