0 0.24587912087912087 0.3302083333333333 0.004945054945054945 0.011805555555555555
0 0.13104395604395605 0.1798611111111111 0.03571428571428571 0.058333333333333334
0 0.11538461538461539 0.16180555555555556 0.005494505494505494 0.004166666666666667
0 0.1936813186813187 0.2625 0.028021978021978023 0.04027777777777778
0 0.18214285714285713 0.24027777777777778 0.08956043956043956 0.11805555555555557
0 0.25769230769230766 0.3402777777777778 0.3208791208791209 0.39722222222222225
0 0.257967032967033 0.3434027777777778 0.31043956043956045 0.3784722222222222
0 0.35906593406593407 0.4673611111111111 0.2510989010989011 0.30972222222222223
0 0.5442307692307692 0.701388888888889 0.628021978021978 0.7861111111111111
0 0.5093406593406593 0.6625 0.7384615384615385 0.9194444444444445
0 0.46785714285714286 0.607638888888889 0.6532967032967033 0.8125
0 0.442032967032967 0.5743055555555556 0.5346153846153846 0.6625
0 0.44835164835164837 0.5854166666666667 0.6252747252747253 0.7847222222222222
0 0.4552197802197802 0.5875 0.7192307692307692 0.9041666666666667
0 0.4340659340659341 0.5621527777777778 0.7263736263736263 0.920138888888889
0 0.4755494505494505 0.6170138888888889 0.7752747252747253 0.982638888888889
0 0.41923076923076924 0.5430555555555556 0.6747252747252748 0.8555555555555556
0 0.41593406593406596 0.5420138888888889 0.6483516483516484 0.81875
0 0.4945054945054945 0.6326388888888889 0.7230769230769231 0.9125000000000001
0 0.6260989010989011 0.8048611111111111 0.4225274725274725 0.5361111111111111
0 0.5931318681318681 0.7628472222222222 0.4115384615384615 0.5326388888888889
0 0.5931318681318681 0.7642361111111111 0.3730769230769231 0.46875
0 0.5821428571428572 0.7538194444444445 0.36428571428571427 0.46597222222222223
0 0.6648351648351648 0.8597222222222223 0.31868131868131866 0.40555555555555556
0 0.6958791208791208 0.890625 0.33901098901098903 0.42847222222222225
0 0.6851648351648352 0.8868055555555556 0.12197802197802197 0.1527777777777778
0 0.6516483516483517 0.8402777777777778 0.1076923076923077 0.1375
0 0.6134615384615385 0.7857638888888889 0.1543956043956044 0.20208333333333334
0 0.5673076923076923 0.7392361111111111 0.3434065934065934 0.41597222222222224
0 0.46895604395604396 0.6121527777777778 0.13021978021978023 0.16458333333333333
0 0.48021978021978023 0.6256944444444444 0.1021978021978022 0.14583333333333334
0 0.40082417582417584 0.5222222222222223 0.026923076923076925 0.02361111111111111
0 0.5005494505494505 0.6486111111111111 0.2076923076923077 0.2569444444444445
0 0.3793956043956044 0.49236111111111114 0.29395604395604397 0.3763888888888889
0 0.3607142857142857 0.46875 0.2675824175824176 0.34861111111111115
0 0.3486263736263736 0.45416666666666666 0.23461538461538461 0.2916666666666667
0 0.4167582417582418 0.5434027777777778 0.439010989010989 0.5701388888888889
0 0.2906593406593407 0.3875 0.5263736263736264 0.6486111111111111
