0 0.23763736263736263 0.3246527777777778 0.17747252747252748 0.21180555555555555
0 0.2925824175824176 0.3965277777777778 0.13901098901098902 0.15833333333333333
0 0.30439560439560437 0.4118055555555556 0.002197802197802198 0.019444444444444445
0 0.4035714285714286 0.5333333333333333 0.21923076923076923 0.27083333333333337
0 0.41593406593406596 0.5482638888888889 0.4142857142857143 0.5395833333333333
0 0.4431318681318681 0.5857638888888889 0.44560439560439563 0.5465277777777778
0 0.45164835164835165 0.5979166666666667 0.0945054945054945 0.1125
0 0.5131868131868131 0.6767361111111111 0.22747252747252747 0.26180555555555557
0 0.6054945054945055 0.7909722222222223 0.08901098901098901 0.10138888888888889
0 0.6760989010989011 0.8819444444444445 0.3456043956043956 0.45416666666666666
0 0.7096153846153846 0.9232638888888889 0.47527472527472525 0.5993055555555555
0 0.7516483516483516 0.9715277777777778 0.26153846153846155 0.3472222222222222
0 0.5282967032967033 0.6940972222222223 0.660989010989011 0.84375
0 0.47884615384615387 0.6277777777777778 0.8060439560439561 0.9972222222222222
0 0.47417582417582416 0.6288194444444445 0.6175824175824176 0.7590277777777779
0 0.38186813186813184 0.5125000000000001 0.1901098901098901 0.2513888888888889
0 0.435989010989011 0.5822916666666667 0.27307692307692305 0.36041666666666666
0 0.37637362637362637 0.5055555555555555 0.46153846153846156 0.5819444444444445
