0 0.22857142857142856 0.3138888888888889 0.05054945054945055 0.08055555555555556
0 0.1662087912087912 0.23229166666666667 0.08846153846153847 0.13125
0 0.16483516483516483 0.23194444444444445 0.04285714285714286 0.05416666666666667
0 0.42335164835164835 0.5600694444444445 0.13351648351648351 0.18125
0 0.4774725274725275 0.6229166666666667 0.24395604395604395 0.31527777777777777
0 0.40192307692307694 0.5256944444444445 0.39065934065934066 0.48750000000000004
0 0.5535714285714286 0.7204861111111112 0.6005494505494505 0.7631944444444445
0 0.48434065934065934 0.63125 0.6840659340659341 0.8791666666666667
0 0.4574175824175824 0.6024305555555556 0.7401098901098901 0.9256944444444445
0 0.7120879120879121 0.9239583333333333 0.11428571428571428 0.15486111111111112
0 0.7420329670329671 0.9579861111111111 0.14560439560439561 0.17291666666666666
0 0.7648351648351648 0.9892361111111111 0.23516483516483516 0.3090277777777778
0 0.5755494505494505 0.7524305555555556 0.12032967032967033 0.15069444444444444
0 0.5744505494505494 0.7479166666666667 0.03241758241758242 0.058333333333333334
0 0.5445054945054945 0.7111111111111111 0.001098901098901099 0.020833333333333336
0 0.39093406593406593 0.5163194444444444 0.42032967032967034 0.5229166666666667
0 0.27115384615384613 0.3670138888888889 0.4236263736263736 0.5409722222222222
0 0.26456043956043956 0.3590277777777778 0.41703296703296705 0.5361111111111111
