0 0.4755494505494505 0.6173611111111111 0.11703296703296703 0.1513888888888889
0 0.5027472527472527 0.6527777777777778 0.13406593406593406 0.1736111111111111
0 0.5505494505494506 0.7114583333333334 0.11208791208791209 0.14791666666666667
0 0.5931318681318681 0.7628472222222222 0.03131868131868132 0.052083333333333336
0 0.6813186813186813 0.8736111111111111 0.16813186813186815 0.20416666666666666
0 0.7417582417582418 0.953125 0.2857142857142857 0.3576388888888889
0 0.6535714285714286 0.8392361111111112 0.1445054945054945 0.17847222222222223
0 0.6299450549450549 0.810763888888889 0.1346153846153846 0.16597222222222222
0 0.5840659340659341 0.753125 0.24505494505494504 0.3076388888888889
0 0.475 0.6142361111111111 0.47087912087912087 0.6020833333333333
0 0.45494505494505494 0.5923611111111111 0.5186813186813187 0.6416666666666667
0 0.43653846153846154 0.5715277777777777 0.573076923076923 0.7236111111111111
0 0.582967032967033 0.7586805555555556 0.6681318681318681 0.8409722222222222
0 0.5348901098901099 0.6975694444444445 0.7631868131868131 0.9534722222222223
0 0.3516483516483516 0.4666666666666667 0.1010989010989011 0.1277777777777778
0 0.3989010989010989 0.5201388888888889 0.310989010989011 0.4027777777777778
0 0.24862637362637363 0.32916666666666666 0.18076923076923077 0.23055555555555557
0 0.2813186813186813 0.36736111111111114 0.16483516483516483 0.20555555555555557
0 0.2337912087912088 0.3076388888888889 0.1478021978021978 0.18472222222222223
0 0.22967032967032966 0.30312500000000003 0.24395604395604395 0.30069444444444443
0 0.23214285714285715 0.3104166666666667 0.2434065934065934 0.2972222222222222
0 0.23763736263736263 0.31701388888888893 0.2445054945054945 0.29930555555555555
0 0.21016483516483517 0.2815972222222222 0.2631868131868132 0.3215277777777778
0 0.28516483516483515 0.37777777777777777 0.4043956043956044 0.5041666666666667
0 0.2879120879120879 0.37569444444444444 0.4098901098901099 0.5125000000000001
0 0.28708791208791207 0.378125 0.42032967032967034 0.5159722222222223
0 0.36153846153846153 0.47118055555555555 0.5153846153846153 0.6618055555555555
