0 0.7145604395604396 0.9270833333333334 0.24010989010989012 0.29444444444444445
0 0.7214285714285714 0.9385416666666667 0.20549450549450549 0.2798611111111111
0 0.7071428571428572 0.920138888888889 0.1813186813186813 0.225
0 0.6054945054945055 0.7913194444444445 0.13076923076923078 0.14652777777777778
0 0.6046703296703296 0.7930555555555556 0.08846153846153847 0.10694444444444445
0 0.5788461538461539 0.75625 0.20604395604395603 0.24166666666666667
0 0.4173076923076923 0.5527777777777778 0.37637362637362637 0.4638888888888889
0 0.4392857142857143 0.5774305555555556 0.3708791208791209 0.47847222222222224
0 0.5634615384615385 0.7371527777777778 0.7236263736263736 0.9229166666666667
0 0.3241758241758242 0.43368055555555557 0.33516483516483514 0.44375000000000003
0 0.4434065934065934 0.5854166666666667 0.2879120879120879 0.35694444444444445
0 0.4434065934065934 0.5885416666666667 0.32857142857142857 0.4104166666666667
0 0.3925824175824176 0.5253472222222222 0.4565934065934066 0.5659722222222222
0 0.21318681318681318 0.2951388888888889 0.0956043956043956 0.1388888888888889
0 0.31126373626373627 0.415625 0.07527472527472527 0.08402777777777778
0 0.3142857142857143 0.4222222222222222 0.08571428571428572 0.09166666666666667
