0 0.1631868131868132 0.22847222222222224 0.05384615384615385 0.07083333333333333
0 0.14862637362637363 0.21493055555555557 0.02032967032967033 0.02847222222222222
0 0.19285714285714287 0.26875 0.12307692307692308 0.15833333333333333
0 0.39862637362637365 0.5260416666666667 0.2895604395604396 0.36180555555555555
0 0.4239010989010989 0.5552083333333333 0.38846153846153847 0.4840277777777778
0 0.3662087912087912 0.48958333333333337 0.4258241758241758 0.5513888888888889
0 0.4807692307692308 0.6288194444444445 0.7681318681318682 0.9812500000000001
0 0.47994505494505496 0.6329861111111111 0.7851648351648352 0.9965277777777778
0 0.45686813186813185 0.6017361111111111 0.7785714285714286 0.9854166666666667
0 0.6505494505494506 0.8416666666666667 0.3395604395604396 0.4375
0 0.720054945054945 0.9371527777777778 0.1346153846153846 0.16041666666666668
0 0.7142857142857143 0.9291666666666667 0.11648351648351649 0.1486111111111111
0 0.5980769230769231 0.7826388888888889 0.18736263736263736 0.23611111111111113
0 0.5901098901098901 0.7729166666666667 0.2010989010989011 0.24027777777777778
0 0.5843406593406594 0.7652777777777778 0.19615384615384615 0.23472222222222222
0 0.35521978021978023 0.478125 0.2412087912087912 0.31319444444444444
0 0.3486263736263736 0.46805555555555556 0.3510989010989011 0.4388888888888889
0 0.2895604395604396 0.3920138888888889 0.46923076923076923 0.6104166666666667
