0 0.2217032967032967 0.2972222222222222 0.2532967032967033 0.3138888888888889
0 0.23131868131868133 0.30694444444444446 0.13846153846153847 0.17777777777777778
0 0.21208791208791208 0.2857638888888889 0.07032967032967033 0.10069444444444445
0 0.18571428571428572 0.25381944444444443 0.27912087912087913 0.34097222222222223
0 0.12445054945054945 0.16909722222222223 0.07417582417582418 0.08402777777777778
0 0.4115384615384615 0.5381944444444444 0.2164835164835165 0.28055555555555556
0 0.4164835164835165 0.5413194444444445 0.2868131868131868 0.3715277777777778
0 0.33379120879120877 0.43368055555555557 0.4357142857142857 0.5493055555555556
0 0.32582417582417583 0.4288194444444445 0.42747252747252745 0.5534722222222223
0 0.4288461538461538 0.5621527777777778 0.55 0.6895833333333333
0 0.5807692307692308 0.7621527777777778 0.6813186813186813 0.8409722222222222
0 0.5271978021978022 0.6868055555555556 0.7192307692307692 0.8847222222222223
0 0.4997252747252747 0.64375 0.47197802197802197 0.5875
0 0.4409340659340659 0.5809027777777778 0.5346153846153846 0.6631944444444444
0 0.6296703296703297 0.8118055555555556 0.13736263736263737 0.16666666666666669
0 0.65 0.8350694444444445 0.15824175824175823 0.18958333333333335
0 0.6870879120879121 0.8812500000000001 0.17197802197802198 0.20694444444444446
0 0.7090659340659341 0.9111111111111111 0.17417582417582417 0.23055555555555557
0 0.7425824175824176 0.9552083333333333 0.31153846153846154 0.39513888888888893
0 0.5986263736263736 0.775 0.06428571428571428 0.0763888888888889
0 0.5483516483516484 0.7090277777777778 0.06263736263736264 0.075
0 0.42664835164835163 0.5579861111111112 0.008241758241758242 0.02013888888888889
0 0.5431318681318681 0.7038194444444444 0.018131868131868133 0.02847222222222222
0 0.40082417582417584 0.5246527777777777 0.4115384615384615 0.5256944444444445
0 0.33791208791208793 0.44236111111111115 0.4736263736263736 0.6055555555555556
0 0.3120879120879121 0.4138888888888889 0.5 0.6444444444444445
