0 0.4807692307692308 0.6225694444444445 0.13076923076923078 0.15208333333333335
0 0.5302197802197802 0.6854166666666667 0.12417582417582418 0.15972222222222224
0 0.5785714285714286 0.7444444444444445 0.15824175824175823 0.19305555555555556
0 0.5914835164835165 0.7628472222222222 0.028021978021978023 0.04513888888888889
0 0.6810439560439561 0.8756944444444444 0.16648351648351647 0.20555555555555557
0 0.7425824175824176 0.9541666666666667 0.28736263736263734 0.35555555555555557
0 0.653021978021978 0.8395833333333333 0.1445054945054945 0.17777777777777778
0 0.6293956043956044 0.8100694444444445 0.1357142857142857 0.16736111111111113
0 0.6052197802197802 0.7819444444444444 0.18406593406593408 0.24027777777777778
0 0.5802197802197803 0.7572916666666667 0.6725274725274726 0.8368055555555556
0 0.5826923076923077 0.757638888888889 0.6906593406593406 0.8583333333333334
0 0.4563186813186813 0.5930555555555556 0.515934065934066 0.6430555555555556
0 0.4401098901098901 0.5708333333333333 0.5648351648351648 0.7236111111111111
0 0.4755494505494505 0.6138888888888889 0.47197802197802197 0.6027777777777777
0 0.3994505494505495 0.5197916666666667 0.310989010989011 0.40347222222222223
0 0.3282967032967033 0.4340277777777778 0.19065934065934065 0.2569444444444445
0 0.25467032967032965 0.33784722222222224 0.317032967032967 0.4048611111111111
0 0.3032967032967033 0.3940972222222222 0.17692307692307693 0.22291666666666668
0 0.1925824175824176 0.26180555555555557 0.0543956043956044 0.07083333333333333
0 0.23296703296703297 0.30868055555555557 0.14835164835164835 0.1826388888888889
0 0.23598901098901098 0.3125 0.23461538461538461 0.2833333333333333
0 0.22994505494505493 0.30173611111111115 0.2456043956043956 0.30208333333333337
0 0.23049450549450548 0.30972222222222223 0.2532967032967033 0.30972222222222223
0 0.3313186813186813 0.434375 0.521978021978022 0.6743055555555556
0 0.4126373626373626 0.5388888888888889 0.4989010989010989 0.6222222222222222
0 0.28626373626373625 0.3822916666666667 0.4142857142857143 0.5243055555555556
