0 0.4664835164835165 0.6038194444444445 0.0989010989010989 0.13680555555555557
0 0.531043956043956 0.6892361111111112 0.12362637362637363 0.15069444444444444
0 0.5442307692307692 0.7010416666666667 0.11373626373626373 0.14791666666666667
0 0.2958791208791209 0.38784722222222223 0.3565934065934066 0.44097222222222227
0 0.39587912087912086 0.5128472222222222 0.5181318681318682 0.6506944444444445
0 0.26153846153846155 0.3524305555555556 0.07252747252747253 0.10069444444444445
0 0.43956043956043955 0.5711805555555556 0.3945054945054945 0.48958333333333337
0 0.43736263736263736 0.5684027777777778 0.3868131868131868 0.4826388888888889
0 0.29917582417582417 0.3965277777777778 0.09395604395604396 0.10416666666666667
0 0.31758241758241756 0.4184027777777778 0.2549450549450549 0.3215277777777778
0 0.4043956043956044 0.5253472222222222 0.23846153846153847 0.3145833333333333
0 0.5675824175824176 0.7298611111111112 0.0912087912087912 0.125
0 0.6288461538461538 0.8093750000000001 0.13791208791208792 0.16180555555555556
0 0.6450549450549451 0.8302083333333333 0.16923076923076924 0.21180555555555555
0 0.7065934065934066 0.9059027777777778 0.15164835164835164 0.19930555555555557
0 0.6101648351648352 0.7868055555555555 0.18736263736263736 0.22916666666666669
0 0.7263736263736263 0.9319444444444445 0.24065934065934066 0.3013888888888889
0 0.5879120879120879 0.7649305555555556 0.6362637362637362 0.8020833333333334
0 0.5403846153846154 0.6975694444444445 0.4631868131868132 0.5965277777777778
0 0.47912087912087914 0.6298611111111111 0.4703296703296703 0.5861111111111111
0 0.13983516483516484 0.1902777777777778 0.22582417582417583 0.29444444444444445
0 0.11263736263736264 0.15868055555555557 0.16043956043956045 0.1951388888888889
0 0.21813186813186813 0.29375 0.26593406593406593 0.33055555555555555
