0 0.17417582417582417 0.23854166666666668 0.22857142857142856 0.30069444444444443
0 0.20741758241758243 0.2791666666666667 0.2423076923076923 0.3194444444444445
0 0.17445054945054944 0.24097222222222223 0.16648351648351647 0.20833333333333334
0 0.16895604395604397 0.22881944444444446 0.12472527472527473 0.15347222222222223
0 0.2662087912087912 0.35173611111111114 0.19285714285714287 0.2423611111111111
0 0.24203296703296703 0.32395833333333335 0.22032967032967032 0.29097222222222224
0 0.41098901098901097 0.5378472222222223 0.3230769230769231 0.40208333333333335
0 0.46923076923076923 0.6111111111111112 0.5032967032967033 0.6291666666666667
0 0.47994505494505496 0.6204861111111112 0.5510989010989011 0.7048611111111112
0 0.5601648351648352 0.7274305555555556 0.5335164835164835 0.6756944444444445
0 0.5587912087912088 0.7232638888888889 0.7527472527472527 0.9659722222222222
0 0.5659340659340659 0.7298611111111112 0.7406593406593407 0.925
0 0.5137362637362637 0.6659722222222223 0.7846153846153846 0.9972222222222222
0 0.5684065934065934 0.7350694444444444 0.29505494505494506 0.37986111111111115
0 0.6293956043956044 0.8083333333333333 0.3873626373626374 0.49722222222222223
0 0.7148351648351648 0.9197916666666667 0.26593406593406593 0.34375
0 0.7293956043956044 0.9378472222222223 0.35 0.42847222222222225
0 0.7282967032967033 0.9392361111111112 0.25659340659340657 0.33125
0 0.7332417582417582 0.9454861111111111 0.2664835164835165 0.34097222222222223
0 0.6538461538461539 0.8388888888888889 0.27582417582417584 0.35555555555555557
0 0.41346153846153844 0.5368055555555555 0.06978021978021978 0.09722222222222222
0 0.43104395604395607 0.5611111111111111 0.0038461538461538464 0.018055555555555557
0 0.48406593406593407 0.6267361111111112 0.14175824175824175 0.18819444444444444
0 0.551923076923077 0.7135416666666667 0.128021978021978 0.15763888888888888
0 0.3184065934065934 0.4201388888888889 0.5104395604395604 0.6597222222222222
0 0.33791208791208793 0.4430555555555556 0.23956043956043957 0.31666666666666665
0 0.34203296703296704 0.4461805555555556 0.2357142857142857 0.3076388888888889
0 0.41236263736263734 0.5336805555555556 0.6467032967032967 0.8076388888888889
0 0.41620879120879123 0.5392361111111111 0.7016483516483516 0.89375
0 0.4195054945054945 0.5423611111111112 0.7159340659340659 0.913888888888889
0 0.41098901098901097 0.5305555555555556 0.656043956043956 0.8250000000000001
0 0.41620879120879123 0.5368055555555555 0.6565934065934066 0.8236111111111112
