0 0.26456043956043956 0.3590277777777778 0.06648351648351648 0.07361111111111111
0 0.29093406593406596 0.39583333333333337 0.03461538461538462 0.05
0 0.18021978021978022 0.25069444444444444 0.07472527472527472 0.10416666666666667
0 0.40714285714285714 0.5329861111111112 0.378021978021978 0.48680555555555555
0 0.4277472527472527 0.5670138888888889 0.1467032967032967 0.20208333333333334
0 0.37032967032967035 0.48888888888888893 0.13846153846153847 0.1736111111111111
0 0.5096153846153846 0.6673611111111112 0.6730769230769231 0.8555555555555556
0 0.42939560439560437 0.5642361111111112 0.7324175824175824 0.9381944444444444
0 0.44148351648351647 0.5795138888888889 0.7532967032967033 0.9395833333333333
0 0.6815934065934066 0.8857638888888889 0.13351648351648351 0.17291666666666666
0 0.6747252747252748 0.8739583333333334 0.12307692307692308 0.15763888888888888
0 0.7392857142857143 0.9569444444444445 0.3620879120879121 0.4361111111111111
0 0.509065934065934 0.6694444444444445 0.018131868131868133 0.02638888888888889
0 0.43846153846153846 0.5809027777777778 0.11208791208791209 0.13125
0 0.5019230769230769 0.6600694444444445 0.260989010989011 0.3145833333333333
0 0.3848901098901099 0.5104166666666667 0.4401098901098901 0.5402777777777777
0 0.364010989010989 0.4847222222222222 0.48626373626373626 0.6347222222222223
0 0.2925824175824176 0.3909722222222222 0.4576923076923077 0.6
