0 0.15164835164835164 0.21805555555555556 0.01978021978021978 0.018055555555555557
0 0.15714285714285714 0.2215277777777778 0.03736263736263736 0.05694444444444444
0 0.26346153846153847 0.36006944444444444 0.04450549450549451 0.043750000000000004
0 0.321978021978022 0.4322916666666667 0.3230769230769231 0.42291666666666666
0 0.4085164835164835 0.5381944444444444 0.3851648351648352 0.4916666666666667
0 0.475 0.6253472222222223 0.2489010989010989 0.31319444444444444
0 0.5063186813186813 0.6628472222222223 0.5895604395604396 0.7381944444444445
0 0.45906593406593404 0.6034722222222223 0.5368131868131868 0.6722222222222223
0 0.4582417582417582 0.603125 0.6098901098901099 0.7743055555555556
0 0.6780219780219781 0.8805555555555555 0.11538461538461539 0.14305555555555557
0 0.6791208791208792 0.8836805555555556 0.12527472527472527 0.15347222222222223
0 0.6728021978021979 0.8809027777777778 0.1346153846153846 0.1701388888888889
0 0.5925824175824176 0.7802083333333334 0.11703296703296703 0.14930555555555555
0 0.518956043956044 0.6826388888888889 0.27307692307692305 0.32916666666666666
0 0.5258241758241758 0.6961805555555556 0.2824175824175824 0.35347222222222224
0 0.36236263736263735 0.48541666666666666 0.49835164835164836 0.6222222222222222
0 0.3557692307692308 0.48055555555555557 0.48516483516483516 0.6069444444444445
0 0.26153846153846155 0.3572916666666667 0.3208791208791209 0.3923611111111111
