0 0.2837912087912088 0.3875 0.02032967032967033 0.018055555555555557
0 0.21153846153846154 0.29375 0.13406593406593406 0.1736111111111111
0 0.16538461538461538 0.23159722222222223 0.001098901098901099 0.011805555555555555
0 0.3239010989010989 0.4371527777777778 0.24010989010989012 0.2965277777777778
0 0.4228021978021978 0.5548611111111111 0.37857142857142856 0.4791666666666667
0 0.432967032967033 0.5711805555555556 0.17252747252747253 0.21041666666666667
0 0.41785714285714287 0.5517361111111111 0.6038461538461538 0.7479166666666667
0 0.4870879120879121 0.64375 0.7324175824175824 0.9236111111111112
0 0.4950549450549451 0.6451388888888889 0.7417582417582418 0.9430555555555556
0 0.6656593406593406 0.8659722222222223 0.39615384615384613 0.5111111111111112
0 0.7082417582417583 0.9215277777777778 0.11978021978021978 0.17083333333333334
0 0.7324175824175824 0.9420138888888889 0.13186813186813187 0.17569444444444446
0 0.5824175824175825 0.7635416666666667 0.027472527472527472 0.04791666666666667
0 0.5656593406593406 0.740625 0.033516483516483515 0.024305555555555556
0 0.5675824175824176 0.7420138888888889 0.24945054945054945 0.29930555555555555
0 0.3620879120879121 0.4840277777777778 0.23516483516483516 0.3111111111111111
0 0.2857142857142857 0.38472222222222224 0.2703296703296703 0.325
0 0.26895604395604394 0.36562500000000003 0.39725274725274723 0.49375
