0 0.5516483516483517 0.7194444444444444 0.7274725274725274 0.9166666666666667
0 0.548901098901099 0.7142361111111112 0.4747252747252747 0.6159722222222223
0 0.4472527472527473 0.5829861111111111 0.6208791208791209 0.7729166666666667
0 0.4467032967032967 0.5770833333333334 0.5197802197802198 0.6472222222222223
0 0.2989010989010989 0.3975694444444445 0.22967032967032966 0.30486111111111114
0 0.25357142857142856 0.34270833333333334 0.15989010989010988 0.20208333333333334
0 0.41813186813186815 0.5413194444444445 0.2692307692307692 0.3493055555555556
0 0.24505494505494504 0.3232638888888889 0.2714285714285714 0.3479166666666667
0 0.453021978021978 0.5885416666666667 0.08406593406593407 0.11458333333333334
0 0.5870879120879121 0.7604166666666667 0.13681318681318683 0.17500000000000002
0 0.5384615384615384 0.6972222222222223 0.2175824175824176 0.26666666666666666
0 0.5247252747252747 0.6833333333333333 0.23516483516483516 0.28194444444444444
0 0.6857142857142857 0.8798611111111111 0.16923076923076924 0.20694444444444446
0 0.7431318681318682 0.9559027777777778 0.3313186813186813 0.4048611111111111
0 0.6675824175824175 0.8586805555555556 0.15164835164835164 0.1826388888888889
0 0.6563186813186813 0.8444444444444444 0.1467032967032967 0.17222222222222222
0 0.6304945054945055 0.8114583333333334 0.1346153846153846 0.1701388888888889
0 0.22280219780219782 0.30173611111111115 0.1423076923076923 0.17847222222222223
0 0.23406593406593407 0.30833333333333335 0.13406593406593406 0.17222222222222222
0 0.2653846153846154 0.35347222222222224 0.06263736263736264 0.09027777777777778
0 0.20796703296703298 0.28020833333333334 0.2653846153846154 0.3451388888888889
0 0.12994505494505496 0.1798611111111111 0.20494505494505494 0.25833333333333336
0 0.2934065934065934 0.38958333333333334 0.4736263736263736 0.6111111111111112
0 0.37884615384615383 0.49409722222222224 0.528021978021978 0.6673611111111112
0 0.43956043956043955 0.5715277777777777 0.3879120879120879 0.4791666666666667
0 0.44285714285714284 0.5815972222222222 0.5505494505494506 0.69375
0 0.5071428571428571 0.6496527777777779 0.035164835164835165 0.04791666666666667
0 0.5593406593406594 0.7211805555555556 0.07802197802197802 0.09791666666666667
