0 0.18681318681318682 0.2611111111111111 0.10989010989010989 0.15416666666666667
0 0.28324175824175823 0.38125000000000003 0.07857142857142857 0.11805555555555557
0 0.28598901098901097 0.38506944444444446 0.1543956043956044 0.17569444444444446
0 0.3373626373626374 0.4552083333333333 0.3802197802197802 0.5020833333333333
0 0.381043956043956 0.5041666666666667 0.29725274725274725 0.3666666666666667
0 0.4247252747252747 0.5579861111111112 0.3769230769230769 0.45625000000000004
0 0.4848901098901099 0.6395833333333334 0.04120879120879121 0.06805555555555556
0 0.5868131868131868 0.7670138888888889 0.0 0.021527777777777778
0 0.5744505494505494 0.7534722222222222 0.08956043956043956 0.12638888888888888
0 0.4052197802197802 0.5413194444444445 0.19505494505494506 0.26875
0 0.42637362637362636 0.565625 0.23516483516483516 0.3159722222222222
0 0.35192307692307695 0.4715277777777778 0.43241758241758244 0.5583333333333333
0 0.5082417582417582 0.6631944444444444 0.6021978021978022 0.775
0 0.5956043956043956 0.7836805555555556 0.6659340659340659 0.84375
0 0.6763736263736264 0.8784722222222222 0.44395604395604393 0.5833333333333334
0 0.759065934065934 0.9788194444444445 0.4401098901098901 0.5395833333333333
0 0.7549450549450549 0.9788194444444445 0.1901098901098901 0.22430555555555556
