0 0.16263736263736264 0.2295138888888889 0.05054945054945055 0.06736111111111111
0 0.14917582417582417 0.21354166666666669 0.03021978021978022 0.04236111111111111
0 0.20494505494505494 0.28611111111111115 0.12967032967032968 0.16527777777777777
0 0.39807692307692305 0.5243055555555556 0.28846153846153844 0.35694444444444445
0 0.47307692307692306 0.6277777777777778 0.26703296703296703 0.3416666666666667
0 0.42527472527472526 0.5541666666666667 0.3868131868131868 0.4791666666666667
0 0.4728021978021978 0.6215277777777778 0.7697802197802198 0.9875
0 0.4673076923076923 0.6142361111111111 0.7763736263736264 0.9881944444444445
0 0.4631868131868132 0.609375 0.7857142857142857 0.9979166666666667
0 0.656043956043956 0.8493055555555555 0.36043956043956044 0.4652777777777778
0 0.7038461538461539 0.9163194444444445 0.12197802197802197 0.14930555555555555
0 0.7019230769230769 0.913888888888889 0.11153846153846154 0.1388888888888889
0 0.5879120879120879 0.7697916666666667 0.16923076923076924 0.22013888888888888
0 0.5815934065934066 0.7600694444444445 0.21813186813186813 0.25625000000000003
0 0.46291208791208793 0.609375 0.21923076923076923 0.29375
0 0.3752747252747253 0.49930555555555556 0.47912087912087914 0.6055555555555556
0 0.3057692307692308 0.409375 0.48626373626373626 0.6034722222222223
0 0.3565934065934066 0.48055555555555557 0.24395604395604395 0.31527777777777777
