0 0.21593406593406594 0.2989583333333333 0.056043956043956046 0.09097222222222223
0 0.2021978021978022 0.28055555555555556 0.04285714285714286 0.08055555555555556
0 0.33406593406593404 0.44722222222222224 0.056043956043956046 0.05694444444444444
0 0.4398351648351648 0.5871527777777777 0.19285714285714287 0.25625000000000003
0 0.3923076923076923 0.5232638888888889 0.44835164835164837 0.5798611111111112
0 0.3821428571428571 0.513888888888889 0.42142857142857143 0.5513888888888889
0 0.6362637362637362 0.834375 0.07582417582417582 0.08263888888888889
0 0.5953296703296703 0.78125 0.1467032967032967 0.16805555555555557
0 0.5093406593406593 0.6725694444444444 0.03736263736263736 0.035416666666666666
0 0.3925824175824176 0.5277777777777778 0.19615384615384615 0.24027777777777778
0 0.40384615384615385 0.5364583333333334 0.4945054945054945 0.6243055555555556
0 0.38846153846153847 0.5131944444444445 0.4868131868131868 0.6263888888888889
0 0.453021978021978 0.5965277777777778 0.6521978021978022 0.8361111111111111
0 0.46923076923076923 0.6208333333333333 0.7329670329670329 0.9458333333333334
0 0.6010989010989011 0.7861111111111111 0.6989010989010989 0.8652777777777778
0 0.6532967032967033 0.8548611111111112 0.4318681318681319 0.5652777777777778
0 0.7475274725274725 0.967013888888889 0.21593406593406594 0.2701388888888889
