0 0.17967032967032967 0.253125 0.17032967032967034 0.2326388888888889
0 0.19395604395604396 0.26979166666666665 0.1824175824175824 0.2465277777777778
0 0.20659340659340658 0.28923611111111114 0.16373626373626374 0.20347222222222222
0 0.2315934065934066 0.3184027777777778 0.21263736263736263 0.27569444444444446
0 0.3162087912087912 0.42534722222222227 0.25 0.31319444444444444
0 0.23434065934065934 0.321875 0.23901098901098902 0.30625
0 0.40054945054945057 0.5333333333333333 0.5736263736263736 0.7180555555555556
0 0.5296703296703297 0.69375 0.4967032967032967 0.6305555555555555
0 0.6115384615384616 0.8010416666666667 0.1824175824175824 0.2465277777777778
0 0.6076923076923076 0.7965277777777778 0.08681318681318681 0.11388888888888889
0 0.35274725274725277 0.4690972222222222 0.5692307692307692 0.7354166666666667
0 0.4021978021978022 0.5333333333333333 0.5934065934065934 0.7430555555555556
0 0.36236263736263735 0.48506944444444444 0.37857142857142856 0.48958333333333337
0 0.4736263736263736 0.6243055555555556 0.15604395604395604 0.17916666666666667
0 0.7464285714285714 0.9638888888888889 0.21483516483516482 0.25972222222222224
0 0.7717032967032967 1.0 0.2357142857142857 0.2791666666666667
0 0.7002747252747252 0.9079861111111112 0.3675824175824176 0.4701388888888889
0 0.4074175824175824 0.5440972222222222 0.6247252747252747 0.8104166666666667
