0 0.4697265625 0.8472222222222222 0.037109375 0.061111111111111116
0 0.4109375 0.7399305555555555 0.48671875000000003 0.8729166666666667
0 0.548828125 0.9819444444444445 0.31015625 0.5458333333333334
0 0.5388671875000001 0.9701388888888889 0.304296875 0.5375
0 0.23847656250000002 0.434375 0.025390625 0.05486111111111111
0 0.390234375 0.7048611111111112 0.07500000000000001 0.14444444444444446
0 0.46484375 0.8381944444444445 0.49531250000000004 0.8708333333333333
0 0.21699218750000002 0.3923611111111111 0.064453125 0.11527777777777778
0 0.2974609375 0.5392361111111111 0.005078125 0.01875
0 0.40839843750000004 0.7392361111111111 0.144921875 0.2465277777777778
0 0.5353515625 0.9614583333333334 0.30195312500000004 0.5243055555555556
0 0.164453125 0.30486111111111114 0.041406250000000006 0.08472222222222223
0 0.2158203125 0.3923611111111111 0.057421875000000004 0.1
0 0.255078125 0.46493055555555557 0.1546875 0.28541666666666665
0 0.330078125 0.5986111111111111 0.1015625 0.16944444444444445
0 0.334765625 0.607638888888889 0.09921875000000001 0.1763888888888889
0 0.4958984375 0.8909722222222223 0.026171875 0.03888888888888889
0 0.48750000000000004 0.8767361111111112 0.06171875 0.12013888888888889
0 0.3591796875 0.6475694444444444 0.121484375 0.21041666666666667
0 0.38203125000000004 0.6920138888888889 0.13593750000000002 0.23819444444444446
0 0.306640625 0.5552083333333333 0.37890625 0.6784722222222223
0 0.2716796875 0.4954861111111111 0.38398437500000004 0.69375
0 0.2724609375 0.5 0.460546875 0.8236111111111112
0 0.43085937500000004 0.7746527777777779 0.5281250000000001 0.945138888888889
0 0.4697265625 0.8506944444444445 0.491015625 0.8861111111111112
0 0.4451171875 0.8024305555555555 0.468359375 0.83125
0 0.4462890625 0.804513888888889 0.476171875 0.8479166666666667
0 0.546484375 0.9815972222222222 0.30312500000000003 0.5381944444444444
0 0.471484375 0.8541666666666667 0.12578125 0.23055555555555557
