0 0.5087912087912088 0.6614583333333334 0.13076923076923078 0.16180555555555556
0 0.46895604395604396 0.6121527777777778 0.12252747252747252 0.14375000000000002
0 0.3532967032967033 0.46805555555555556 0.1054945054945055 0.1375
0 0.3994505494505495 0.5204861111111111 0.3098901098901099 0.4048611111111111
0 0.2681318681318681 0.3576388888888889 0.11098901098901098 0.14583333333333334
0 0.2456043956043956 0.3260416666666667 0.23626373626373626 0.2868055555555556
0 0.22939560439560439 0.30833333333333335 0.2554945054945055 0.3180555555555556
0 0.5931318681318681 0.7635416666666667 0.03131868131868132 0.050694444444444445
0 0.23598901098901098 0.30833333333333335 0.2478021978021978 0.30972222222222223
0 0.23324175824175825 0.30833333333333335 0.15 0.18611111111111112
0 0.2846153846153846 0.37569444444444444 0.4054945054945055 0.5055555555555555
0 0.28626373626373625 0.3784722222222222 0.4197802197802198 0.5166666666666667
0 0.3631868131868132 0.4756944444444445 0.5285714285714286 0.6680555555555556
0 0.5917582417582418 0.7635416666666667 0.0978021978021978 0.11597222222222223
0 0.6307692307692307 0.8118055555555556 0.13406593406593406 0.16666666666666669
0 0.6043956043956044 0.7815972222222223 0.1945054945054945 0.24791666666666667
0 0.6527472527472528 0.8395833333333333 0.14505494505494507 0.17777777777777778
0 0.6815934065934066 0.8739583333333334 0.16758241758241757 0.20347222222222222
0 0.7425824175824176 0.9552083333333333 0.2895604395604396 0.35625
0 0.4739010989010989 0.623263888888889 0.4675824175824176 0.5784722222222223
0 0.45494505494505494 0.5930555555555556 0.5197802197802198 0.6430555555555556
0 0.43543956043956045 0.5711805555555556 0.573076923076923 0.7256944444444444
0 0.4835164835164835 0.63125 0.7527472527472527 0.9652777777777778
0 0.4755494505494505 0.6138888888888889 0.4785714285714286 0.6041666666666667
0 0.24010989010989012 0.31875000000000003 0.21428571428571427 0.275
0 0.2967032967032967 0.3885416666666667 0.14945054945054945 0.18680555555555556
