0 0.17774725274725275 0.25 0.015934065934065933 0.016666666666666666
0 0.1478021978021978 0.2125 0.021978021978021976 0.03194444444444445
0 0.15302197802197803 0.22013888888888888 0.06098901098901099 0.0763888888888889
0 0.42417582417582417 0.5572916666666667 0.38571428571428573 0.48541666666666666
0 0.4423076923076923 0.5822916666666667 0.42637362637362636 0.5465277777777778
0 0.41126373626373625 0.5454861111111111 0.13681318681318683 0.1798611111111111
0 0.4664835164835165 0.6135416666666667 0.7516483516483516 0.9590277777777778
0 0.46098901098901096 0.6045138888888889 0.7582417582417582 0.9701388888888889
0 0.4098901098901099 0.5413194444444445 0.6714285714285714 0.8465277777777778
0 0.6486263736263737 0.8489583333333334 0.39175824175824175 0.4979166666666667
0 0.6491758241758242 0.8444444444444444 0.3587912087912088 0.4513888888888889
0 0.6510989010989011 0.8503472222222223 0.16483516483516483 0.21458333333333335
0 0.4593406593406593 0.6079861111111111 0.1912087912087912 0.2590277777777778
0 0.49835164835164836 0.6555555555555556 0.26043956043956046 0.33333333333333337
0 0.5101648351648351 0.6711805555555556 0.2543956043956044 0.33125
0 0.4010989010989011 0.5315972222222223 0.4703296703296703 0.5756944444444445
0 0.3607142857142857 0.4826388888888889 0.5082417582417582 0.638888888888889
0 0.3576923076923077 0.4743055555555556 0.41098901098901097 0.5319444444444444
