0 0.26373626373626374 0.35625 0.11758241758241758 0.12638888888888888
0 0.24587912087912087 0.33472222222222225 0.08626373626373626 0.09861111111111112
0 0.1662087912087912 0.23472222222222222 0.03901098901098901 0.05
0 0.3425824175824176 0.4572916666666667 0.382967032967033 0.50625
0 0.4065934065934066 0.5322916666666667 0.35934065934065934 0.44375000000000003
0 0.4307692307692308 0.5625 0.2802197802197802 0.3625
0 0.45467032967032966 0.5996527777777778 0.5434065934065934 0.6743055555555556
0 0.44285714285714284 0.5836805555555555 0.6021978021978022 0.7645833333333334
0 0.4239010989010989 0.5579861111111112 0.7016483516483516 0.9020833333333333
0 0.7071428571428572 0.9173611111111112 0.3912087912087912 0.4861111111111111
0 0.6752747252747253 0.8743055555555556 0.3813186813186813 0.4763888888888889
0 0.7005494505494505 0.9118055555555555 0.11318681318681319 0.1486111111111111
0 0.5206043956043956 0.6850694444444445 0.0016483516483516484 0.0006944444444444445
0 0.529945054945055 0.6972222222222223 0.06758241758241758 0.08055555555555556
0 0.4728021978021978 0.6256944444444444 0.007142857142857143 0.004166666666666667
0 0.3914835164835165 0.51875 0.40714285714285714 0.5055555555555555
0 0.3357142857142857 0.44895833333333335 0.5 0.6256944444444444
0 0.37554945054945055 0.496875 0.4620879120879121 0.5659722222222222
