0 0.20961538461538462 0.2885416666666667 0.13681318681318683 0.1840277777777778
0 0.18214285714285713 0.25416666666666665 0.12032967032967033 0.15694444444444444
0 0.19835164835164834 0.2760416666666667 0.12967032967032968 0.16875
0 0.38076923076923075 0.5027777777777778 0.3010989010989011 0.3902777777777778
0 0.36456043956043954 0.4847222222222222 0.42032967032967034 0.5458333333333334
0 0.4247252747252747 0.5559027777777777 0.3868131868131868 0.4881944444444445
0 0.48736263736263735 0.6402777777777778 0.7857142857142857 0.9875
0 0.45989010989010987 0.6065972222222222 0.7769230769230769 0.9868055555555556
0 0.4747252747252747 0.6222222222222222 0.7483516483516484 0.9472222222222223
0 0.6436813186813187 0.8322916666666667 0.3456043956043956 0.4465277777777778
0 0.7260989010989011 0.9434027777777778 0.38846153846153847 0.4798611111111111
0 0.753021978021978 0.9760416666666667 0.31263736263736264 0.3854166666666667
0 0.5884615384615385 0.7715277777777778 0.19230769230769232 0.23750000000000002
0 0.5711538461538461 0.7493055555555556 0.2445054945054945 0.3138888888888889
0 0.5260989010989011 0.6909722222222222 0.2752747252747253 0.34444444444444444
0 0.3532967032967033 0.4725694444444445 0.512087912087912 0.6451388888888889
0 0.35 0.4701388888888889 0.5263736263736264 0.6638888888888889
0 0.2796703296703297 0.3770833333333333 0.34835164835164834 0.4277777777777778
