0 0.1585164835164835 0.22361111111111112 0.04230769230769231 0.07222222222222223
0 0.1631868131868132 0.22743055555555555 0.03406593406593406 0.03958333333333333
0 0.19835164835164834 0.2746527777777778 0.03736263736263736 0.04791666666666667
0 0.3607142857142857 0.4809027777777778 0.2302197802197802 0.3104166666666667
0 0.37335164835164836 0.4934027777777778 0.2445054945054945 0.31180555555555556
0 0.42554945054945054 0.5552083333333333 0.28406593406593406 0.36597222222222225
0 0.4675824175824176 0.6170138888888889 0.7703296703296704 0.9840277777777778
0 0.44835164835164837 0.5881944444444445 0.7329670329670329 0.9291666666666667
0 0.428021978021978 0.5625 0.7208791208791209 0.9291666666666667
0 0.7431318681318682 0.9583333333333334 0.1631868131868132 0.21666666666666667
0 0.7483516483516484 0.9684027777777778 0.3208791208791209 0.38819444444444445
0 0.7239010989010989 0.9364583333333334 0.360989010989011 0.43819444444444444
0 0.5804945054945055 0.7625000000000001 0.1565934065934066 0.19305555555555556
0 0.576098901098901 0.75625 0.1565934065934066 0.19305555555555556
0 0.4445054945054945 0.5861111111111111 0.04065934065934066 0.029166666666666667
0 0.3574175824175824 0.4795138888888889 0.5038461538461538 0.6326388888888889
0 0.30741758241758244 0.4135416666666667 0.49175824175824173 0.6256944444444444
0 0.3151098901098901 0.4239583333333333 0.506043956043956 0.6493055555555556
