0 0.1631868131868132 0.22777777777777777 0.1010989010989011 0.1375
0 0.14945054945054945 0.21458333333333335 0.03626373626373627 0.03888888888888889
0 0.16043956043956045 0.22465277777777778 0.054945054945054944 0.08402777777777778
0 0.42527472527472526 0.5555555555555556 0.3879120879120879 0.48888888888888893
0 0.43846153846153846 0.5760416666666667 0.31648351648351647 0.40902777777777777
0 0.4282967032967033 0.5677083333333334 0.1478021978021978 0.19930555555555557
0 0.47445054945054943 0.6215277777777778 0.7631868131868131 0.9722222222222222
0 0.46565934065934067 0.6159722222222223 0.7807692307692308 0.9888888888888889
0 0.4423076923076923 0.5826388888888889 0.7582417582417582 0.9680555555555556
0 0.6505494505494506 0.8427083333333334 0.3802197802197802 0.47708333333333336
0 0.6612637362637362 0.8618055555555556 0.1357142857142857 0.15833333333333333
0 0.7626373626373626 0.9892361111111111 0.2153846153846154 0.2826388888888889
0 0.5884615384615385 0.7711805555555555 0.035164835164835165 0.04930555555555556
0 0.5741758241758241 0.75 0.0032967032967032967 0.02361111111111111
0 0.47692307692307695 0.6284722222222222 0.21428571428571427 0.2833333333333333
0 0.38763736263736265 0.5135416666666667 0.4950549450549451 0.6090277777777778
0 0.3302197802197802 0.44062500000000004 0.3978021978021978 0.49375
0 0.3192307692307692 0.4260416666666667 0.4208791208791209 0.5479166666666667
