0 0.16263736263736264 0.2267361111111111 0.1010989010989011 0.13680555555555557
0 0.15164835164835164 0.2170138888888889 0.051648351648351645 0.07430555555555556
0 0.16043956043956045 0.22430555555555556 0.054945054945054944 0.08472222222222223
0 0.4247252747252747 0.5555555555555556 0.3879120879120879 0.48888888888888893
0 0.39972527472527475 0.5270833333333333 0.2478021978021978 0.31527777777777777
0 0.42417582417582417 0.5628472222222223 0.14505494505494507 0.19375
0 0.475 0.6218750000000001 0.7631868131868131 0.9729166666666667
0 0.46565934065934067 0.6145833333333334 0.7807692307692308 0.9902777777777778
0 0.44285714285714284 0.5829861111111111 0.7582417582417582 0.96875
0 0.6362637362637362 0.8256944444444445 0.3384615384615385 0.43194444444444446
0 0.6387362637362637 0.8315972222222222 0.3532967032967033 0.46458333333333335
0 0.6464285714285715 0.8427083333333334 0.1620879120879121 0.18541666666666667
0 0.564010989010989 0.7375 0.002747252747252747 0.009722222222222222
0 0.4728021978021978 0.6208333333333333 0.17857142857142858 0.24027777777777778
0 0.47692307692307695 0.6288194444444445 0.21428571428571427 0.28125
0 0.3269230769230769 0.4361111111111111 0.4 0.4930555555555556
0 0.30357142857142855 0.40972222222222227 0.42032967032967034 0.5347222222222222
0 0.2906593406593407 0.39340277777777777 0.4230769230769231 0.5534722222222223
