0 0.16291208791208792 0.22916666666666669 0.05 0.06666666666666667
0 0.14945054945054945 0.2152777777777778 0.027472527472527472 0.036111111111111115
0 0.20549450549450549 0.28645833333333337 0.12967032967032968 0.16597222222222222
0 0.3978021978021978 0.525 0.289010989010989 0.35694444444444445
0 0.4236263736263736 0.5559027777777777 0.3868131868131868 0.4840277777777778
0 0.4736263736263736 0.6274305555555556 0.2802197802197802 0.3548611111111111
0 0.47197802197802197 0.61875 0.7681318681318682 0.9875
0 0.4664835164835165 0.6135416666666667 0.7736263736263737 0.9909722222222223
0 0.46263736263736266 0.6083333333333334 0.7835164835164835 0.9986111111111111
0 0.6563186813186813 0.8493055555555555 0.3587912087912088 0.4652777777777778
0 0.7060439560439561 0.9194444444444445 0.12307692307692308 0.14444444444444446
0 0.7016483516483516 0.9135416666666667 0.11208791208791209 0.13958333333333334
0 0.5873626373626374 0.7670138888888889 0.16703296703296702 0.21875
0 0.5818681318681319 0.7600694444444445 0.2175824175824176 0.2548611111111111
0 0.4620879120879121 0.607638888888889 0.2153846153846154 0.2902777777777778
0 0.375 0.49756944444444445 0.47637362637362635 0.6048611111111112
0 0.3027472527472527 0.4059027777777778 0.4901098901098901 0.6104166666666667
0 0.3557692307692308 0.4791666666666667 0.2423076923076923 0.31666666666666665
