0 0.2931640625 0.5385416666666667 0.020703125000000003 0.02291666666666667
0 0.21015625000000002 0.39513888888888893 0.0054687500000000005 0.006944444444444445
0 0.20429687500000002 0.3822916666666667 0.013281250000000001 0.03680555555555556
0 0.12070312500000001 0.2267361111111111 0.1265625 0.22430555555555556
0 0.12480468750000001 0.23958333333333334 0.09335937500000001 0.1513888888888889
0 0.13671875 0.26284722222222223 0.06484375 0.10625
0 0.35234375 0.6395833333333334 0.22187500000000002 0.4013888888888889
0 0.4009765625 0.7322916666666667 0.137109375 0.2604166666666667
0 0.280078125 0.5114583333333333 0.40625 0.7354166666666667
0 0.2458984375 0.45625000000000004 0.423828125 0.7708333333333334
0 0.2435546875 0.4510416666666667 0.36367187500000003 0.6326388888888889
0 0.3630859375 0.6663194444444445 0.286328125 0.5131944444444445
0 0.43867187500000004 0.7979166666666667 0.21328125 0.39305555555555555
0 0.44160156250000004 0.8017361111111111 0.20273437500000002 0.37430555555555556
0 0.4732421875 0.8604166666666667 0.087890625 0.16944444444444445
0 0.508203125 0.9222222222222223 0.109375 0.19444444444444445
0 0.512890625 0.9340277777777778 0.12109375 0.2111111111111111
0 0.51328125 0.9309027777777779 0.49921875000000004 0.9020833333333333
0 0.5236328125 0.9510416666666667 0.353515625 0.6201388888888889
0 0.51328125 0.9371527777777778 0.38125000000000003 0.670138888888889
0 0.5080078125 0.9180555555555556 0.464453125 0.8402777777777778
0 0.2931640625 0.5385416666666667 0.020703125000000003 0.02291666666666667
0 0.21015625000000002 0.39513888888888893 0.0054687500000000005 0.006944444444444445
0 0.20429687500000002 0.3822916666666667 0.013281250000000001 0.03680555555555556
0 0.12070312500000001 0.2267361111111111 0.1265625 0.22430555555555556
0 0.12480468750000001 0.23958333333333334 0.09335937500000001 0.1513888888888889
0 0.13671875 0.26284722222222223 0.06484375 0.10625
0 0.35234375 0.6395833333333334 0.22187500000000002 0.4013888888888889
0 0.4009765625 0.7322916666666667 0.137109375 0.2604166666666667
0 0.280078125 0.5114583333333333 0.40625 0.7354166666666667
0 0.2458984375 0.45625000000000004 0.423828125 0.7708333333333334
0 0.2435546875 0.4510416666666667 0.36367187500000003 0.6326388888888889
0 0.3630859375 0.6663194444444445 0.286328125 0.5131944444444445
0 0.43867187500000004 0.7979166666666667 0.21328125 0.39305555555555555
0 0.44160156250000004 0.8017361111111111 0.20273437500000002 0.37430555555555556
0 0.4732421875 0.8604166666666667 0.087890625 0.16944444444444445
0 0.508203125 0.9222222222222223 0.109375 0.19444444444444445
0 0.512890625 0.9340277777777778 0.12109375 0.2111111111111111
0 0.51328125 0.9309027777777779 0.49921875000000004 0.9020833333333333
0 0.5236328125 0.9510416666666667 0.353515625 0.6201388888888889
0 0.51328125 0.9371527777777778 0.38125000000000003 0.670138888888889
0 0.5080078125 0.9180555555555556 0.464453125 0.8402777777777778
