0 0.18763736263736264 0.2586805555555556 0.2478021978021978 0.3104166666666667
0 0.25164835164835164 0.33333333333333337 0.007692307692307693 0.005555555555555556
0 0.14945054945054945 0.2076388888888889 0.14505494505494507 0.17777777777777778
0 0.12362637362637363 0.17152777777777778 0.026373626373626374 0.04583333333333334
0 0.30851648351648353 0.4041666666666667 0.17967032967032967 0.22361111111111112
0 0.2725274725274725 0.35659722222222223 0.17912087912087912 0.23402777777777778
0 0.3870879120879121 0.5069444444444444 0.41923076923076924 0.5291666666666667
0 0.4978021978021978 0.6458333333333334 0.6945054945054945 0.8666666666666667
0 0.5747252747252747 0.74375 0.6989010989010989 0.8708333333333333
0 0.5697802197802198 0.734375 0.578021978021978 0.7368055555555556
0 0.5744505494505494 0.7402777777777778 0.5708791208791208 0.7208333333333333
0 0.46675824175824177 0.6027777777777777 0.5412087912087912 0.6763888888888889
0 0.4697802197802198 0.609375 0.7945054945054945 0.9965277777777778
0 0.49313186813186816 0.6375000000000001 0.7851648351648352 1.0
0 0.5225274725274726 0.6729166666666667 0.7406593406593407 0.9333333333333333
0 0.5832417582417583 0.7565972222222223 0.17087912087912088 0.21041666666666667
0 0.6162087912087912 0.7982638888888889 0.13901098901098902 0.16319444444444445
0 0.6480769230769231 0.8336805555555555 0.30054945054945054 0.36736111111111114
0 0.6612637362637362 0.85 0.22252747252747251 0.28055555555555556
0 0.5956043956043956 0.7673611111111112 0.24615384615384617 0.3125
0 0.610989010989011 0.7892361111111111 0.45054945054945056 0.5659722222222222
0 0.6263736263736264 0.8069444444444445 0.4351648351648352 0.5611111111111111
0 0.5142857142857142 0.6670138888888889 0.03076923076923077 0.043750000000000004
0 0.573076923076923 0.7440972222222223 0.11648351648351649 0.13541666666666669
0 0.5755494505494505 0.7440972222222223 0.12472527472527473 0.1423611111111111
0 0.44835164835164837 0.58125 0.16813186813186815 0.21944444444444444
0 0.3543956043956044 0.46145833333333336 0.510989010989011 0.6493055555555556
0 0.32005494505494503 0.4152777777777778 0.25769230769230766 0.32222222222222224
0 0.31868131868131866 0.41458333333333336 0.24725274725274726 0.3111111111111111
0 0.25274725274725274 0.3375 0.35384615384615387 0.4513888888888889
