0 0.23691406250000002 0.44548611111111114 0.10898437500000001 0.1826388888888889
0 0.22109375 0.4201388888888889 0.00078125 0.018055555555555557
0 0.20332031250000002 0.39166666666666666 0.0027343750000000003 0.006944444444444445
0 0.3609375 0.665625 0.23515625 0.42430555555555555
0 0.31875000000000003 0.5881944444444445 0.22265625 0.4027777777777778
0 0.2751953125 0.5114583333333333 0.201171875 0.3479166666666667
0 0.30312500000000003 0.5604166666666667 0.43281250000000004 0.7916666666666667
0 0.3291015625 0.6069444444444445 0.366015625 0.6638888888888889
0 0.30898437500000003 0.5760416666666667 0.22890625 0.41875
0 0.39296875000000003 0.7295138888888889 0.05234375 0.1076388888888889
0 0.4013671875 0.7399305555555555 0.065234375 0.12708333333333333
0 0.46171875 0.8472222222222222 0.07734375 0.12083333333333333
0 0.48750000000000004 0.8930555555555556 0.5421875 0.9875
0 0.54453125 0.9944444444444445 0.21640625000000002 0.3861111111111111
