0 0.518956043956044 0.6763888888888889 0.1346153846153846 0.15972222222222224
0 0.39587912087912086 0.5184027777777778 0.2291208791208791 0.28125
0 0.4129120879120879 0.5409722222222222 0.30054945054945054 0.375
0 0.39478021978021977 0.5149305555555556 0.2796703296703297 0.36319444444444443
0 0.5695054945054945 0.7350694444444444 0.1532967032967033 0.18541666666666667
0 0.5719780219780219 0.7378472222222222 0.08241758241758242 0.09375
0 0.45796703296703295 0.5965277777777778 0.12032967032967033 0.14722222222222223
0 0.38461538461538464 0.5010416666666667 0.5318681318681319 0.6715277777777778
0 0.39285714285714285 0.513888888888889 0.310989010989011 0.4013888888888889
0 0.33489010989010987 0.4413194444444445 0.3994505494505495 0.50625
0 0.2403846153846154 0.3194444444444445 0.2412087912087912 0.29444444444444445
0 0.22802197802197802 0.29930555555555555 0.15494505494505495 0.20416666666666666
0 0.21565934065934067 0.2899305555555556 0.07307692307692308 0.08541666666666667
0 0.21208791208791208 0.2815972222222222 0.09340659340659341 0.12430555555555556
0 0.14532967032967034 0.20173611111111112 0.23901098901098902 0.3076388888888889
0 0.5854395604395605 0.7607638888888889 0.6554945054945055 0.8215277777777779
0 0.4370879120879121 0.56875 0.6335164835164835 0.7861111111111111
0 0.42554945054945054 0.5586805555555556 0.6774725274725275 0.8645833333333334
0 0.6945054945054945 0.8954861111111111 0.14615384615384616 0.17708333333333334
0 0.698076923076923 0.8958333333333334 0.1543956043956044 0.18888888888888888
0 0.6642857142857143 0.8548611111111112 0.13406593406593406 0.16527777777777777
0 0.6293956043956044 0.8097222222222222 0.13791208791208792 0.16111111111111112
0 0.6472527472527473 0.8322916666666667 0.16703296703296702 0.20347222222222222
