0 0.1532967032967033 0.22395833333333334 0.0945054945054945 0.09930555555555556
0 0.12692307692307692 0.18645833333333334 0.03406593406593406 0.03125
0 0.20027472527472528 0.2791666666666667 0.19505494505494506 0.23750000000000002
0 0.42857142857142855 0.5614583333333334 0.4736263736263736 0.5909722222222222
0 0.43846153846153846 0.5739583333333333 0.46593406593406594 0.6006944444444444
0 0.40906593406593406 0.5430555555555556 0.595054945054945 0.7416666666666667
0 0.6252747252747253 0.8184027777777778 0.18021978021978022 0.22430555555555556
0 0.6414835164835165 0.8375 0.11923076923076924 0.12916666666666668
0 0.6494505494505495 0.8493055555555555 0.2824175824175824 0.3666666666666667
0 0.7629120879120879 0.9888888888888889 0.3038461538461538 0.37222222222222223
0 0.5425824175824175 0.7107638888888889 0.6818681318681319 0.8812500000000001
0 0.5813186813186814 0.7635416666666667 0.701098901098901 0.8868055555555556
0 0.4651098901098901 0.6125 0.7741758241758242 0.9847222222222223
0 0.27884615384615385 0.375 0.39285714285714285 0.4763888888888889
0 0.26263736263736265 0.3545138888888889 0.15274725274725276 0.19652777777777777
0 0.35384615384615387 0.4746527777777778 0.11208791208791209 0.13541666666666669
0 0.6354395604395604 0.828125 0.1412087912087912 0.16875
0 0.7054945054945055 0.9170138888888889 0.08021978021978023 0.09652777777777778
