0 0.15357142857142858 0.21180555555555555 0.19285714285714287 0.23750000000000002
0 0.14725274725274726 0.20451388888888888 0.24505494505494504 0.31875000000000003
0 0.24093406593406594 0.321875 0.2357142857142857 0.28402777777777777
0 0.4126373626373626 0.5413194444444445 0.23516483516483516 0.31180555555555556
0 0.38846153846153847 0.5069444444444444 0.26483516483516484 0.33611111111111114
0 0.34395604395604396 0.4590277777777778 0.42527472527472526 0.5333333333333333
0 0.5082417582417582 0.6708333333333334 0.45714285714285713 0.5819444444444445
0 0.5596153846153846 0.7322916666666667 0.5554945054945055 0.7215277777777778
0 0.5802197802197803 0.7440972222222223 0.6450549450549451 0.8159722222222222
0 0.575 0.7454861111111112 0.7225274725274725 0.9020833333333333
0 0.5623626373626374 0.7222222222222222 0.6565934065934066 0.8250000000000001
0 0.5175824175824176 0.6659722222222223 0.7604395604395604 0.9597222222222223
0 0.720054945054945 0.9298611111111111 0.4467032967032967 0.55
0 0.746978021978022 0.9565972222222222 0.3554945054945055 0.44930555555555557
0 0.7032967032967032 0.9079861111111112 0.27802197802197803 0.36597222222222225
0 0.6307692307692307 0.8118055555555556 0.14065934065934066 0.16527777777777777
0 0.5947802197802198 0.7690972222222222 0.2379120879120879 0.30347222222222225
0 0.5903846153846154 0.7635416666666667 0.23461538461538461 0.2951388888888889
0 0.5585164835164835 0.7295138888888889 0.08076923076923077 0.0951388888888889
0 0.5076923076923077 0.6621527777777778 0.13186813186813187 0.16736111111111113
0 0.5074175824175824 0.6638888888888889 0.12472527472527473 0.15833333333333333
0 0.43543956043956045 0.5694444444444444 0.0543956043956044 0.0638888888888889
0 0.47115384615384615 0.6069444444444445 0.09945054945054944 0.1277777777777778
0 0.3151098901098901 0.4184027777777778 0.5126373626373626 0.6576388888888889
0 0.37554945054945055 0.4934027777777778 0.23461538461538461 0.2951388888888889
0 0.3596153846153846 0.47708333333333336 0.26978021978021977 0.33472222222222225
0 0.2714285714285714 0.35347222222222224 0.38351648351648354 0.4902777777777778
