0 0.4697265625 0.8472222222222222 0.037109375 0.061111111111111116
0 0.4111328125 0.7402777777777778 0.487109375 0.8736111111111111
0 0.548828125 0.9819444444444445 0.31015625 0.5458333333333334
0 0.5388671875000001 0.9701388888888889 0.304296875 0.5375
0 0.546484375 0.9822916666666667 0.30312500000000003 0.5381944444444444
0 0.534765625 0.9614583333333334 0.30234375 0.5270833333333333
0 0.238671875 0.43472222222222223 0.025 0.05416666666666667
0 0.390234375 0.7048611111111112 0.07500000000000001 0.14444444444444446
0 0.46484375 0.8381944444444445 0.49531250000000004 0.8708333333333333
0 0.12910156250000002 0.2420138888888889 0.034765625 0.04930555555555556
0 0.162890625 0.29791666666666666 0.184375 0.3194444444444445
0 0.2162109375 0.3920138888888889 0.058203125 0.10069444444444445
0 0.21699218750000002 0.3923611111111111 0.064453125 0.11527777777777778
0 0.21328125 0.3875 0.057031250000000006 0.09861111111111112
0 0.2666015625 0.48888888888888893 0.166015625 0.2986111111111111
0 0.2974609375 0.5392361111111111 0.005078125 0.01875
0 0.330078125 0.5996527777777778 0.09531250000000001 0.17291666666666666
0 0.33515625000000004 0.6083333333333334 0.09921875000000001 0.17500000000000002
0 0.5103515625 0.9166666666666667 0.012109375 0.03194444444444445
0 0.4869140625 0.878125 0.06992187500000001 0.11736111111111111
0 0.4859375 0.8743055555555556 0.06171875 0.11666666666666667
0 0.40839843750000004 0.7392361111111111 0.144921875 0.2465277777777778
0 0.3828125 0.6927083333333334 0.13125 0.2326388888888889
0 0.3560546875 0.6413194444444444 0.127734375 0.22013888888888888
0 0.3044921875 0.5517361111111111 0.390234375 0.6881944444444444
0 0.27285156250000003 0.49618055555555557 0.385546875 0.6951388888888889
0 0.27187500000000003 0.49930555555555556 0.45937500000000003 0.8250000000000001
0 0.43125 0.7743055555555556 0.5296875 0.9458333333333334
0 0.47011718750000003 0.8493055555555555 0.491796875 0.8875000000000001
0 0.44375000000000003 0.8006944444444445 0.46718750000000003 0.8277777777777778
