0 0.15488281250000002 0.2947916666666667 0.20273437500000002 0.37986111111111115
0 0.1404296875 0.2711805555555556 0.10898437500000001 0.17847222222222223
0 0.168359375 0.31875000000000003 0.05078125 0.10833333333333334
0 0.251171875 0.46597222222222223 0.0765625 0.15694444444444444
0 0.2509765625 0.46979166666666666 0.033203125 0.04097222222222222
0 0.307421875 0.5677083333333334 0.07421875 0.11875000000000001
0 0.3208984375 0.592013888888889 0.189453125 0.3479166666666667
0 0.382421875 0.6993055555555556 0.246875 0.4222222222222222
0 0.388671875 0.7159722222222222 0.28828125 0.5361111111111111
0 0.3765625 0.6885416666666667 0.15156250000000002 0.2548611111111111
0 0.4345703125 0.7923611111111112 0.182421875 0.3416666666666667
0 0.4439453125 0.8121527777777778 0.001953125 0.015972222222222224
0 0.4478515625 0.81875 0.066796875 0.12083333333333333
0 0.4267578125 0.7805555555555556 0.048828125 0.08750000000000001
0 0.2814453125 0.5197916666666667 0.294921875 0.5076388888888889
0 0.2642578125 0.49062500000000003 0.345703125 0.6284722222222222
0 0.264453125 0.48923611111111115 0.46484375 0.84375
0 0.5392578125 0.9819444444444445 0.437109375 0.788888888888889
0 0.4693359375 0.8545138888888889 0.49726562500000004 0.89375
0 0.4087890625 0.7479166666666667 0.558984375 0.9736111111111111
