0 0.13763736263736265 0.1982638888888889 0.15 0.17430555555555557
0 0.16291208791208792 0.23298611111111112 0.19505494505494506 0.22708333333333333
0 0.1956043956043956 0.2743055555555556 0.012087912087912088 0.002777777777777778
0 0.35824175824175825 0.47708333333333336 0.3879120879120879 0.46944444444444444
0 0.37967032967032965 0.5034722222222222 0.34505494505494505 0.44722222222222224
0 0.3862637362637363 0.515625 0.2967032967032967 0.3770833333333333
0 0.46373626373626375 0.6135416666666667 0.5703296703296703 0.7090277777777778
0 0.5357142857142857 0.6951388888888889 0.7879120879120879 0.9847222222222223
0 0.5469780219780219 0.7190972222222223 0.7807692307692308 0.96875
0 0.6582417582417582 0.8545138888888889 0.2945054945054945 0.38680555555555557
0 0.7087912087912088 0.9184027777777778 0.3505494505494505 0.4618055555555556
0 0.7634615384615384 0.9868055555555556 0.1401098901098901 0.16527777777777777
0 0.5217032967032967 0.6864583333333334 0.022527472527472527 0.025694444444444447
0 0.528021978021978 0.6947916666666667 0.02967032967032967 0.03819444444444445
0 0.49230769230769234 0.6479166666666667 0.18571428571428572 0.24444444444444446
0 0.4574175824175824 0.6006944444444444 0.5269230769230769 0.65
0 0.45714285714285713 0.6003472222222223 0.4868131868131868 0.5979166666666667
0 0.33791208791208793 0.4486111111111111 0.5274725274725275 0.6861111111111111
