0 0.328021978021978 0.4413194444444445 0.4164835164835165 0.5381944444444444
0 0.4565934065934066 0.6003472222222223 0.4868131868131868 0.5979166666666667
0 0.5079670329670329 0.6684027777777778 0.22142857142857142 0.30208333333333337
0 0.5010989010989011 0.6600694444444445 0.001098901098901099 0.013194444444444444
0 0.5129120879120879 0.6736111111111112 0.002747252747252747 0.02361111111111111
0 0.6618131868131868 0.8597222222222223 0.28186813186813187 0.3763888888888889
0 0.6615384615384615 0.8607638888888889 0.3010989010989011 0.40208333333333335
0 0.7653846153846153 0.9868055555555556 0.13516483516483516 0.1625
0 0.15989010989010988 0.23194444444444445 0.1967032967032967 0.22361111111111112
0 0.14065934065934066 0.203125 0.14175824175824175 0.18680555555555556
0 0.18543956043956045 0.2604166666666667 0.012637362637362638 0.005555555555555556
0 0.3208791208791209 0.42812500000000003 0.4065934065934066 0.5048611111111111
0 0.36043956043956044 0.48194444444444445 0.37252747252747254 0.4569444444444445
0 0.3840659340659341 0.5076388888888889 0.32857142857142857 0.4083333333333333
0 0.4774725274725275 0.6322916666666667 0.5626373626373626 0.7284722222222223
0 0.5373626373626373 0.6989583333333333 0.7857142857142857 0.9798611111111112
0 0.5478021978021979 0.7197916666666667 0.7813186813186813 0.9673611111111111
0 0.4502747252747253 0.5923611111111111 0.5324175824175824 0.6638888888888889
