0 0.2923076923076923 0.3909722222222222 0.4186813186813187 0.5180555555555556
0 0.3120879120879121 0.4138888888888889 0.16153846153846155 0.20694444444444446
0 0.19972527472527474 0.27187500000000003 0.2620879120879121 0.3340277777777778
0 0.19203296703296704 0.25972222222222224 0.2752747252747253 0.3611111111111111
0 0.23296703296703297 0.3128472222222222 0.24835164835164836 0.3076388888888889
0 0.2326923076923077 0.30625 0.13681318681318683 0.17777777777777778
0 0.13434065934065934 0.18055555555555555 0.19615384615384615 0.2513888888888889
0 0.24862637362637363 0.3284722222222222 0.16538461538461538 0.21805555555555556
0 0.42142857142857143 0.5465277777777778 0.08901098901098901 0.11388888888888889
0 0.4247252747252747 0.5548611111111111 0.12307692307692308 0.17083333333333334
0 0.5793956043956044 0.7489583333333334 0.0038461538461538464 0.013194444444444444
0 0.5912087912087912 0.7631944444444445 0.0978021978021978 0.13194444444444445
0 0.6299450549450549 0.8114583333333334 0.13681318681318683 0.16458333333333333
0 0.6175824175824176 0.796875 0.1835164835164835 0.22291666666666668
0 0.6846153846153846 0.8791666666666667 0.16923076923076924 0.20555555555555557
0 0.7384615384615385 0.9486111111111112 0.33186813186813185 0.4305555555555556
0 0.43846153846153846 0.5715277777777777 0.6 0.7486111111111111
0 0.4348901098901099 0.5690972222222223 0.7082417582417583 0.9076388888888889
0 0.5818681318681319 0.7586805555555556 0.6725274725274726 0.8451388888888889
0 0.3027472527472527 0.39583333333333337 0.489010989010989 0.6277777777777778
0 0.3038461538461538 0.40069444444444446 0.4835164835164835 0.6236111111111111
0 0.275 0.36562500000000003 0.40274725274725276 0.5034722222222222
