0 0.20961538461538462 0.2881944444444445 0.13791208791208792 0.18194444444444446
0 0.1824175824175824 0.2545138888888889 0.12087912087912088 0.15625
0 0.18104395604395604 0.253125 0.11043956043956044 0.15069444444444444
0 0.3804945054945055 0.5024305555555556 0.30164835164835163 0.38819444444444445
0 0.42554945054945054 0.5555555555555556 0.3873626373626374 0.48888888888888893
0 0.36428571428571427 0.4847222222222222 0.4208791208791209 0.5472222222222223
0 0.4876373626373626 0.6399305555555556 0.7851648351648352 0.9881944444444445
0 0.45989010989010987 0.607638888888889 0.7769230769230769 0.9861111111111112
0 0.475 0.6229166666666667 0.7478021978021978 0.9486111111111112
0 0.7046703296703297 0.915625 0.40824175824175823 0.5020833333333333
0 0.6434065934065935 0.8319444444444445 0.34835164835164834 0.44722222222222224
0 0.7576923076923077 0.9840277777777778 0.27362637362637365 0.3402777777777778
0 0.5846153846153846 0.765625 0.20549450549450549 0.25069444444444444
0 0.5673076923076923 0.7420138888888889 0.24670329670329672 0.31875000000000003
0 0.5260989010989011 0.6909722222222222 0.2752747252747253 0.34444444444444444
0 0.36675824175824173 0.48923611111111115 0.5225274725274726 0.6534722222222222
0 0.35384615384615387 0.4715277777777778 0.510989010989011 0.6430555555555556
0 0.2774725274725275 0.37430555555555556 0.34725274725274724 0.4291666666666667
