0 0.44395604395604393 0.5788194444444444 0.06593406593406594 0.10069444444444445
0 0.5175824175824176 0.6715277777777778 0.12857142857142856 0.16944444444444445
0 0.4065934065934066 0.5284722222222222 0.17692307692307693 0.23750000000000002
0 0.4714285714285714 0.609375 0.2098901098901099 0.27569444444444446
0 0.2980769230769231 0.3923611111111111 0.4653846153846154 0.6013888888888889
0 0.2714285714285714 0.3579861111111111 0.35494505494505496 0.4548611111111111
0 0.2815934065934066 0.37395833333333334 0.30824175824175826 0.3784722222222222
0 0.26153846153846155 0.34375 0.19230769230769232 0.25416666666666665
0 0.19587912087912088 0.26006944444444446 0.26868131868131867 0.33958333333333335
0 0.2541208791208791 0.3388888888888889 0.02032967032967033 0.03888888888888889
0 0.11346153846153846 0.16111111111111112 0.0543956043956044 0.06527777777777778
0 0.4936813186813187 0.6409722222222223 0.046703296703296704 0.059722222222222225
0 0.4118131868131868 0.5371527777777778 0.30824175824175826 0.3993055555555556
0 0.46785714285714286 0.6118055555555556 0.760989010989011 0.976388888888889
0 0.5456043956043956 0.7045138888888889 0.7307692307692307 0.9118055555555555
0 0.3343406593406593 0.4416666666666667 0.41593406593406596 0.5222222222222223
0 0.5546703296703297 0.7177083333333334 0.47637362637362635 0.5895833333333333
0 0.5502747252747253 0.7142361111111112 0.5104395604395604 0.6368055555555556
0 0.6288461538461538 0.8097222222222222 0.13791208791208792 0.16111111111111112
0 0.6304945054945055 0.8166666666666667 0.1576923076923077 0.19722222222222224
0 0.704945054945055 0.904513888888889 0.15054945054945054 0.19652777777777777
0 0.6445054945054945 0.8305555555555556 0.16923076923076924 0.2111111111111111
0 0.740934065934066 0.9548611111111112 0.25659340659340657 0.33472222222222225
