0 0.4664835164835165 0.6041666666666667 0.0989010989010989 0.13611111111111113
0 0.5318681318681319 0.6892361111111112 0.12417582417582418 0.15208333333333335
0 0.5439560439560439 0.7010416666666667 0.11428571428571428 0.14930555555555555
0 0.5664835164835165 0.7322916666666667 0.08901098901098901 0.12708333333333333
0 0.31785714285714284 0.41944444444444445 0.2543956043956044 0.3236111111111111
0 0.2997252747252747 0.3965277777777778 0.09285714285714286 0.10555555555555556
0 0.40494505494505495 0.5260416666666667 0.24175824175824176 0.31736111111111115
0 0.26153846153846155 0.3513888888888889 0.07362637362637363 0.09861111111111112
0 0.2184065934065934 0.29444444444444445 0.2642857142857143 0.32916666666666666
0 0.13983516483516484 0.19166666666666668 0.22582417582417583 0.29444444444444445
0 0.11263736263736264 0.15833333333333333 0.16153846153846155 0.19583333333333333
0 0.29615384615384616 0.3888888888888889 0.35714285714285715 0.44027777777777777
0 0.43763736263736264 0.5697916666666667 0.39065934065934066 0.4881944444444445
0 0.3953296703296703 0.5135416666666667 0.5192307692307693 0.6479166666666667
0 0.7063186813186814 0.9065972222222223 0.15219780219780218 0.20069444444444445
0 0.6282967032967033 0.8097222222222222 0.13791208791208792 0.16527777777777777
0 0.6456043956043956 0.8298611111111112 0.17032967032967034 0.20972222222222223
0 0.609065934065934 0.7857638888888889 0.18736263736263736 0.22847222222222224
0 0.5865384615384616 0.7663194444444444 0.6379120879120879 0.8020833333333334
0 0.47912087912087914 0.6302083333333334 0.4703296703296703 0.5868055555555556
0 0.5398351648351648 0.6982638888888889 0.4642857142857143 0.5951388888888889
0 0.7258241758241758 0.9329861111111112 0.23956043956043957 0.30069444444444443
