0 0.41593406593406596 0.5482638888888889 0.25384615384615383 0.3229166666666667
0 0.446978021978022 0.5875 0.19395604395604396 0.25972222222222224
0 0.24725274725274726 0.34097222222222223 0.017582417582417582 0.03333333333333333
0 0.22417582417582418 0.3107638888888889 0.038461538461538464 0.05902777777777778
0 0.21620879120879122 0.29409722222222223 0.10934065934065934 0.15208333333333335
0 0.4021978021978022 0.5354166666666667 0.21868131868131868 0.27361111111111114
0 0.442032967032967 0.5871527777777777 0.2895604395604396 0.36319444444444443
0 0.33296703296703295 0.44722222222222224 0.42637362637362636 0.5527777777777778
0 0.3752747252747253 0.5003472222222223 0.3978021978021978 0.4840277777777778
0 0.7414835164835165 0.9649305555555556 0.2478021978021978 0.3229166666666667
0 0.4409340659340659 0.5850694444444444 0.7225274725274725 0.9131944444444445
0 0.4491758241758242 0.5916666666666667 0.7565934065934066 0.9708333333333333
0 0.6002747252747253 0.7850694444444445 0.11263736263736264 0.13402777777777777
0 0.6021978021978022 0.7902777777777779 0.14065934065934066 0.1763888888888889
0 0.5903846153846154 0.7729166666666667 0.1434065934065934 0.18333333333333335
