0 0.2107421875 0.40347222222222223 0.122265625 0.2125
0 0.262890625 0.5 0.115625 0.20694444444444446
0 0.19003906250000002 0.359375 0.186328125 0.3506944444444445
0 0.34218750000000003 0.6315972222222223 0.06796875000000001 0.13819444444444445
0 0.33027343750000004 0.6128472222222222 0.107421875 0.20902777777777778
0 0.342578125 0.6295138888888889 0.15078125 0.2520833333333333
0 0.31171875000000004 0.5788194444444444 0.37578125 0.6673611111111112
0 0.31093750000000003 0.5788194444444444 0.36875 0.65625
0 0.31875000000000003 0.5916666666666667 0.2421875 0.44027777777777777
0 0.4765625 0.8725694444444445 0.15078125 0.2451388888888889
0 0.487109375 0.8909722222222223 0.046875 0.0638888888888889
0 0.45703125 0.8371527777777779 0.03359375 0.04930555555555556
0 0.428515625 0.7881944444444444 0.51953125 0.9194444444444445
0 0.516015625 0.945138888888889 0.30234375 0.5236111111111111
