0 0.2099609375 0.3947916666666667 0.098046875 0.19652777777777777
0 0.1814453125 0.3506944444444445 0.003515625 0.016666666666666666
0 0.164453125 0.32222222222222224 0.0546875 0.09027777777777778
0 0.29531250000000003 0.5482638888888889 0.12578125 0.19930555555555557
0 0.32539062500000004 0.6055555555555556 0.10625000000000001 0.18333333333333335
0 0.37832031250000003 0.6916666666666667 0.20820312500000002 0.35833333333333334
0 0.32890625 0.6114583333333333 0.30312500000000003 0.5437500000000001
0 0.31015625 0.5711805555555556 0.26015625000000003 0.4798611111111111
0 0.24375000000000002 0.46111111111111114 0.33906250000000004 0.6138888888888889
0 0.47773437500000004 0.8784722222222222 0.08984375 0.15694444444444444
0 0.4849609375 0.8871527777777778 0.107421875 0.16875
0 0.43964843750000004 0.8100694444444445 0.12070312500000001 0.21180555555555555
