0 0.12197802197802197 0.16979166666666667 0.12857142857142856 0.15486111111111112
0 0.11565934065934066 0.1642361111111111 0.05549450549450549 0.06180555555555556
0 0.21510989010989012 0.28750000000000003 0.2554945054945055 0.33472222222222225
0 0.2934065934065934 0.390625 0.1010989010989011 0.12291666666666667
0 0.26978021978021977 0.35694444444444445 0.1813186813186813 0.23194444444444445
0 0.40934065934065933 0.5309027777777778 0.2021978021978022 0.2534722222222222
0 0.5953296703296703 0.7694444444444445 0.02912087912087912 0.0375
0 0.4585164835164835 0.5961805555555556 0.07197802197802197 0.09236111111111112
0 0.46895604395604396 0.6104166666666667 0.11153846153846154 0.1486111111111111
0 0.3791208791208791 0.4902777777777778 0.49230769230769234 0.6305555555555555
0 0.41236263736263734 0.5385416666666667 0.5038461538461538 0.6409722222222223
0 0.28186813186813187 0.3746527777777778 0.43736263736263736 0.5659722222222222
0 0.30247252747252745 0.3944444444444445 0.41813186813186815 0.525
0 0.4755494505494505 0.6229166666666667 0.7554945054945055 0.9750000000000001
0 0.531043956043956 0.6930555555555555 0.7686813186813187 0.9777777777777779
0 0.4576923076923077 0.5982638888888889 0.5307692307692308 0.6756944444444445
0 0.43131868131868134 0.5666666666666667 0.5714285714285714 0.7166666666666667
0 0.6008241758241758 0.7743055555555556 0.21263736263736263 0.2777777777777778
0 0.6288461538461538 0.8121527777777778 0.13791208791208792 0.16736111111111113
0 0.646978021978022 0.8336805555555555 0.1423076923076923 0.1840277777777778
0 0.6804945054945055 0.8743055555555556 0.16648351648351647 0.20555555555555557
0 0.740934065934066 0.9534722222222223 0.3038461538461538 0.38333333333333336
0 0.2326923076923077 0.3072916666666667 0.1489010989010989 0.18680555555555556
