0 0.1760989010989011 0.240625 0.1543956043956044 0.21041666666666667
0 0.12087912087912088 0.17118055555555556 0.14835164835164835 0.17708333333333334
0 0.1620879120879121 0.22534722222222223 0.041758241758241756 0.06736111111111111
0 0.32005494505494503 0.4239583333333333 0.1346153846153846 0.17847222222222223
0 0.3065934065934066 0.4013888888888889 0.18461538461538463 0.24305555555555555
0 0.3148351648351648 0.4149305555555556 0.43956043956043955 0.5506944444444445
0 0.4997252747252747 0.6479166666666667 0.6796703296703297 0.8708333333333333
0 0.46895604395604396 0.6045138888888889 0.5983516483516483 0.7506944444444444
0 0.46483516483516485 0.6041666666666667 0.6076923076923076 0.7652777777777778
0 0.4480769230769231 0.5840277777777778 0.6939560439560439 0.8791666666666667
0 0.42939560439560437 0.5621527777777778 0.7082417582417583 0.8951388888888889
0 0.4184065934065934 0.5461805555555556 0.6884615384615385 0.8784722222222222
0 0.428021978021978 0.5576388888888889 0.5516483516483517 0.6986111111111112
0 0.646978021978022 0.8364583333333334 0.2741758241758242 0.3298611111111111
0 0.570054945054945 0.7430555555555556 0.2478021978021978 0.30694444444444446
0 0.5986263736263736 0.7774305555555556 0.3631868131868132 0.4451388888888889
0 0.6197802197802198 0.8024305555555555 0.42967032967032964 0.5381944444444444
0 0.6087912087912087 0.7840277777777778 0.34835164835164834 0.44027777777777777
0 0.5692307692307692 0.7361111111111112 0.21208791208791208 0.26666666666666666
0 0.4703296703296703 0.6107638888888889 0.08241758241758242 0.1076388888888889
0 0.4085164835164835 0.5309027777777778 0.011538461538461539 0.02291666666666667
0 0.40494505494505495 0.5274305555555556 0.04285714285714286 0.06041666666666667
0 0.40934065934065933 0.5375 0.03076923076923077 0.05277777777777778
0 0.37445054945054945 0.49236111111111114 0.2642857142857143 0.3472222222222222
0 0.30934065934065935 0.4104166666666667 0.2549450549450549 0.30972222222222223
0 0.37335164835164836 0.48368055555555556 0.3357142857142857 0.41875
0 0.3098901098901099 0.4065972222222222 0.38571428571428573 0.49097222222222225
