0 0.2646484375 0.49583333333333335 0.080078125 0.15
0 0.2068359375 0.39548611111111115 0.052734375 0.10486111111111111
0 0.1951171875 0.375 0.051953125 0.07777777777777778
0 0.36875 0.6756944444444445 0.2234375 0.3861111111111111
0 0.37812500000000004 0.6961805555555556 0.12890625 0.23125
0 0.32890625 0.6069444444444445 0.16562500000000002 0.2986111111111111
0 0.3580078125 0.6628472222222223 0.353515625 0.6090277777777778
0 0.35195312500000003 0.6461805555555555 0.34609375000000003 0.6118055555555556
0 0.33671875 0.623263888888889 0.41875 0.7631944444444445
0 0.504296875 0.9246527777777778 0.07500000000000001 0.13125
0 0.40234375 0.7402777777777778 0.00390625 0.002777777777777778
0 0.41542968750000003 0.7659722222222223 0.032421875 0.06527777777777778
0 0.4390625 0.8065972222222223 0.5 0.8965277777777778
0 0.54609375 0.9930555555555556 0.39140625 0.6958333333333334
0 0.5326171875 0.96875 0.38320312500000003 0.701388888888889
