0 0.2824175824175824 0.384375 0.08021978021978023 0.0951388888888889
0 0.1510989010989011 0.21840277777777778 0.004395604395604396 0.00625
0 0.2785714285714286 0.37743055555555555 0.06153846153846154 0.06875
0 0.3118131868131868 0.4166666666666667 0.19395604395604396 0.2555555555555556
0 0.3392857142857143 0.44548611111111114 0.21263736263736263 0.26180555555555557
0 0.44972527472527474 0.6 0.28626373626373625 0.35555555555555557
0 0.560989010989011 0.7319444444444445 0.6142857142857143 0.7902777777777779
0 0.5615384615384615 0.7378472222222222 0.6263736263736264 0.8020833333333334
0 0.45467032967032966 0.596875 0.7115384615384616 0.8881944444444445
0 0.7521978021978022 0.9760416666666667 0.22087912087912087 0.2881944444444445
0 0.759065934065934 0.9809027777777778 0.25 0.29930555555555555
0 0.7024725274725274 0.9128472222222223 0.10274725274725274 0.14375000000000002
0 0.5464285714285714 0.7135416666666667 0.2631868131868132 0.3104166666666667
0 0.5722527472527472 0.75 0.17747252747252748 0.2111111111111111
0 0.5697802197802198 0.7465277777777778 0.13076923076923078 0.15416666666666667
0 0.39285714285714285 0.5211805555555555 0.3230769230769231 0.42847222222222225
0 0.3505494505494505 0.4684027777777778 0.3945054945054945 0.5076388888888889
0 0.28076923076923077 0.3819444444444445 0.27692307692307694 0.32916666666666666
