0 0.1717032967032967 0.2423611111111111 0.12032967032967033 0.1638888888888889
0 0.1510989010989011 0.215625 0.01868131868131868 0.027083333333333334
0 0.29010989010989013 0.3940972222222222 0.012087912087912088 0.009027777777777779
0 0.32994505494505494 0.4375 0.2763736263736264 0.3611111111111111
0 0.4217032967032967 0.55625 0.37857142857142856 0.48750000000000004
0 0.4576923076923077 0.6041666666666667 0.17912087912087912 0.24583333333333335
0 0.4835164835164835 0.6340277777777779 0.7186813186813187 0.9180555555555556
0 0.4912087912087912 0.6479166666666667 0.7857142857142857 0.9930555555555556
0 0.5502747252747253 0.7184027777777778 0.7093406593406594 0.8895833333333334
0 0.673901098901099 0.8763888888888889 0.40714285714285714 0.5333333333333333
0 0.6329670329670329 0.8246527777777778 0.2846153846153846 0.36875
0 0.6815934065934066 0.8812500000000001 0.40164835164835166 0.513888888888889
0 0.5934065934065934 0.779513888888889 0.16153846153846155 0.19097222222222224
0 0.589010989010989 0.7722222222222223 0.15934065934065933 0.1902777777777778
0 0.4826923076923077 0.6381944444444445 0.09945054945054944 0.11944444444444445
0 0.3837912087912088 0.5111111111111112 0.2675824175824176 0.3611111111111111
0 0.3870879120879121 0.5152777777777778 0.4807692307692308 0.5930555555555556
0 0.3274725274725275 0.44062500000000004 0.44945054945054946 0.5798611111111112
