0 0.2298828125 0.42638888888888893 0.061328125000000004 0.12083333333333333
0 0.2224609375 0.4166666666666667 0.012109375 0.02638888888888889
0 0.3017578125 0.5569444444444445 0.090234375 0.14166666666666666
0 0.17929687500000002 0.34097222222222223 0.1640625 0.3027777777777778
0 0.162109375 0.30694444444444446 0.22031250000000002 0.39166666666666666
0 0.12187500000000001 0.23333333333333334 0.10234375000000001 0.16805555555555557
0 0.3328125 0.6107638888888889 0.19453125000000002 0.36597222222222225
0 0.35234375 0.6475694444444444 0.046875 0.07708333333333334
0 0.3728515625 0.6888888888888889 0.19492187500000002 0.3416666666666667
0 0.33417968750000004 0.6159722222222223 0.241015625 0.44027777777777777
0 0.43359375 0.7909722222222223 0.18281250000000002 0.34305555555555556
0 0.26875 0.496875 0.31875000000000003 0.5506944444444445
0 0.2974609375 0.5461805555555556 0.505859375 0.9006944444444445
0 0.2994140625 0.5506944444444445 0.523046875 0.9152777777777779
0 0.534765625 0.9739583333333334 0.055468750000000004 0.10625
0 0.5291015625000001 0.9597222222222223 0.07695312500000001 0.11944444444444445
0 0.44570312500000003 0.8152777777777778 0.0 0.004166666666666667
0 0.53828125 0.9767361111111111 0.49921875000000004 0.8701388888888889
0 0.5078125 0.9256944444444445 0.45390625 0.8166666666666667
0 0.46875 0.8527777777777779 0.48828125 0.85
0 0.4697265625 0.8538194444444445 0.498828125 0.8979166666666667
0 0.4208984375 0.7680555555555556 0.537109375 0.951388888888889
