0 0.14093406593406593 0.19618055555555555 0.19285714285714287 0.2548611111111111
0 0.13241758241758242 0.1826388888888889 0.14615384615384616 0.18472222222222223
0 0.1760989010989011 0.23923611111111112 0.15219780219780218 0.1951388888888889
0 0.24478021978021977 0.3246527777777778 0.20714285714285716 0.2548611111111111
0 0.28818681318681316 0.3784722222222222 0.2763736263736264 0.3458333333333333
0 0.35137362637362635 0.4586805555555556 0.4467032967032967 0.5520833333333334
0 0.31346153846153846 0.41284722222222225 0.5324175824175824 0.6756944444444445
0 0.5502747252747253 0.7079861111111111 0.16538461538461538 0.20486111111111113
0 0.5071428571428571 0.6583333333333333 0.12197802197802197 0.1513888888888889
0 0.43324175824175826 0.5628472222222223 0.07747252747252747 0.1076388888888889
0 0.4565934065934066 0.592013888888889 0.1956043956043956 0.23680555555555557
0 0.189010989010989 0.2520833333333333 0.1054945054945055 0.1277777777777778
0 0.39478021978021977 0.5149305555555556 0.3840659340659341 0.48541666666666666
0 0.31126373626373627 0.40972222222222227 0.43241758241758244 0.5555555555555556
0 0.25824175824175827 0.3388888888888889 0.189010989010989 0.23194444444444445
0 0.5725274725274725 0.7402777777777778 0.6054945054945055 0.775
0 0.5373626373626373 0.6951388888888889 0.765934065934066 0.9527777777777778
0 0.48928571428571427 0.634375 0.7576923076923077 0.9631944444444445
0 0.5008241758241758 0.6489583333333333 0.782967032967033 0.9868055555555556
0 0.47912087912087914 0.6177083333333333 0.7802197802197802 0.9798611111111112
0 0.5453296703296703 0.7076388888888889 0.6269230769230769 0.8041666666666667
0 0.44560439560439563 0.5753472222222222 0.5439560439560439 0.68125
0 0.425 0.5538194444444444 0.5324175824175824 0.6659722222222223
0 0.40164835164835166 0.521875 0.6307692307692307 0.8076388888888889
0 0.40054945054945057 0.5159722222222223 0.6472527472527473 0.8138888888888889
0 0.4074175824175824 0.5263888888888889 0.6302197802197802 0.7902777777777779
0 0.4129120879120879 0.5364583333333334 0.7148351648351648 0.9048611111111111
0 0.42417582417582417 0.5461805555555556 0.7263736263736263 0.9145833333333334
0 0.4260989010989011 0.5506944444444445 0.7445054945054945 0.9388888888888889
0 0.43626373626373627 0.5604166666666667 0.721978021978022 0.9125000000000001
0 0.45164835164835165 0.5802083333333333 0.7527472527472527 0.9506944444444445
0 0.4351648351648352 0.5586805555555556 0.6802197802197802 0.8562500000000001
0 0.698076923076923 0.9 0.39175824175824175 0.4847222222222222
0 0.643956043956044 0.8236111111111112 0.27802197802197803 0.3472222222222222
0 0.621978021978022 0.7975694444444444 0.34065934065934067 0.4395833333333333
0 0.6274725274725275 0.8052083333333334 0.4021978021978022 0.5159722222222223
0 0.5596153846153846 0.7260416666666667 0.3576923076923077 0.44097222222222227
0 0.560989010989011 0.7243055555555555 0.3098901098901099 0.4027777777777778
0 0.5692307692307692 0.7354166666666667 0.289010989010989 0.37222222222222223
0 0.6195054945054945 0.7961805555555556 0.19835164835164834 0.25069444444444444
0 0.5664835164835165 0.7302083333333333 0.26263736263736265 0.33263888888888893
0 0.6010989010989011 0.7753472222222223 0.3967032967032967 0.5131944444444445
0 0.5931318681318681 0.7642361111111111 0.2510989010989011 0.32569444444444445
