0 0.19835164835164834 0.27361111111111114 0.03296703296703297 0.0625
0 0.22252747252747251 0.30312500000000003 0.03076923076923077 0.05902777777777778
0 0.22857142857142856 0.3128472222222222 0.13516483516483516 0.17430555555555557
0 0.39505494505494504 0.5277777777777778 0.2978021978021978 0.3888888888888889
0 0.3730769230769231 0.4934027777777778 0.24505494505494504 0.3159722222222222
0 0.4431318681318681 0.5798611111111112 0.3203296703296703 0.42083333333333334
0 0.4552197802197802 0.6 0.75 0.9402777777777778
0 0.45714285714285713 0.5979166666666667 0.7516483516483516 0.9652777777777778
0 0.4717032967032967 0.6190972222222223 0.7104395604395605 0.89375
0 0.7142857142857143 0.9281250000000001 0.3 0.38819444444444445
0 0.7326923076923076 0.9454861111111111 0.328021978021978 0.4131944444444445
0 0.7252747252747253 0.9416666666666667 0.34615384615384615 0.42638888888888893
0 0.5557692307692308 0.7239583333333334 0.006043956043956044 0.027083333333333334
0 0.545054945054945 0.7145833333333333 0.002197802197802198 0.022222222222222223
0 0.46016483516483514 0.6065972222222222 0.21153846153846154 0.28402777777777777
0 0.3675824175824176 0.49097222222222225 0.4967032967032967 0.6152777777777778
0 0.31263736263736264 0.4222222222222222 0.5043956043956044 0.6472222222222223
0 0.2934065934065934 0.3961805555555556 0.4835164835164835 0.6215277777777778
