0 0.16428571428571428 0.2326388888888889 0.0879120879120879 0.1277777777777778
0 0.17527472527472526 0.240625 0.08901098901098901 0.12569444444444444
0 0.26703296703296703 0.3670138888888889 0.02967032967032967 0.03402777777777778
0 0.40934065934065933 0.5364583333333334 0.3824175824175824 0.49375
0 0.3978021978021978 0.5329861111111112 0.44175824175824174 0.5534722222222223
0 0.47527472527472525 0.6253472222222223 0.25384615384615383 0.31180555555555556
0 0.5475274725274726 0.7173611111111111 0.582967032967033 0.75
0 0.4153846153846154 0.5489583333333333 0.689010989010989 0.8798611111111111
0 0.4195054945054945 0.5538194444444444 0.6049450549450549 0.76875
0 0.2728021978021978 0.37256944444444445 0.4346153846153846 0.5715277777777777
0 0.38653846153846155 0.5135416666666667 0.4620879120879121 0.5701388888888889
0 0.37774725274725274 0.5048611111111111 0.4664835164835165 0.5777777777777778
0 0.44478021978021975 0.5909722222222222 0.1686813186813187 0.2125
0 0.47335164835164834 0.6302083333333334 0.025824175824175823 0.027083333333333334
0 0.5854395604395605 0.7649305555555556 0.15219780219780218 0.20902777777777778
0 0.6939560439560439 0.9031250000000001 0.11758241758241758 0.13958333333333334
0 0.7571428571428571 0.9868055555555556 0.2692307692307692 0.33472222222222225
0 0.717032967032967 0.9236111111111112 0.14175824175824175 0.18194444444444446
