0 0.7549450549450549 0.9736111111111111 0.3384615384615385 0.43333333333333335
0 0.7475274725274725 0.9715277777777778 0.21153846153846154 0.2763888888888889
0 0.7629120879120879 0.9892361111111111 0.19945054945054946 0.26875
0 0.6002747252747253 0.7857638888888889 0.12032967032967033 0.13958333333333334
0 0.5945054945054945 0.775 0.16703296703296702 0.1875
0 0.5052197802197802 0.6638888888888889 0.13901098901098902 0.16944444444444445
0 0.3717032967032967 0.496875 0.18186813186813186 0.24375000000000002
0 0.36153846153846153 0.4798611111111111 0.3274725274725275 0.4291666666666667
0 0.4126373626373626 0.5475694444444444 0.42747252747252745 0.5243055555555556
0 0.21456043956043955 0.2951388888888889 0.16428571428571428 0.21944444444444444
0 0.20412087912087912 0.28368055555555555 0.10164835164835165 0.11041666666666668
0 0.36346153846153845 0.4840277777777778 0.19725274725274725 0.22916666666666669
0 0.3697802197802198 0.4899305555555556 0.36813186813186816 0.46319444444444446
0 0.42637362637362636 0.5631944444444444 0.36923076923076925 0.46111111111111114
0 0.493956043956044 0.6493055555555556 0.5714285714285714 0.7138888888888889
0 0.49752747252747254 0.6496527777777779 0.6939560439560439 0.8715277777777778
0 0.4956043956043956 0.6465277777777778 0.7274725274725274 0.9111111111111111
0 0.1835164835164835 0.2569444444444445 0.023076923076923078 0.04027777777777778
