0 0.17252747252747253 0.24027777777777778 0.12417582417582418 0.1736111111111111
0 0.1697802197802198 0.23506944444444444 0.10329670329670329 0.14375000000000002
0 0.16703296703296702 0.23506944444444444 0.08351648351648351 0.11458333333333334
0 0.425 0.5559027777777777 0.38846153846153847 0.4881944444444445
0 0.4002747252747253 0.5270833333333333 0.23241758241758242 0.2972222222222222
0 0.3862637362637363 0.5152777777777778 0.14505494505494507 0.17916666666666667
0 0.4755494505494505 0.6246527777777778 0.7642857142857142 0.9659722222222222
0 0.4585164835164835 0.6038194444444445 0.7653846153846153 0.9715277777777778
0 0.4304945054945055 0.5670138888888889 0.5796703296703297 0.7159722222222222
0 0.6524725274725275 0.8434027777777778 0.3159340659340659 0.3979166666666667
0 0.6475274725274726 0.8444444444444444 0.20714285714285716 0.2569444444444445
0 0.7585164835164835 0.9861111111111112 0.20604395604395603 0.25833333333333336
0 0.5244505494505495 0.6895833333333333 0.2675824175824176 0.33472222222222225
0 0.47527472527472525 0.628125 0.2098901098901099 0.2701388888888889
0 0.46153846153846156 0.6111111111111112 0.15934065934065933 0.19166666666666668
0 0.33296703296703295 0.4434027777777778 0.38351648351648354 0.47708333333333336
0 0.28626373626373625 0.3857638888888889 0.4868131868131868 0.5965277777777778
0 0.33214285714285713 0.44270833333333337 0.5016483516483516 0.6451388888888889
