0 0.12115384615384615 0.17152777777777778 0.05879120879120879 0.06944444444444445
0 0.25467032967032965 0.34097222222222223 0.13681318681318683 0.16527777777777777
0 0.2612637362637363 0.35034722222222225 0.11703296703296703 0.15208333333333335
0 0.2989010989010989 0.3982638888888889 0.4076923076923077 0.5284722222222222
0 0.3620879120879121 0.48020833333333335 0.4043956043956044 0.5048611111111111
0 0.3332417582417582 0.4354166666666667 0.1489010989010989 0.2
0 0.46153846153846156 0.6020833333333333 0.4945054945054945 0.6138888888888889
0 0.5068681318681318 0.6673611111111112 0.6587912087912088 0.826388888888889
0 0.5846153846153846 0.7635416666666667 0.6813186813186813 0.8465277777777778
0 0.6332417582417582 0.8166666666666667 0.14560439560439561 0.16944444444444445
0 0.6203296703296703 0.8041666666666667 0.4472527472527473 0.5819444444444445
0 0.7420329670329671 0.9541666666666667 0.3840659340659341 0.4777777777777778
0 0.7376373626373627 0.9503472222222222 0.39395604395604394 0.5034722222222222
0 0.575 0.7451388888888889 0.06428571428571428 0.06666666666666667
0 0.5673076923076923 0.7381944444444445 0.18956043956043955 0.2263888888888889
0 0.496978021978022 0.6475694444444444 0.2302197802197802 0.29375
0 0.47197802197802197 0.615625 0.014285714285714285 0.009027777777777779
0 0.32142857142857145 0.42673611111111115 0.4747252747252747 0.6034722222222223
0 0.31758241758241756 0.42256944444444444 0.45384615384615384 0.5784722222222223
0 0.35384615384615387 0.4684027777777778 0.4593406593406593 0.5923611111111111
