0 0.15796703296703296 0.22916666666666669 0.05 0.05555555555555556
0 0.15467032967032968 0.22118055555555557 0.03021978021978022 0.035416666666666666
0 0.26565934065934066 0.359375 0.11153846153846154 0.12569444444444444
0 0.4717032967032967 0.6204861111111112 0.3456043956043956 0.4479166666666667
0 0.4107142857142857 0.5402777777777777 0.3840659340659341 0.4916666666666667
0 0.3453296703296703 0.4625 0.3851648351648352 0.5055555555555555
0 0.5024725274725275 0.6597222222222222 0.6906593406593406 0.8597222222222223
0 0.46291208791208793 0.6118055555555556 0.6412087912087913 0.8097222222222222
0 0.47417582417582416 0.6236111111111111 0.8010989010989011 0.9944444444444445
0 0.6771978021978022 0.8822916666666667 0.4104395604395604 0.5243055555555556
0 0.6381868131868131 0.8284722222222223 0.21813186813186813 0.26944444444444443
0 0.6684065934065934 0.8697916666666667 0.13791208791208792 0.15486111111111112
0 0.582967032967033 0.763888888888889 0.038461538461538464 0.05694444444444444
0 0.5541208791208792 0.7291666666666667 0.19945054945054946 0.24861111111111112
0 0.5395604395604395 0.7111111111111111 0.27912087912087913 0.34305555555555556
0 0.367032967032967 0.49375 0.4945054945054945 0.6194444444444445
0 0.3793956043956044 0.5041666666666667 0.4774725274725275 0.5930555555555556
0 0.3162087912087912 0.4288194444444445 0.48846153846153845 0.6090277777777778
