0 0.3552734375 0.6520833333333333 0.258984375 0.45972222222222225
0 0.4296875 0.7829861111111112 0.17890625000000002 0.32708333333333334
0 0.3466796875 0.6305555555555555 0.234765625 0.4222222222222222
0 0.35234375 0.6454861111111111 0.27421875 0.5034722222222222
0 0.23300781250000002 0.43333333333333335 0.027734375000000002 0.043055555555555555
0 0.28046875 0.5170138888888889 0.0328125 0.04930555555555556
0 0.232421875 0.43472222222222223 0.05390625 0.11527777777777778
0 0.19355468750000002 0.36319444444444443 0.098046875 0.16111111111111112
0 0.18125000000000002 0.3392361111111111 0.060937500000000006 0.11458333333333334
0 0.14667968750000002 0.2777777777777778 0.091796875 0.1513888888888889
0 0.4439453125 0.8048611111111111 0.219140625 0.4
0 0.233203125 0.43472222222222223 0.41171875 0.7444444444444445
0 0.27480468750000003 0.5048611111111111 0.505859375 0.9027777777777778
0 0.2978515625 0.5482638888888889 0.5300781250000001 0.9284722222222223
0 0.5423828125 0.9836805555555556 0.08554687500000001 0.13819444444444445
0 0.5203125000000001 0.9434027777777778 0.1546875 0.26180555555555557
0 0.484375 0.8798611111111111 0.096875 0.17916666666666667
0 0.4958984375 0.9003472222222223 0.5261718750000001 0.9506944444444445
0 0.519140625 0.9482638888888889 0.51796875 0.93125
0 0.5287109375 0.960763888888889 0.503515625 0.8951388888888889
0 0.5228515625 0.9458333333333334 0.44648437500000004 0.7944444444444445
