0 0.47417582417582416 0.6197916666666667 0.5934065934065934 0.7465277777777778
0 0.43956043956043955 0.5697916666666667 0.634065934065934 0.8090277777777778
0 0.4489010989010989 0.5871527777777777 0.7197802197802198 0.9298611111111111
0 0.45494505494505494 0.5940972222222223 0.7450549450549451 0.9590277777777778
0 0.4434065934065934 0.5760416666666667 0.5208791208791209 0.6729166666666667
0 0.2653846153846154 0.3527777777777778 0.3054945054945055 0.37222222222222223
0 0.26593406593406593 0.3454861111111111 0.17472527472527472 0.22430555555555556
0 0.32967032967032966 0.43368055555555557 0.2813186813186813 0.3701388888888889
0 0.3568681318681319 0.46458333333333335 0.41703296703296705 0.525
0 0.22774725274725274 0.30069444444444443 0.17637362637362639 0.23333333333333334
0 0.23818681318681317 0.31145833333333334 0.1576923076923077 0.19375
0 0.253021978021978 0.3315972222222222 0.2291208791208791 0.2923611111111111
0 0.22472527472527473 0.29930555555555555 0.23516483516483516 0.28194444444444444
0 0.12554945054945055 0.17430555555555557 0.160989010989011 0.2125
0 0.3038461538461538 0.4010416666666667 0.34505494505494505 0.4479166666666667
0 0.30027472527472526 0.40034722222222224 0.4247252747252747 0.5479166666666667
0 0.3700549450549451 0.4829861111111111 0.5269230769230769 0.6687500000000001
0 0.5758241758241758 0.7413194444444444 0.023076923076923078 0.03680555555555556
0 0.5752747252747252 0.74375 0.07032967032967033 0.08055555555555556
0 0.5612637362637363 0.7239583333333334 0.09615384615384616 0.10902777777777778
0 0.5024725274725275 0.6496527777777779 0.08296703296703296 0.11736111111111111
0 0.48324175824175825 0.623263888888889 0.11923076923076924 0.14652777777777778
0 0.5131868131868131 0.6625 0.11868131868131868 0.1486111111111111
0 0.6870879120879121 0.8829861111111111 0.17527472527472526 0.2326388888888889
0 0.7002747252747252 0.9013888888888889 0.14560439560439561 0.19305555555555556
0 0.6755494505494506 0.8663194444444445 0.1543956043956044 0.20625000000000002
0 0.6461538461538462 0.8329861111111111 0.15164835164835164 0.18680555555555556
0 0.6332417582417582 0.8125 0.12582417582417582 0.16944444444444445
