0 0.30976562500000004 0.56875 0.015625 0.0125
0 0.21054687500000002 0.3947916666666667 0.004687500000000001 0.00625
0 0.215625 0.4013888888888889 0.03671875 0.08055555555555556
0 0.32050781250000004 0.5895833333333333 0.17304687500000002 0.2902777777777778
0 0.353125 0.6402777777777778 0.21875 0.39583333333333337
0 0.1494140625 0.28194444444444444 0.040234375 0.07361111111111111
0 0.1314453125 0.25069444444444444 0.078515625 0.125
0 0.12421875 0.234375 0.10859375 0.19791666666666669
0 0.2892578125 0.5305555555555556 0.424609375 0.7444444444444445
0 0.2794921875 0.5107638888888889 0.40664062500000003 0.732638888888889
0 0.2994140625 0.5510416666666667 0.30898437500000003 0.545138888888889
0 0.36250000000000004 0.6652777777777779 0.28515625 0.5125000000000001
0 0.43828125 0.7965277777777778 0.20703125 0.38472222222222224
0 0.44082031250000003 0.8013888888888889 0.20273437500000002 0.3736111111111111
0 0.512109375 0.9305555555555556 0.12109375 0.20416666666666666
0 0.472265625 0.8597222222222223 0.0921875 0.15833333333333333
0 0.471484375 0.8614583333333333 0.07421875 0.14652777777777778
0 0.51171875 0.9371527777777778 0.38359375 0.6715277777777778
0 0.5251953125000001 0.9552083333333333 0.392578125 0.7145833333333333
0 0.509375 0.9208333333333334 0.42578125 0.7625000000000001
0 0.30976562500000004 0.56875 0.015625 0.0125
0 0.21054687500000002 0.3947916666666667 0.004687500000000001 0.00625
0 0.215625 0.4013888888888889 0.03671875 0.08055555555555556
0 0.32050781250000004 0.5895833333333333 0.17304687500000002 0.2902777777777778
0 0.353125 0.6402777777777778 0.21875 0.39583333333333337
0 0.1494140625 0.28194444444444444 0.040234375 0.07361111111111111
0 0.1314453125 0.25069444444444444 0.078515625 0.125
0 0.12421875 0.234375 0.10859375 0.19791666666666669
0 0.2892578125 0.5305555555555556 0.424609375 0.7444444444444445
0 0.2794921875 0.5107638888888889 0.40664062500000003 0.732638888888889
0 0.2994140625 0.5510416666666667 0.30898437500000003 0.545138888888889
0 0.36250000000000004 0.6652777777777779 0.28515625 0.5125000000000001
0 0.43828125 0.7965277777777778 0.20703125 0.38472222222222224
0 0.44082031250000003 0.8013888888888889 0.20273437500000002 0.3736111111111111
0 0.512109375 0.9305555555555556 0.12109375 0.20416666666666666
0 0.472265625 0.8597222222222223 0.0921875 0.15833333333333333
0 0.471484375 0.8614583333333333 0.07421875 0.14652777777777778
0 0.51171875 0.9371527777777778 0.38359375 0.6715277777777778
0 0.5251953125000001 0.9552083333333333 0.392578125 0.7145833333333333
0 0.509375 0.9208333333333334 0.42578125 0.7625000000000001
