0 0.1760989010989011 0.2517361111111111 0.0521978021978022 0.07013888888888889
0 0.2623626373626374 0.35659722222222223 0.010439560439560439 0.0020833333333333333
0 0.31153846153846154 0.4232638888888889 0.05274725274725275 0.05902777777777778
0 0.4052197802197802 0.5486111111111112 0.20604395604395603 0.27361111111111114
0 0.35906593406593407 0.4822916666666667 0.3532967032967033 0.42430555555555555
0 0.3384615384615385 0.4569444444444445 0.4340659340659341 0.5750000000000001
0 0.47774725274725277 0.6319444444444444 0.17857142857142858 0.23055555555555557
0 0.49725274725274726 0.6583333333333333 0.07802197802197802 0.09861111111111112
0 0.46401098901098903 0.6173611111111111 0.028021978021978023 0.04027777777777778
0 0.4054945054945055 0.5388888888888889 0.15604395604395604 0.2013888888888889
0 0.42335164835164835 0.5576388888888889 0.3269230769230769 0.39861111111111114
0 0.33681318681318684 0.4517361111111111 0.3945054945054945 0.5145833333333334
0 0.6725274725274726 0.8788194444444445 0.22087912087912087 0.25625000000000003
0 0.6725274725274726 0.8711805555555556 0.23076923076923078 0.27847222222222223
0 0.7434065934065934 0.9618055555555556 0.31868131868131866 0.41944444444444445
0 0.5681318681318681 0.7423611111111111 0.5956043956043956 0.7708333333333334
0 0.4467032967032967 0.5895833333333333 0.6681318681318681 0.8347222222222223
