0 0.13598901098901098 0.18993055555555557 0.21263736263736263 0.26458333333333334
0 0.15879120879120878 0.22083333333333335 0.25824175824175827 0.33611111111111114
0 0.19285714285714287 0.2625 0.004395604395604396 0.0125
0 0.35384615384615387 0.4642361111111111 0.13406593406593406 0.17430555555555557
0 0.38571428571428573 0.5104166666666667 0.14285714285714285 0.19305555555555556
0 0.40824175824175823 0.5381944444444444 0.2703296703296703 0.3458333333333333
0 0.529945054945055 0.6954861111111111 0.4620879120879121 0.6006944444444444
0 0.42005494505494506 0.5555555555555556 0.6664835164835164 0.8541666666666667
0 0.4225274725274725 0.5538194444444444 0.6450549450549451 0.820138888888889
0 0.6326923076923077 0.8152777777777778 0.1445054945054945 0.16944444444444445
0 0.6505494505494506 0.8375 0.14285714285714285 0.1736111111111111
0 0.6601648351648352 0.85 0.4554945054945055 0.5847222222222223
0 0.6162087912087912 0.7961805555555556 0.38956043956043956 0.5076388888888889
0 0.4675824175824176 0.6111111111111112 0.05384615384615385 0.07777777777777778
0 0.5129120879120879 0.6673611111111112 0.046703296703296704 0.058333333333333334
0 0.596978021978022 0.7722222222222223 0.03571428571428571 0.05
0 0.3313186813186813 0.44375000000000003 0.43956043956043955 0.5625
0 0.30137362637362636 0.39861111111111114 0.2543956043956044 0.32222222222222224
0 0.36236263736263735 0.47534722222222225 0.4576923076923077 0.5868055555555556
0 0.5618131868131868 0.7295138888888889 0.09615384615384616 0.11319444444444444
