0 0.1416015625 0.2711805555555556 0.073046875 0.12569444444444444
0 0.2 0.3753472222222222 0.15859375 0.26458333333333334
0 0.16074218750000002 0.30625 0.038671875 0.05555555555555556
0 0.2697265625 0.4986111111111111 0.061328125000000004 0.125
0 0.278515625 0.5159722222222223 0.07421875 0.10694444444444445
0 0.3013671875 0.5538194444444444 0.09648437500000001 0.15208333333333335
0 0.3201171875 0.5881944444444445 0.11992187500000001 0.19305555555555556
0 0.323046875 0.5923611111111111 0.1234375 0.2013888888888889
0 0.35000000000000003 0.6430555555555556 0.2171875 0.37083333333333335
0 0.36152343750000004 0.6645833333333333 0.18476562500000002 0.3055555555555556
0 0.25820312500000003 0.47881944444444446 0.4375 0.7631944444444445
0 0.300390625 0.5545138888888889 0.5 0.8770833333333333
0 0.30488281250000004 0.5600694444444445 0.5105468750000001 0.89375
0 0.5013671875 0.913888888888889 0.017578125 0.008333333333333333
0 0.47207031250000003 0.8614583333333333 0.046484375 0.08402777777777778
0 0.459765625 0.8368055555555556 0.0390625 0.08750000000000001
0 0.4861328125 0.8833333333333334 0.46210937500000004 0.8
0 0.4060546875 0.7454861111111112 0.12460937500000001 0.2423611111111111
