0 0.15494505494505495 0.21875 0.06373626373626373 0.08472222222222223
0 0.17747252747252748 0.2520833333333333 0.014285714285714285 0.015277777777777779
0 0.14807692307692308 0.21319444444444446 0.022527472527472527 0.03333333333333333
0 0.33214285714285713 0.44548611111111114 0.21703296703296704 0.2576388888888889
0 0.38351648351648354 0.5069444444444444 0.1956043956043956 0.23333333333333334
0 0.4258241758241758 0.5555555555555556 0.38461538461538464 0.4847222222222222
0 0.506043956043956 0.6621527777777778 0.7747252747252747 0.96875
0 0.46703296703296704 0.6125 0.7538461538461538 0.9597222222222223
0 0.4604395604395604 0.6065972222222222 0.7593406593406593 0.9729166666666667
0 0.6532967032967033 0.8475694444444445 0.36043956043956044 0.44930555555555557
0 0.6461538461538462 0.842013888888889 0.17472527472527472 0.20069444444444445
0 0.7615384615384615 0.9868055555555556 0.2813186813186813 0.3416666666666667
0 0.5104395604395604 0.6704861111111111 0.25054945054945055 0.33263888888888893
0 0.4980769230769231 0.6569444444444444 0.25659340659340657 0.32916666666666666
0 0.4604395604395604 0.6065972222222222 0.1901098901098901 0.2576388888888889
0 0.3554945054945055 0.4756944444444445 0.5076923076923077 0.6375000000000001
0 0.375 0.5024305555555556 0.3401098901098901 0.42847222222222225
0 0.2936813186813187 0.39722222222222225 0.3192307692307692 0.40694444444444444
