0 0.15714285714285714 0.22048611111111113 0.05824175824175824 0.07152777777777779
0 0.14862637362637363 0.21319444444444446 0.019230769230769232 0.02361111111111111
0 0.16675824175824175 0.23680555555555557 0.04450549450549451 0.05277777777777778
0 0.3241758241758242 0.43194444444444446 0.34285714285714286 0.44583333333333336
0 0.35137362637362635 0.4690972222222222 0.17527472527472526 0.20486111111111113
0 0.42417582417582417 0.5545138888888889 0.3879120879120879 0.4840277777777778
0 0.45796703296703295 0.5986111111111111 0.7587912087912088 0.9666666666666667
0 0.4513736263736264 0.592013888888889 0.7554945054945055 0.9409722222222222
0 0.43736263736263736 0.5760416666666667 0.7516483516483516 0.9631944444444445
0 0.6321428571428571 0.8197916666666667 0.30604395604395607 0.3923611111111111
0 0.7568681318681318 0.9836805555555556 0.2423076923076923 0.30347222222222225
0 0.7521978021978022 0.9774305555555556 0.3263736263736264 0.40069444444444446
0 0.5461538461538461 0.7173611111111111 0.25164835164835164 0.3125
0 0.5362637362637362 0.7052083333333333 0.26373626373626374 0.33263888888888893
0 0.5211538461538462 0.6850694444444445 0.2741758241758242 0.3423611111111111
0 0.37115384615384617 0.4947916666666667 0.5148351648351648 0.6381944444444445
0 0.32060439560439563 0.4295138888888889 0.3510989010989011 0.4590277777777778
0 0.2876373626373626 0.3888888888888889 0.28186813186813187 0.3402777777777778
