0 0.48324175824175825 0.6288194444444445 0.12692307692307692 0.15486111111111112
0 0.45879120879120877 0.5965277777777778 0.1054945054945055 0.13194444444444445
0 0.40192307692307694 0.5263888888888889 0.17857142857142858 0.2138888888888889
0 0.4096153846153846 0.5381944444444444 0.22252747252747251 0.2847222222222222
0 0.5019230769230769 0.65 0.2543956043956044 0.30694444444444446
0 0.31785714285714284 0.4149305555555556 0.4346153846153846 0.5395833333333333
0 0.5612637362637363 0.7270833333333334 0.09615384615384616 0.10972222222222222
0 0.592032967032967 0.7635416666666667 0.11703296703296703 0.13819444444444445
0 0.4315934065934066 0.560763888888889 0.39505494505494504 0.5020833333333333
0 0.35412087912087914 0.4635416666666667 0.528021978021978 0.670138888888889
0 0.3508241758241758 0.46493055555555557 0.40934065934065933 0.5243055555555556
0 0.23736263736263735 0.31909722222222225 0.24835164835164836 0.29930555555555555
0 0.2153846153846154 0.2885416666666667 0.26483516483516484 0.3284722222222222
0 0.21703296703296704 0.28645833333333337 0.2714285714285714 0.33958333333333335
0 0.22994505494505493 0.30173611111111115 0.15 0.1951388888888889
0 0.11730769230769231 0.1684027777777778 0.1510989010989011 0.20069444444444445
0 0.7236263736263736 0.929513888888889 0.25384615384615383 0.31180555555555556
0 0.6939560439560439 0.8923611111111112 0.15824175824175823 0.19444444444444445
0 0.5747252747252747 0.7430555555555556 0.6956043956043956 0.8625
0 0.5233516483516484 0.6871527777777778 0.7708791208791209 0.9770833333333334
0 0.535989010989011 0.6996527777777778 0.7752747252747253 0.9701388888888889
