0 0.14615384615384616 0.20520833333333335 0.03076923076923077 0.04791666666666667
0 0.20824175824175825 0.28055555555555556 0.23076923076923078 0.2972222222222222
0 0.23598901098901098 0.3145833333333333 0.2423076923076923 0.32083333333333336
0 0.24010989010989012 0.3184027777777778 0.23956043956043957 0.3090277777777778
0 0.23131868131868133 0.30625 0.13956043956043956 0.17916666666666667
0 0.32335164835164837 0.4295138888888889 0.428021978021978 0.55625
0 0.4087912087912088 0.5350694444444445 0.20549450549450549 0.2659722222222222
0 0.23956043956043957 0.3184027777777778 0.21978021978021978 0.27569444444444446
0 0.47912087912087914 0.6267361111111112 0.532967032967033 0.69375
0 0.5653846153846154 0.7340277777777778 0.5989010989010989 0.7361111111111112
0 0.4186813186813187 0.5447916666666667 0.6021978021978022 0.7548611111111111
0 0.47912087912087914 0.6190972222222223 0.47692307692307695 0.6020833333333333
0 0.317032967032967 0.4197916666666667 0.5087912087912088 0.6326388888888889
0 0.33983516483516485 0.4434027777777778 0.5247252747252747 0.6645833333333333
0 0.36016483516483516 0.4746527777777778 0.5302197802197802 0.6659722222222223
0 0.5958791208791209 0.7729166666666667 0.046703296703296704 0.05555555555555556
0 0.5958791208791209 0.7694444444444445 0.02032967032967033 0.015277777777777779
0 0.5923076923076923 0.7666666666666667 0.014285714285714285 0.005555555555555556
0 0.4607142857142857 0.6048611111111112 0.02032967032967033 0.036111111111111115
0 0.6848901098901099 0.8822916666666667 0.17087912087912088 0.20625000000000002
0 0.5947802197802198 0.7677083333333333 0.2796703296703297 0.33958333333333335
0 0.7282967032967033 0.9392361111111112 0.22472527472527473 0.2743055555555556
0 0.2903846153846154 0.3791666666666667 0.40824175824175823 0.5083333333333333
0 0.6285714285714286 0.8076388888888889 0.13736263736263737 0.1625
0 0.6497252747252747 0.8364583333333334 0.15 0.19652777777777777
0 0.446978021978022 0.5822916666666667 0.539010989010989 0.6951388888888889
