0 0.276171875 0.5079861111111111 0.1125 0.19652777777777777
0 0.26894531250000003 0.4947916666666667 0.12070312500000001 0.20069444444444445
0 0.21953125 0.40902777777777777 0.00859375 0.020833333333333336
0 0.1576171875 0.3003472222222222 0.158984375 0.2923611111111111
0 0.1693359375 0.3194444444444445 0.185546875 0.32916666666666666
0 0.15781250000000002 0.3 0.203125 0.35833333333333334
0 0.155078125 0.2923611111111111 0.026562500000000003 0.03888888888888889
0 0.381640625 0.7006944444444445 0.24453125 0.41944444444444445
0 0.34453125 0.6315972222222223 0.1765625 0.3159722222222222
0 0.358203125 0.6607638888888889 0.290625 0.51875
0 0.41933593750000003 0.7677083333333333 0.148828125 0.28541666666666665
0 0.39375000000000004 0.7208333333333333 0.109375 0.18472222222222223
0 0.525390625 0.953125 0.09375 0.14930555555555555
0 0.503515625 0.9180555555555556 0.015625 0.02777777777777778
0 0.45722656250000004 0.8322916666666667 0.044921875 0.0951388888888889
0 0.2609375 0.48333333333333334 0.46171875 0.8375
0 0.295703125 0.5427083333333333 0.40468750000000003 0.7076388888888889
0 0.3015625 0.5524305555555555 0.51953125 0.9104166666666667
0 0.462890625 0.8475694444444445 0.48984375 0.8618055555555556
0 0.46699218750000004 0.8520833333333334 0.49726562500000004 0.8708333333333333
0 0.471484375 0.8586805555555556 0.47109375000000003 0.81875
