0 0.2291208791208791 0.3128472222222222 0.05054945054945055 0.08125
0 0.1651098901098901 0.23229166666666667 0.043406593406593405 0.05486111111111111
0 0.16675824175824175 0.23298611111111112 0.08956043956043956 0.13125
0 0.40192307692307694 0.5256944444444445 0.39175824175824175 0.48750000000000004
0 0.47692307692307695 0.6236111111111111 0.24505494505494504 0.3138888888888889
0 0.4230769230769231 0.5604166666666667 0.13296703296703297 0.18194444444444446
0 0.5538461538461539 0.7208333333333333 0.6 0.763888888888889
0 0.48406593406593407 0.6315972222222223 0.6835164835164835 0.8798611111111111
0 0.45796703296703295 0.6020833333333333 0.7401098901098901 0.925
0 0.7123626373626374 0.9243055555555556 0.11593406593406594 0.15555555555555556
0 0.7423076923076923 0.9579861111111111 0.14505494505494507 0.17430555555555557
0 0.7642857142857142 0.9895833333333334 0.23516483516483516 0.30694444444444446
0 0.5752747252747252 0.7520833333333333 0.11978021978021978 0.15
0 0.5752747252747252 0.7479166666666667 0.031868131868131866 0.058333333333333334
0 0.5447802197802197 0.7107638888888889 0.0005494505494505495 0.01875
0 0.3914835164835165 0.5166666666666667 0.42142857142857143 0.5236111111111111
0 0.2714285714285714 0.3666666666666667 0.4230769230769231 0.5402777777777777
0 0.26483516483516484 0.36006944444444444 0.4153846153846154 0.5381944444444444
