0 0.2804945054945055 0.37986111111111115 0.09505494505494505 0.10694444444444445
0 0.1574175824175824 0.2263888888888889 0.03901098901098901 0.05277777777777778
0 0.21510989010989012 0.296875 0.09505494505494505 0.10208333333333333
0 0.30521978021978025 0.4048611111111111 0.2291208791208791 0.2777777777777778
0 0.32335164835164837 0.42673611111111115 0.3521978021978022 0.43680555555555556
0 0.45 0.596875 0.2846153846153846 0.36319444444444443
0 0.5351648351648352 0.7017361111111111 0.5461538461538461 0.7118055555555556
0 0.5629120879120879 0.7409722222222223 0.6554945054945055 0.8388888888888889
0 0.5148351648351648 0.6722222222222223 0.7032967032967032 0.9
0 0.7480769230769231 0.9666666666666667 0.317032967032967 0.3861111111111111
0 0.7450549450549451 0.9656250000000001 0.3362637362637363 0.4048611111111111
0 0.6120879120879121 0.796875 0.2868131868131868 0.35208333333333336
0 0.42142857142857143 0.5593750000000001 0.12417582417582418 0.15208333333333335
0 0.5708791208791208 0.7506944444444444 0.17362637362637362 0.20555555555555557
0 0.5695054945054945 0.7458333333333333 0.09725274725274725 0.1277777777777778
0 0.3239010989010989 0.43472222222222223 0.3873626373626374 0.5041666666666667
0 0.3076923076923077 0.41423611111111114 0.25054945054945055 0.30486111111111114
0 0.3222527472527473 0.4378472222222222 0.2434065934065934 0.3090277777777778
