0 0.5164835164835165 0.6694444444444445 0.210989010989011 0.2652777777777778
0 0.5486263736263737 0.7097222222222223 0.07417582417582418 0.10138888888888889
0 0.4623626373626374 0.596875 0.19175824175824177 0.24791666666666667
0 0.704945054945055 0.90625 0.17472527472527472 0.2152777777777778
0 0.7093406593406594 0.9090277777777778 0.15494505494505495 0.1875
0 0.6447802197802198 0.8246527777777778 0.2763736263736264 0.3493055555555556
0 0.6175824175824176 0.7947916666666667 0.20549450549450549 0.25625000000000003
0 0.5692307692307692 0.7333333333333334 0.23736263736263735 0.2972222222222222
0 0.5807692307692308 0.7513888888888889 0.2725274725274725 0.3458333333333333
0 0.6002747252747253 0.773263888888889 0.31043956043956045 0.3826388888888889
0 0.6123626373626374 0.7868055555555555 0.3412087912087912 0.44027777777777777
0 0.5645604395604396 0.7312500000000001 0.33791208791208793 0.4277777777777778
0 0.5631868131868132 0.7225694444444445 0.3120879120879121 0.38958333333333334
0 0.5923076923076923 0.7652777777777778 0.4087912087912088 0.5208333333333334
0 0.6986263736263736 0.8986111111111111 0.39285714285714285 0.48055555555555557
0 0.6791208791208792 0.8784722222222222 0.43626373626373627 0.5472222222222223
0 0.4184065934065934 0.5444444444444445 0.10274725274725274 0.13333333333333333
0 0.47692307692307695 0.6190972222222223 0.789010989010989 0.99375
0 0.493956043956044 0.6381944444444445 0.7857142857142857 0.9861111111111112
0 0.5472527472527473 0.7065972222222222 0.7362637362637363 0.93125
0 0.5546703296703297 0.7163194444444445 0.5532967032967033 0.7076388888888889
0 0.44560439560439563 0.5767361111111111 0.5428571428571428 0.6840277777777778
0 0.4118131868131868 0.5385416666666667 0.5576923076923077 0.7034722222222223
0 0.4010989010989011 0.5184027777777778 0.6483516483516484 0.8131944444444444
0 0.47197802197802197 0.6083333333333334 0.778021978021978 0.9888888888888889
0 0.4541208791208791 0.5871527777777777 0.7741758241758242 0.9868055555555556
0 0.41703296703296705 0.5385416666666667 0.7120879120879121 0.9076388888888889
0 0.43021978021978025 0.5555555555555556 0.7472527472527473 0.9458333333333334
0 0.43543956043956045 0.5597222222222222 0.7291208791208791 0.9180555555555556
0 0.4835164835164835 0.6256944444444444 0.5758241758241758 0.7333333333333334
0 0.34505494505494505 0.45243055555555556 0.4351648351648352 0.545138888888889
0 0.31153846153846154 0.409375 0.4351648351648352 0.5590277777777778
0 0.2563186813186813 0.3368055555555556 0.19065934065934065 0.23611111111111113
0 0.18406593406593408 0.25243055555555555 0.08021978021978023 0.12013888888888889
0 0.21236263736263736 0.28541666666666665 0.06428571428571428 0.08194444444444444
0 0.11538461538461539 0.1638888888888889 0.14175824175824175 0.18472222222222223
0 0.11126373626373626 0.15486111111111112 0.023626373626373626 0.04166666666666667
0 0.41098901098901097 0.5375 0.4868131868131868 0.6
0 0.296978021978022 0.3940972222222222 0.43131868131868134 0.5437500000000001
0 0.289010989010989 0.378125 0.2868131868131868 0.35208333333333336
0 0.4052197802197802 0.5239583333333333 0.6346153846153846 0.8034722222222223
