0 0.23984375000000002 0.4482638888888889 0.10390625 0.20625000000000002
0 0.2220703125 0.42465277777777777 0.160546875 0.28541666666666665
0 0.20390625 0.3944444444444445 0.19765625 0.3472222222222222
0 0.36464843750000003 0.670138888888889 0.238671875 0.40555555555555556
0 0.28945312500000003 0.5357638888888889 0.22265625 0.40069444444444446
0 0.28066406250000003 0.521875 0.217578125 0.3993055555555556
0 0.326171875 0.6041666666666667 0.35703125 0.6416666666666667
0 0.29726562500000003 0.5538194444444444 0.41484375 0.757638888888889
0 0.252734375 0.47500000000000003 0.36484375 0.6583333333333333
0 0.46914062500000003 0.8604166666666667 0.12734375 0.2138888888888889
0 0.49335937500000004 0.9065972222222223 0.07265625 0.11875000000000001
0 0.3955078125 0.7263888888888889 0.046484375 0.10555555555555556
0 0.5462890625 0.9958333333333333 0.21601562500000002 0.3819444444444445
