0 0.22032967032967032 0.30173611111111115 0.05824175824175824 0.05902777777777778
0 0.22252747252747251 0.3079861111111111 0.11318681318681319 0.15208333333333335
0 0.2260989010989011 0.30972222222222223 0.12692307692307692 0.15833333333333333
0 0.3362637362637363 0.4430555555555556 0.31648351648351647 0.41111111111111115
0 0.36456043956043954 0.48055555555555557 0.2785714285714286 0.36388888888888893
0 0.42664835164835163 0.5635416666666667 0.3983516483516483 0.48680555555555555
0 0.4541208791208791 0.5944444444444444 0.6543956043956044 0.8458333333333333
0 0.4142857142857143 0.546875 0.6681318681318681 0.8659722222222223
0 0.41510989010989013 0.5482638888888889 0.7027472527472527 0.8965277777777778
0 0.6271978021978022 0.8170138888888889 0.28076923076923077 0.3423611111111111
0 0.6939560439560439 0.9027777777777778 0.4076923076923077 0.5097222222222222
0 0.6975274725274725 0.9038194444444445 0.10604395604395604 0.13958333333333334
0 0.5409340659340659 0.7090277777777778 0.2763736263736264 0.3236111111111111
0 0.5576923076923077 0.7291666666666667 0.22747252747252747 0.2652777777777778
0 0.5521978021978022 0.7204861111111112 0.01978021978021978 0.043750000000000004
0 0.39093406593406593 0.5159722222222223 0.29725274725274725 0.3944444444444445
0 0.39285714285714285 0.5236111111111111 0.31978021978021975 0.4222222222222222
0 0.32472527472527474 0.4361111111111111 0.3791208791208791 0.47361111111111115
