0 0.339453125 0.6218750000000001 0.240625 0.44930555555555557
0 0.34902343750000003 0.634375 0.223046875 0.3979166666666667
0 0.2361328125 0.43854166666666666 0.055078125000000006 0.11597222222222223
0 0.2818359375 0.5222222222222223 0.078515625 0.1375
0 0.23105468750000002 0.43194444444444446 0.030078125 0.05555555555555556
0 0.15683593750000002 0.29375 0.025390625 0.05694444444444444
0 0.1265625 0.24166666666666667 0.1546875 0.27083333333333337
0 0.1333984375 0.25625000000000003 0.180078125 0.3277777777777778
0 0.1435546875 0.2729166666666667 0.197265625 0.3625
0 0.39277343750000004 0.7184027777777778 0.31679687500000003 0.5659722222222222
0 0.35273437500000004 0.6440972222222222 0.25703125 0.4729166666666667
0 0.38886718750000004 0.7086805555555555 0.133203125 0.21875
0 0.5166015625 0.9385416666666667 0.082421875 0.1423611111111111
0 0.455078125 0.8309027777777778 0.04609375 0.07847222222222222
0 0.46523437500000003 0.8486111111111111 0.045312500000000006 0.07916666666666666
0 0.3482421875 0.6364583333333333 0.389453125 0.7104166666666667
0 0.28652343750000003 0.5256944444444445 0.41054687500000003 0.7236111111111111
0 0.2494140625 0.4604166666666667 0.43398437500000003 0.7680555555555556
0 0.4970703125 0.9006944444444445 0.405859375 0.7041666666666667
0 0.474609375 0.8621527777777778 0.44609375 0.7840277777777778
0 0.466796875 0.8486111111111111 0.46328125000000003 0.8125
0 0.5109375 0.9267361111111111 0.38125000000000003 0.6590277777777778
0 0.5320312500000001 0.9673611111111111 0.5632812500000001 0.9819444444444445
