0 0.17197802197802198 0.240625 0.12637362637362637 0.17430555555555557
0 0.16840659340659342 0.23472222222222222 0.10494505494505495 0.14444444444444446
0 0.16126373626373627 0.22847222222222224 0.06428571428571428 0.09166666666666667
0 0.425 0.5559027777777777 0.3873626373626374 0.48958333333333337
0 0.3994505494505495 0.5277777777777778 0.24065934065934066 0.30833333333333335
0 0.40934065934065933 0.5454861111111111 0.14175824175824175 0.18541666666666667
0 0.4755494505494505 0.6243055555555556 0.7642857142857142 0.9680555555555556
0 0.4491758241758242 0.5923611111111111 0.7653846153846153 0.9750000000000001
0 0.4208791208791209 0.5565972222222223 0.6043956043956044 0.7506944444444444
0 0.6513736263736264 0.8423611111111111 0.30604395604395607 0.39305555555555555
0 0.6505494505494506 0.8465277777777778 0.15054945054945054 0.20555555555555557
0 0.6543956043956044 0.8517361111111111 0.14285714285714285 0.16736111111111113
0 0.5214285714285715 0.6875 0.03296703296703297 0.03888888888888889
0 0.4612637362637363 0.607638888888889 0.046703296703296704 0.03888888888888889
0 0.47527472527472525 0.6291666666666667 0.210989010989011 0.27083333333333337
0 0.2728021978021978 0.36909722222222224 0.3269230769230769 0.3979166666666667
0 0.32884615384615384 0.43993055555555555 0.39395604395604394 0.4979166666666667
0 0.31895604395604393 0.4274305555555556 0.4521978021978022 0.58125
