0 0.2783203125 0.5131944444444445 0.038671875 0.059722222222222225
0 0.2380859375 0.44270833333333337 0.016796875 0.03819444444444445
0 0.2341796875 0.4413194444444445 0.056640625 0.09791666666666667
0 0.18027343750000002 0.33611111111111114 0.055078125000000006 0.10416666666666667
0 0.1517578125 0.2847222222222222 0.086328125 0.15694444444444444
0 0.1458984375 0.27881944444444445 0.079296875 0.13541666666666669
0 0.347265625 0.6322916666666667 0.2328125 0.4201388888888889
0 0.3486328125 0.6392361111111111 0.270703125 0.4951388888888889
0 0.27382812500000003 0.5013888888888889 0.48046875 0.8597222222222223
0 0.2416015625 0.4479166666666667 0.432421875 0.7819444444444444
0 0.3095703125 0.5666666666666667 0.42617187500000003 0.7736111111111111
0 0.35585937500000003 0.6527777777777778 0.2671875 0.47500000000000003
0 0.42402343750000004 0.7715277777777778 0.19648437500000002 0.3375
0 0.44375000000000003 0.8059027777777779 0.225 0.40902777777777777
0 0.5357421875 0.971875 0.10898437500000001 0.1840277777777778
0 0.48378906250000003 0.8777777777777778 0.10117187500000001 0.19166666666666668
0 0.48203125 0.8774305555555556 0.184375 0.33125
0 0.505078125 0.921875 0.5242187500000001 0.9229166666666667
0 0.51171875 0.9319444444444445 0.5554687500000001 0.9986111111111111
0 0.5220703125 0.9434027777777778 0.44960937500000003 0.8048611111111111
