0 0.2677734375 0.49583333333333335 0.026953125 0.05277777777777778
0 0.2642578125 0.48958333333333337 0.12617187500000002 0.21944444444444444
0 0.226953125 0.4232638888888889 0.010937500000000001 0.021527777777777778
0 0.1728515625 0.32534722222222223 0.16132812500000002 0.2743055555555556
0 0.180078125 0.33437500000000003 0.051562500000000004 0.10347222222222223
0 0.1173828125 0.22430555555555556 0.121484375 0.2125
0 0.11894531250000001 0.22916666666666669 0.105859375 0.19583333333333333
0 0.345703125 0.6309027777777778 0.23984375000000002 0.4326388888888889
0 0.36953125000000003 0.6784722222222223 0.2734375 0.47361111111111115
0 0.3580078125 0.6569444444444444 0.280078125 0.5
0 0.41796875 0.7583333333333334 0.2078125 0.35833333333333334
0 0.4431640625 0.8041666666666667 0.220703125 0.4027777777777778
0 0.2744140625 0.5017361111111112 0.435546875 0.7673611111111112
0 0.2705078125 0.5024305555555556 0.48164062500000004 0.8715277777777778
0 0.29296875 0.5388888888888889 0.52578125 0.9291666666666667
0 0.512109375 0.93125 0.003125 0.004166666666666667
0 0.52265625 0.9489583333333333 0.12812500000000002 0.21597222222222223
0 0.482421875 0.8763888888888889 0.09765625 0.1875
0 0.4986328125 0.9121527777777778 0.467578125 0.8354166666666667
0 0.5068359375 0.9180555555555556 0.423828125 0.7430555555555556
