0 0.25686813186813184 0.3434027777777778 0.03791208791208791 0.04930555555555556
0 0.2052197802197802 0.2743055555555556 0.09065934065934066 0.125
0 0.1804945054945055 0.25 0.17307692307692307 0.22361111111111112
0 0.18076923076923077 0.2482638888888889 0.24395604395604395 0.3229166666666667
0 0.1673076923076923 0.22291666666666668 0.011538461538461539 0.02361111111111111
0 0.41318681318681316 0.5413194444444445 0.2857142857142857 0.36736111111111114
0 0.23626373626373626 0.3201388888888889 0.3098901098901099 0.3875
0 0.2478021978021978 0.32743055555555556 0.2076923076923077 0.2659722222222222
0 0.428021978021978 0.5538194444444444 0.554945054945055 0.7076388888888889
0 0.43956043956043955 0.5722222222222223 0.5296703296703297 0.6597222222222222
0 0.46785714285714286 0.6072916666666667 0.5675824175824176 0.7006944444444445
0 0.4197802197802198 0.5440972222222222 0.7230769230769231 0.9034722222222222
0 0.41703296703296705 0.5454861111111111 0.7043956043956044 0.8965277777777778
0 0.4115384615384615 0.5347222222222222 0.6604395604395604 0.8361111111111111
0 0.41785714285714287 0.5399305555555556 0.65 0.8159722222222222
0 0.4604395604395604 0.5975694444444445 0.6967032967032967 0.8770833333333333
0 0.5318681318681319 0.6833333333333333 0.7593406593406593 0.9527777777777778
0 0.5478021978021979 0.7090277777777778 0.5593406593406594 0.7055555555555556
0 0.6813186813186813 0.8822916666666667 0.35934065934065934 0.4604166666666667
0 0.6337912087912088 0.8128472222222223 0.41703296703296705 0.5215277777777778
0 0.6898351648351648 0.8892361111111111 0.12472527472527473 0.16597222222222222
0 0.6741758241758242 0.8666666666666667 0.11868131868131868 0.13611111111111113
0 0.6074175824175824 0.7815972222222223 0.16428571428571428 0.20486111111111113
0 0.5848901098901099 0.7524305555555556 0.25769230769230766 0.3368055555555556
0 0.5651098901098901 0.7319444444444445 0.28516483516483515 0.37083333333333335
0 0.5656593406593406 0.7368055555555556 0.2741758241758242 0.34305555555555556
0 0.5002747252747253 0.6454861111111111 0.02912087912087912 0.024305555555555556
0 0.44478021978021975 0.5809027777777778 0.06868131868131869 0.0951388888888889
0 0.4381868131868132 0.5711805555555556 0.0478021978021978 0.05902777777777778
0 0.40274725274725276 0.5201388888888889 0.054945054945054944 0.07361111111111111
0 0.4043956043956044 0.5315972222222223 0.07582417582417582 0.09652777777777778
0 0.24862637362637363 0.3371527777777778 0.3291208791208791 0.4173611111111111
0 0.2782967032967033 0.3666666666666667 0.29395604395604397 0.37222222222222223
0 0.37884615384615383 0.4930555555555556 0.29505494505494506 0.36944444444444446
0 0.4167582417582418 0.545138888888889 0.38956043956043956 0.5013888888888889
