0 0.3607142857142857 0.47881944444444446 0.3269230769230769 0.42847222222222225
0 0.371978021978022 0.4986111111111111 0.1835164835164835 0.24305555555555555
0 0.4126373626373626 0.5486111111111112 0.42857142857142855 0.5222222222222223
0 0.5057692307692307 0.6642361111111111 0.1401098901098901 0.16875
0 0.6021978021978022 0.7861111111111111 0.11648351648351649 0.13472222222222222
0 0.5947802197802198 0.7753472222222223 0.16538461538461538 0.18680555555555556
0 0.364010989010989 0.4847222222222222 0.19835164835164834 0.22916666666666669
0 0.3675824175824176 0.4885416666666667 0.36153846153846153 0.45763888888888893
0 0.42637362637362636 0.5645833333333333 0.37142857142857144 0.46111111111111114
0 0.20549450549450549 0.28506944444444443 0.1 0.10486111111111111
0 0.1837912087912088 0.25833333333333336 0.02142857142857143 0.04027777777777778
0 0.21346153846153845 0.2920138888888889 0.16428571428571428 0.22013888888888888
0 0.489010989010989 0.6482638888888889 0.5736263736263736 0.7201388888888889
0 0.49752747252747254 0.6465277777777778 0.7269230769230769 0.913888888888889
0 0.49752747252747254 0.6496527777777779 0.695054945054945 0.8715277777777778
0 0.7428571428571429 0.9652777777777778 0.21208791208791208 0.26666666666666666
0 0.7626373626373626 0.9850694444444444 0.1978021978021978 0.26458333333333334
0 0.7546703296703297 0.971875 0.3401098901098901 0.42847222222222225
