0 0.2541208791208791 0.3458333333333333 0.12692307692307692 0.14444444444444446
0 0.29203296703296705 0.3902777777777778 0.033516483516483515 0.029166666666666667
0 0.17197802197802198 0.240625 0.08461538461538462 0.10347222222222223
0 0.36565934065934064 0.48750000000000004 0.2412087912087912 0.3125
0 0.4206043956043956 0.5513888888888889 0.40054945054945057 0.5097222222222222
0 0.4348901098901099 0.5729166666666667 0.39725274725274723 0.48333333333333334
0 0.4870879120879121 0.6395833333333334 0.7598901098901099 0.9652777777777778
0 0.46785714285714286 0.6128472222222222 0.7126373626373627 0.8895833333333334
0 0.40906593406593406 0.5423611111111112 0.6785714285714286 0.8597222222222223
0 0.7535714285714286 0.9777777777777779 0.26978021978021977 0.3388888888888889
0 0.6472527472527473 0.8375 0.15164835164835164 0.1763888888888889
0 0.615934065934066 0.803125 0.25274725274725274 0.31319444444444444
0 0.5510989010989011 0.7236111111111111 0.13186813186813187 0.1638888888888889
0 0.5335164835164835 0.7024305555555556 0.27802197802197803 0.3368055555555556
0 0.49532967032967035 0.6559027777777778 0.28186813186813187 0.36180555555555555
0 0.37362637362637363 0.4965277777777778 0.489010989010989 0.6027777777777777
0 0.3903846153846154 0.5222222222222223 0.39065934065934066 0.5083333333333333
0 0.3239010989010989 0.4375 0.2412087912087912 0.3055555555555556
