0 0.2796703296703297 0.3732638888888889 0.3065934065934066 0.37430555555555556
0 0.32472527472527474 0.4288194444444445 0.25934065934065936 0.32708333333333334
0 0.39175824175824175 0.5065972222222223 0.22857142857142856 0.2826388888888889
0 0.2664835164835165 0.3454861111111111 0.17472527472527472 0.22430555555555556
0 0.5379120879120879 0.6965277777777779 0.46703296703296704 0.5986111111111111
0 0.4796703296703297 0.6284722222222222 0.6681318681318681 0.8361111111111111
0 0.4991758241758242 0.6409722222222223 0.6939560439560439 0.8819444444444445
0 0.47445054945054943 0.6100694444444444 0.6785714285714286 0.8548611111111112
0 0.4357142857142857 0.5670138888888889 0.6153846153846154 0.7770833333333333
0 0.4510989010989011 0.5909722222222222 0.7252747252747253 0.9305555555555556
0 0.4480769230769231 0.5875 0.7346153846153847 0.9458333333333334
0 0.7082417582417583 0.9079861111111112 0.24285714285714285 0.30069444444444443
0 0.6774725274725275 0.8701388888888889 0.15604395604395604 0.19444444444444445
0 0.6464285714285715 0.8305555555555556 0.1576923076923077 0.20277777777777778
0 0.6508241758241758 0.8385416666666667 0.13681318681318683 0.17847222222222223
0 0.6337912087912088 0.8131944444444444 0.12472527472527473 0.16527777777777777
0 0.5596153846153846 0.7215277777777778 0.1565934065934066 0.2013888888888889
0 0.5832417582417583 0.7548611111111111 0.053296703296703295 0.05555555555555556
0 0.5071428571428571 0.6555555555555556 0.0978021978021978 0.12916666666666668
0 0.5326923076923077 0.6871527777777778 0.19175824175824177 0.23402777777777778
0 0.32664835164835165 0.4305555555555556 0.4236263736263736 0.5347222222222222
0 0.30521978021978025 0.4059027777777778 0.3631868131868132 0.4479166666666667
0 0.3274725274725275 0.42534722222222227 0.5131868131868131 0.6534722222222222
0 0.2021978021978022 0.2711805555555556 0.2714285714285714 0.35208333333333336
0 0.22692307692307692 0.3045138888888889 0.26373626373626374 0.3229166666666667
0 0.22362637362637364 0.29375 0.25274725274725274 0.31527777777777777
0 0.23956043956043957 0.3128472222222222 0.13846153846153847 0.17708333333333334
0 0.17884615384615385 0.24375000000000002 0.09725274725274725 0.12083333333333333
