0 0.2956043956043956 0.39722222222222225 0.025274725274725275 0.0125
0 0.29835164835164835 0.3982638888888889 0.03626373626373627 0.043750000000000004
0 0.1651098901098901 0.23298611111111112 0.043406593406593405 0.050694444444444445
0 0.4021978021978022 0.5246527777777777 0.3923076923076923 0.48680555555555555
0 0.46098901098901096 0.6013888888888889 0.38571428571428573 0.49722222222222223
0 0.4230769230769231 0.5597222222222222 0.13406593406593406 0.18055555555555555
0 0.47307692307692306 0.6152777777777778 0.6846153846153846 0.8569444444444445
0 0.42115384615384616 0.5520833333333334 0.7126373626373627 0.913888888888889
0 0.4574175824175824 0.5986111111111111 0.7456043956043956 0.9236111111111112
0 0.7013736263736263 0.9090277777777778 0.11263736263736264 0.15555555555555556
0 0.7230769230769231 0.9368055555555556 0.11868131868131868 0.1527777777777778
0 0.7513736263736264 0.9684027777777778 0.3357142857142857 0.4118055555555556
0 0.5785714285714286 0.75625 0.06373626373626373 0.10277777777777779
0 0.46703296703296704 0.6152777777777778 0.14395604395604394 0.2
0 0.46675824175824177 0.6121527777777778 0.1554945054945055 0.21180555555555555
0 0.28406593406593406 0.3826388888888889 0.43736263736263736 0.5750000000000001
0 0.3222527472527473 0.43159722222222224 0.4928571428571429 0.6270833333333333
0 0.38956043956043956 0.5135416666666667 0.42747252747252745 0.5409722222222222
