0 0.22747252747252747 0.3125 0.17252747252747253 0.2111111111111111
0 0.2552197802197802 0.34756944444444443 0.128021978021978 0.1590277777777778
0 0.21565934065934067 0.29618055555555556 0.11263736263736264 0.16458333333333333
0 0.33379120879120877 0.4430555555555556 0.3467032967032967 0.4444444444444445
0 0.321978021978022 0.43159722222222224 0.17802197802197803 0.21458333333333335
0 0.4565934065934066 0.6052083333333333 0.2879120879120879 0.35625
0 0.4879120879120879 0.6399305555555556 0.5428571428571428 0.7076388888888889
0 0.485989010989011 0.6350694444444445 0.7576923076923077 0.9506944444444445
0 0.4543956043956044 0.6006944444444444 0.7714285714285715 0.9791666666666667
0 0.7494505494505495 0.9694444444444444 0.17472527472527472 0.2263888888888889
0 0.7475274725274725 0.9725694444444445 0.19615384615384615 0.2604166666666667
0 0.7381868131868132 0.9534722222222223 0.360989010989011 0.4388888888888889
0 0.5445054945054945 0.7107638888888889 0.18681318681318682 0.25625000000000003
0 0.5774725274725274 0.75625 0.16923076923076924 0.19861111111111113
0 0.5453296703296703 0.717013888888889 0.2664835164835165 0.3090277777777778
0 0.39065934065934066 0.5173611111111112 0.2978021978021978 0.39305555555555555
0 0.39203296703296703 0.5208333333333334 0.317032967032967 0.42083333333333334
0 0.3373626373626374 0.4545138888888889 0.36043956043956044 0.4604166666666667
