0 0.22773437500000002 0.42638888888888893 0.0703125 0.1277777777777778
0 0.2236328125 0.415625 0.058203125 0.11319444444444444
0 0.310546875 0.5711805555555556 0.035937500000000004 0.06597222222222222
0 0.2955078125 0.5461805555555556 0.21601562500000002 0.39513888888888893
0 0.350390625 0.6409722222222223 0.24453125 0.4291666666666667
0 0.1703125 0.32256944444444446 0.15781250000000002 0.26875
0 0.17343750000000002 0.3295138888888889 0.1859375 0.33125
0 0.1328125 0.2555555555555556 0.07578125000000001 0.11805555555555557
0 0.35000000000000003 0.6420138888888889 0.275 0.5076388888888889
0 0.3923828125 0.7204861111111112 0.207421875 0.3479166666666667
0 0.4458984375 0.810763888888889 0.282421875 0.4840277777777778
0 0.5216796875 0.9506944444444445 0.06992187500000001 0.11805555555555557
0 0.5066406250000001 0.921875 0.0171875 0.03125
0 0.49160156250000003 0.8934027777777778 0.129296875 0.2465277777777778
0 0.2646484375 0.4930555555555556 0.327734375 0.5944444444444444
0 0.2892578125 0.5329861111111112 0.39101562500000003 0.68125
0 0.30234375 0.5572916666666667 0.515625 0.9034722222222222
0 0.537109375 0.9756944444444445 0.49843750000000003 0.8680555555555556
0 0.5146484375 0.9385416666666667 0.42617187500000003 0.74375
0 0.530859375 0.9652777777777778 0.3828125 0.6791666666666667
