0 0.28076923076923077 0.3701388888888889 0.4989010989010989 0.6375000000000001
0 0.2868131868131868 0.3770833333333333 0.4175824175824176 0.5180555555555556
0 0.2903846153846154 0.3791666666666667 0.28626373626373625 0.3541666666666667
0 0.41813186813186815 0.5444444444444445 0.13296703296703297 0.1763888888888889
0 0.4607142857142857 0.5972222222222222 0.19065934065934065 0.23333333333333334
0 0.47637362637362635 0.6180555555555556 0.14505494505494507 0.17222222222222222
0 0.5170329670329671 0.6690972222222222 0.07362637362637363 0.10347222222222223
0 0.367032967032967 0.4826388888888889 0.210989010989011 0.27083333333333337
0 0.25 0.33229166666666665 0.002197802197802198 0.013194444444444444
0 0.2456043956043956 0.3263888888888889 0.006593406593406593 0.0125
0 0.24752747252747254 0.32881944444444444 0.18956043956043955 0.22708333333333333
0 0.1901098901098901 0.25416666666666665 0.11318681318681319 0.14722222222222223
0 0.15247252747252749 0.20902777777777778 0.10274725274725274 0.11666666666666667
0 0.6258241758241758 0.8069444444444445 0.11208791208791209 0.13194444444444445
0 0.6532967032967033 0.8402777777777778 0.1043956043956044 0.12638888888888888
0 0.698076923076923 0.8986111111111111 0.39065934065934066 0.4777777777777778
0 0.6590659340659341 0.8472222222222222 0.4532967032967033 0.5638888888888889
0 0.5991758241758242 0.7743055555555556 0.40164835164835166 0.49722222222222223
0 0.612912087912088 0.7875 0.3401098901098901 0.44027777777777777
0 0.6005494505494505 0.7715277777777778 0.3087912087912088 0.3819444444444445
0 0.5909340659340659 0.7607638888888889 0.27197802197802196 0.35208333333333336
0 0.6445054945054945 0.8253472222222222 0.27692307692307694 0.3479166666666667
0 0.6184065934065934 0.7927083333333333 0.20384615384615384 0.2548611111111111
0 0.5689560439560439 0.7322916666666667 0.2554945054945055 0.3215277777777778
0 0.5631868131868132 0.7336805555555556 0.35714285714285715 0.45069444444444445
0 0.5763736263736263 0.7395833333333334 0.38351648351648354 0.4861111111111111
0 0.310989010989011 0.4079861111111111 0.4340659340659341 0.5604166666666667
0 0.41346153846153844 0.5375 0.5807692307692308 0.7375
0 0.44560439560439563 0.5753472222222222 0.5439560439560439 0.6840277777777778
0 0.4431318681318681 0.5774305555555556 0.5082417582417582 0.6368055555555556
0 0.46098901098901096 0.5986111111111111 0.5043956043956044 0.6305555555555555
0 0.525 0.678125 0.49945054945054945 0.6243055555555556
0 0.49175824175824173 0.638888888888889 0.7923076923076923 0.9958333333333333
0 0.5439560439560439 0.7027777777777778 0.7373626373626374 0.9333333333333333
0 0.5681318681318681 0.7309027777777778 0.6945054945054945 0.8868055555555556
0 0.47417582417582416 0.6135416666666667 0.7802197802197802 0.9868055555555556
0 0.43653846153846154 0.5631944444444444 0.6818681318681319 0.8625
0 0.4236263736263736 0.5465277777777778 0.7241758241758242 0.9097222222222222
0 0.42939560439560437 0.5565972222222223 0.739010989010989 0.9395833333333333
0 0.4002747252747253 0.5180555555555556 0.6478021978021978 0.8125
0 0.256043956043956 0.33611111111111114 0.1912087912087912 0.23611111111111113
0 0.40384615384615385 0.5222222222222223 0.6296703296703297 0.8
