0 0.14285714285714285 0.20347222222222222 0.14175824175824175 0.18472222222222223
0 0.16126373626373627 0.23506944444444444 0.19615384615384615 0.23125
0 0.18406593406593408 0.259375 0.014285714285714285 0.009027777777777779
0 0.34615384615384615 0.46284722222222224 0.36923076923076925 0.4465277777777778
0 0.45576923076923076 0.6010416666666667 0.4796703296703297 0.5993055555555555
0 0.4401098901098901 0.5815972222222222 0.521978021978022 0.6659722222222223
0 0.5228021978021978 0.6875 0.2368131868131868 0.31527777777777777
0 0.4958791208791209 0.65 0.04010989010989011 0.029166666666666667
0 0.5043956043956044 0.6621527777777778 0.016483516483516484 0.0006944444444444445
0 0.6513736263736264 0.8482638888888889 0.21813186813186813 0.2729166666666667
0 0.6629120879120879 0.8625 0.30824175824175826 0.40555555555555556
0 0.7653846153846153 0.9861111111111112 0.13296703296703297 0.15833333333333333
0 0.4782967032967033 0.6326388888888889 0.5642857142857143 0.7291666666666667
0 0.5370879120879121 0.6975694444444445 0.7873626373626373 0.9798611111111112
0 0.5469780219780219 0.7184027777777778 0.7818681318681319 0.9701388888888889
0 0.32005494505494503 0.4309027777777778 0.40824175824175823 0.5076388888888889
0 0.3771978021978022 0.5052083333333334 0.3445054945054945 0.43125
0 0.29423076923076924 0.3979166666666667 0.38846153846153847 0.5041666666666667
