0 0.16071428571428573 0.22395833333333334 0.08956043956043956 0.11875000000000001
0 0.1532967032967033 0.21840277777777778 0.054945054945054944 0.07569444444444445
0 0.1673076923076923 0.23611111111111113 0.06758241758241758 0.09583333333333334
0 0.3217032967032967 0.4326388888888889 0.2631868131868132 0.32083333333333336
0 0.44258241758241756 0.58125 0.3412087912087912 0.4375
0 0.425 0.5552083333333333 0.3873626373626374 0.48680555555555555
0 0.5024725274725275 0.6597222222222222 0.7807692307692308 0.9791666666666667
0 0.47115384615384615 0.615625 0.7675824175824176 0.9784722222222223
0 0.45906593406593404 0.6027777777777777 0.7752747252747253 0.9861111111111112
0 0.7508241758241758 0.9666666666666667 0.32582417582417583 0.4166666666666667
0 0.6351648351648351 0.8295138888888889 0.2076923076923077 0.2520833333333333
0 0.637087912087912 0.8309027777777778 0.18076923076923077 0.21319444444444446
0 0.5428571428571428 0.7128472222222223 0.16263736263736264 0.20347222222222222
0 0.48846153846153845 0.6427083333333333 0.23846153846153847 0.31180555555555556
0 0.44835164835164837 0.5913194444444445 0.0967032967032967 0.11180555555555556
0 0.33406593406593404 0.4447916666666667 0.4 0.51875
0 0.3241758241758242 0.434375 0.4010989010989011 0.5243055555555556
0 0.38956043956043956 0.5180555555555556 0.44065934065934065 0.5541666666666667
