0 0.25859375 0.4777777777777778 0.00390625 0.002777777777777778
0 0.2099609375 0.39375 0.003515625 0.004166666666666667
0 0.203515625 0.3819444444444445 0.01015625 0.030555555555555558
0 0.11875000000000001 0.22534722222222223 0.1234375 0.21875
0 0.1193359375 0.22847222222222224 0.103515625 0.16944444444444445
0 0.1265625 0.24270833333333333 0.08359375000000001 0.13819444444444445
0 0.136328125 0.2586805555555556 0.057031250000000006 0.08958333333333333
0 0.3505859375 0.6364583333333333 0.21992187500000002 0.3993055555555556
0 0.358984375 0.6611111111111111 0.20859375000000002 0.3861111111111111
0 0.28046875 0.5121527777777778 0.4078125 0.7381944444444445
0 0.2765625 0.5083333333333333 0.30703125000000003 0.5305555555555556
0 0.2435546875 0.4510416666666667 0.41054687500000003 0.7479166666666667
0 0.36367187500000003 0.6666666666666667 0.28359375000000003 0.5097222222222222
0 0.432421875 0.7871527777777778 0.2109375 0.36041666666666666
0 0.4404296875 0.8010416666666667 0.194140625 0.3576388888888889
0 0.4744140625 0.8618055555555556 0.10117187500000001 0.1638888888888889
0 0.4841796875 0.8861111111111112 0.13007812500000002 0.24027777777777778
0 0.5158203125 0.9364583333333334 0.129296875 0.21180555555555555
0 0.511328125 0.9326388888888889 0.38125000000000003 0.6680555555555556
0 0.5416015625 0.9829861111111111 0.539453125 0.9395833333333333
0 0.4326171875 0.7871527777777778 0.533203125 0.9673611111111111
0 0.5046875000000001 0.9145833333333334 0.45625000000000004 0.8041666666666667
0 0.25859375 0.4777777777777778 0.00390625 0.002777777777777778
0 0.2099609375 0.39375 0.003515625 0.004166666666666667
0 0.203515625 0.3819444444444445 0.01015625 0.030555555555555558
0 0.11875000000000001 0.22534722222222223 0.1234375 0.21875
0 0.1193359375 0.22847222222222224 0.103515625 0.16944444444444445
0 0.1265625 0.24270833333333333 0.08359375000000001 0.13819444444444445
0 0.136328125 0.2586805555555556 0.057031250000000006 0.08958333333333333
0 0.3505859375 0.6364583333333333 0.21992187500000002 0.3993055555555556
0 0.358984375 0.6611111111111111 0.20859375000000002 0.3861111111111111
0 0.28046875 0.5121527777777778 0.4078125 0.7381944444444445
0 0.2765625 0.5083333333333333 0.30703125000000003 0.5305555555555556
0 0.2435546875 0.4510416666666667 0.41054687500000003 0.7479166666666667
0 0.36367187500000003 0.6666666666666667 0.28359375000000003 0.5097222222222222
0 0.432421875 0.7871527777777778 0.2109375 0.36041666666666666
0 0.4404296875 0.8010416666666667 0.194140625 0.3576388888888889
0 0.4744140625 0.8618055555555556 0.10117187500000001 0.1638888888888889
0 0.4841796875 0.8861111111111112 0.13007812500000002 0.24027777777777778
0 0.5158203125 0.9364583333333334 0.129296875 0.21180555555555555
0 0.511328125 0.9326388888888889 0.38125000000000003 0.6680555555555556
0 0.5416015625 0.9829861111111111 0.539453125 0.9395833333333333
0 0.4326171875 0.7871527777777778 0.533203125 0.9673611111111111
0 0.5046875000000001 0.9145833333333334 0.45625000000000004 0.8041666666666667
