0 0.3975274725274725 0.5222222222222223 0.15879120879120878 0.19583333333333333
0 0.41208791208791207 0.5388888888888889 0.22197802197802197 0.2847222222222222
0 0.41318681318681316 0.5381944444444444 0.26263736263736265 0.32222222222222224
0 0.2510989010989011 0.32881944444444444 0.3032967032967033 0.3923611111111111
0 0.5046703296703297 0.6569444444444444 0.12582417582417582 0.16944444444444445
0 0.5868131868131868 0.759375 0.13846153846153847 0.16041666666666668
0 0.582967032967033 0.7538194444444445 0.11208791208791209 0.14930555555555555
0 0.47307692307692306 0.6131944444444445 0.2098901098901099 0.26805555555555555
0 0.685989010989011 0.8819444444444445 0.17087912087912088 0.20277777777777778
0 0.6563186813186813 0.8447916666666667 0.13131868131868132 0.16736111111111113
0 0.6519230769230769 0.8392361111111112 0.13681318681318683 0.1826388888888889
0 0.7420329670329671 0.9559027777777778 0.2620879120879121 0.3368055555555556
0 0.4596153846153846 0.6052083333333333 0.7587912087912088 0.9631944444444445
0 0.4714285714285714 0.6215277777777778 0.7703296703296704 0.9722222222222222
0 0.5403846153846154 0.7006944444444445 0.4697802197802198 0.6
0 0.43351648351648353 0.5684027777777778 0.5626373626373626 0.7131944444444445
0 0.44478021978021975 0.576388888888889 0.5104395604395604 0.6416666666666667
0 0.16016483516483515 0.21944444444444444 0.0478021978021978 0.06805555555555556
0 0.2508241758241758 0.33125 0.23351648351648352 0.28055555555555556
0 0.24615384615384617 0.32743055555555556 0.2230769230769231 0.2729166666666667
0 0.2552197802197802 0.33784722222222224 0.19395604395604396 0.2520833333333333
0 0.23186813186813188 0.30694444444444446 0.13956043956043956 0.17222222222222222
0 0.3813186813186813 0.4986111111111111 0.5 0.6458333333333334
0 0.33901098901098903 0.4482638888888889 0.5197802197802198 0.6715277777777778
0 0.35384615384615387 0.46319444444444446 0.4989010989010989 0.6291666666666667
