0 0.290234375 0.5333333333333333 0.07109375 0.11388888888888889
0 0.23750000000000002 0.4416666666666667 0.02109375 0.04027777777777778
0 0.28847656250000003 0.5315972222222223 0.078515625 0.12013888888888889
0 0.138671875 0.2604166666666667 0.18828125 0.3458333333333333
0 0.129296875 0.2465277777777778 0.16562500000000002 0.3027777777777778
0 0.12578125 0.24027777777777778 0.10859375 0.18611111111111112
0 0.115625 0.22222222222222224 0.12812500000000002 0.23472222222222222
0 0.35078125000000004 0.6371527777777778 0.22031250000000002 0.38819444444444445
0 0.36738281250000004 0.675 0.08085937500000001 0.16527777777777777
0 0.27480468750000003 0.5076388888888889 0.490234375 0.8902777777777778
0 0.28125 0.515625 0.4078125 0.7354166666666667
0 0.2654296875 0.4920138888888889 0.33320312500000004 0.6090277777777778
0 0.36562500000000003 0.6694444444444445 0.30312500000000003 0.5541666666666667
0 0.38691406250000004 0.7059027777777778 0.143359375 0.23541666666666666
0 0.42324218750000003 0.7701388888888889 0.322265625 0.5569444444444445
0 0.5224609375 0.9506944444444445 0.086328125 0.15555555555555556
0 0.46875 0.851388888888889 0.06015625 0.12083333333333333
0 0.451953125 0.8256944444444445 0.12421875 0.2111111111111111
0 0.47734375 0.8767361111111112 0.4390625 0.7840277777777778
0 0.5134765625000001 0.9343750000000001 0.41914062500000004 0.74375
0 0.5212890625000001 0.9520833333333334 0.361328125 0.6444444444444445
0 0.46816406250000003 0.8482638888888889 0.46132812500000003 0.8090277777777778
0 0.290234375 0.5333333333333333 0.07109375 0.11388888888888889
0 0.23750000000000002 0.4416666666666667 0.02109375 0.04027777777777778
0 0.28847656250000003 0.5315972222222223 0.078515625 0.12013888888888889
0 0.138671875 0.2604166666666667 0.18828125 0.3458333333333333
0 0.129296875 0.2465277777777778 0.16562500000000002 0.3027777777777778
0 0.12578125 0.24027777777777778 0.10859375 0.18611111111111112
0 0.115625 0.22222222222222224 0.12812500000000002 0.23472222222222222
0 0.35078125000000004 0.6371527777777778 0.22031250000000002 0.38819444444444445
0 0.36738281250000004 0.675 0.08085937500000001 0.16527777777777777
0 0.27480468750000003 0.5076388888888889 0.490234375 0.8902777777777778
0 0.28125 0.515625 0.4078125 0.7354166666666667
0 0.2654296875 0.4920138888888889 0.33320312500000004 0.6090277777777778
0 0.36562500000000003 0.6694444444444445 0.30312500000000003 0.5541666666666667
0 0.38691406250000004 0.7059027777777778 0.143359375 0.23541666666666666
0 0.42324218750000003 0.7701388888888889 0.322265625 0.5569444444444445
0 0.5224609375 0.9506944444444445 0.086328125 0.15555555555555556
0 0.46875 0.851388888888889 0.06015625 0.12083333333333333
0 0.451953125 0.8256944444444445 0.12421875 0.2111111111111111
0 0.47734375 0.8767361111111112 0.4390625 0.7840277777777778
0 0.5134765625000001 0.9343750000000001 0.41914062500000004 0.74375
0 0.5212890625000001 0.9520833333333334 0.361328125 0.6444444444444445
0 0.46816406250000003 0.8482638888888889 0.46132812500000003 0.8090277777777778
