0 0.2423076923076923 0.3295138888888889 0.13516483516483516 0.16597222222222222
0 0.15384615384615385 0.22048611111111113 0.001098901098901099 0.0020833333333333333
0 0.164010989010989 0.23229166666666667 0.0521978021978022 0.06597222222222222
0 0.4337912087912088 0.5701388888888889 0.38846153846153847 0.4791666666666667
0 0.43763736263736264 0.5736111111111112 0.3543956043956044 0.43194444444444446
0 0.37664835164835164 0.503125 0.12032967032967033 0.14930555555555555
0 0.5357142857142857 0.6982638888888889 0.7373626373626374 0.9423611111111111
0 0.4524725274725275 0.5986111111111111 0.5357142857142857 0.6666666666666667
0 0.4107142857142857 0.5420138888888889 0.6543956043956044 0.83125
0 0.667032967032967 0.8684027777777779 0.12857142857142856 0.14652777777777778
0 0.7326923076923076 0.9444444444444445 0.2653846153846154 0.34861111111111115
0 0.7538461538461538 0.9770833333333334 0.22967032967032966 0.2916666666666667
0 0.5777472527472527 0.7552083333333334 0.17307692307692307 0.20625000000000002
0 0.564010989010989 0.7354166666666667 0.03021978021978022 0.05694444444444444
0 0.5486263736263737 0.7197916666666667 0.007142857142857143 0.03125
0 0.3032967032967033 0.409375 0.5 0.6243055555555556
0 0.39285714285714285 0.5184027777777778 0.4604395604395604 0.5659722222222222
0 0.39093406593406593 0.5201388888888889 0.44560439560439563 0.5513888888888889
