0 0.2205078125 0.4173611111111111 0.000390625 0.01388888888888889
0 0.18417968750000002 0.3510416666666667 0.201953125 0.36319444444444443
0 0.184375 0.35173611111111114 0.0078125 0.03680555555555556
0 0.32832031250000004 0.6059027777777778 0.224609375 0.3965277777777778
0 0.37812500000000004 0.6927083333333334 0.22812500000000002 0.42291666666666666
0 0.38222656250000003 0.7006944444444445 0.253515625 0.4361111111111111
0 0.31015625 0.5760416666666667 0.4 0.6951388888888889
0 0.2974609375 0.5510416666666667 0.312109375 0.5479166666666667
0 0.2716796875 0.5097222222222222 0.205859375 0.3666666666666667
0 0.4646484375 0.8565972222222222 0.07382812500000001 0.11458333333333334
0 0.441015625 0.8111111111111111 0.05 0.09027777777777778
0 0.45234375000000004 0.8319444444444445 0.030468750000000003 0.043055555555555555
0 0.43125 0.7916666666666667 0.5421875 0.9652777777777778
