0 0.24296875 0.4600694444444445 0.039843750000000004 0.09097222222222223
0 0.20371093750000002 0.3861111111111111 0.031640625 0.06527777777777778
0 0.187890625 0.3628472222222222 0.03359375 0.03958333333333333
0 0.32539062500000004 0.6048611111111112 0.24609375 0.4277777777777778
0 0.2994140625 0.5576388888888889 0.242578125 0.4291666666666667
0 0.30292968750000004 0.5604166666666667 0.190234375 0.35555555555555557
0 0.33222656250000004 0.6125 0.238671875 0.44722222222222224
0 0.284375 0.5347222222222222 0.19687500000000002 0.3680555555555556
0 0.2416015625 0.4552083333333333 0.292578125 0.5256944444444445
0 0.48066406250000004 0.8788194444444445 0.051171875000000006 0.06458333333333334
0 0.498046875 0.9152777777777779 0.0054687500000000005 0.022222222222222223
0 0.5037109375000001 0.9222222222222223 0.064453125 0.10277777777777779
0 0.44296875 0.8118055555555556 0.4921875 0.888888888888889
0 0.51796875 0.9444444444444445 0.278125 0.513888888888889
0 0.5369140625000001 0.9756944444444445 0.357421875 0.6541666666666667
