0 0.42225274725274725 0.5649305555555556 0.47197802197802197 0.6090277777777778
0 0.4728021978021978 0.6288194444444445 0.4675824175824176 0.5645833333333333
0 0.5041208791208791 0.6642361111111111 0.28516483516483515 0.3715277777777778
0 0.5431318681318681 0.7097222222222223 0.12912087912087913 0.18194444444444446
0 0.6387362637362637 0.8375 0.06538461538461539 0.07916666666666666
0 0.4978021978021978 0.6583333333333333 0.041758241758241756 0.05277777777777778
0 0.24203296703296703 0.3354166666666667 0.10824175824175825 0.1638888888888889
0 0.2032967032967033 0.2833333333333333 0.04835164835164835 0.08194444444444444
0 0.3335164835164835 0.4482638888888889 0.10329670329670329 0.11180555555555556
0 0.35521978021978023 0.47500000000000003 0.2412087912087912 0.2763888888888889
0 0.37445054945054945 0.49270833333333336 0.4543956043956044 0.5895833333333333
0 0.4673076923076923 0.6107638888888889 0.4532967032967033 0.55625
0 0.45384615384615384 0.6017361111111111 0.676923076923077 0.8506944444444445
0 0.4645604395604396 0.6097222222222223 0.7104395604395605 0.9194444444444445
0 0.5659340659340659 0.7423611111111111 0.7736263736263737 0.9611111111111111
0 0.7502747252747253 0.96875 0.4796703296703297 0.5888888888888889
0 0.7464285714285714 0.967013888888889 0.21813186813186813 0.2534722222222222
0 0.6478021978021978 0.8482638888888889 0.3010989010989011 0.36180555555555555
