0 0.264453125 0.4902777777777778 0.11953125 0.20833333333333334
0 0.2400390625 0.4461805555555556 0.005078125 0.010416666666666668
0 0.20917968750000002 0.390625 0.006640625000000001 0.0006944444444444445
0 0.16425781250000002 0.3104166666666667 0.004296875 0.016666666666666666
0 0.1126953125 0.21770833333333334 0.111328125 0.18819444444444444
0 0.115234375 0.22013888888888888 0.11640625 0.19861111111111113
0 0.119140625 0.2267361111111111 0.13828125 0.25625000000000003
0 0.3388671875 0.6215277777777778 0.24726562500000002 0.4513888888888889
0 0.34882812500000004 0.6336805555555556 0.22812500000000002 0.4104166666666667
0 0.260546875 0.4822916666666667 0.46171875 0.83125
0 0.2841796875 0.5194444444444445 0.41132812500000004 0.7402777777777778
0 0.2751953125 0.5086805555555556 0.413671875 0.7229166666666667
0 0.353125 0.6444444444444445 0.2859375 0.5208333333333334
0 0.362890625 0.6666666666666667 0.284375 0.5111111111111112
0 0.41347656250000003 0.7538194444444445 0.201953125 0.35347222222222224
0 0.4791015625 0.8711805555555556 0.123046875 0.23402777777777778
0 0.478125 0.8680555555555556 0.10390625 0.17500000000000002
0 0.5177734375 0.9388888888888889 0.140234375 0.23611111111111113
0 0.5142578125 0.9309027777777779 0.420703125 0.7520833333333333
0 0.51953125 0.9454861111111111 0.41640625000000003 0.75625
0 0.5197265625 0.9427083333333334 0.35273437500000004 0.6145833333333334
0 0.49648437500000003 0.8989583333333334 0.43828125 0.7854166666666667
