0 0.12115384615384615 0.1701388888888889 0.12692307692307692 0.1527777777777778
0 0.2326923076923077 0.30659722222222224 0.1478021978021978 0.18680555555555556
0 0.25467032967032965 0.33993055555555557 0.20164835164835165 0.2423611111111111
0 0.2129120879120879 0.2868055555555556 0.2620879120879121 0.3402777777777778
0 0.23873626373626375 0.31354166666666666 0.2379120879120879 0.29930555555555555
0 0.29285714285714287 0.39131944444444444 0.1010989010989011 0.12291666666666667
0 0.2692307692307692 0.35694444444444445 0.1824175824175824 0.22777777777777777
0 0.41510989010989013 0.5388888888888889 0.28406593406593406 0.36388888888888893
0 0.3032967032967033 0.3940972222222222 0.41318681318681316 0.5298611111111111
0 0.4585164835164835 0.5996527777777778 0.5379120879120879 0.6798611111111111
0 0.4739010989010989 0.6180555555555556 0.7565934065934066 0.9750000000000001
0 0.5406593406593406 0.7065972222222222 0.7670329670329671 0.9506944444444445
0 0.4315934065934066 0.5684027777777778 0.5708791208791208 0.7131944444444445
0 0.45906593406593404 0.5965277777777778 0.07417582417582418 0.1
0 0.4785714285714286 0.6215277777777778 0.11428571428571428 0.15
0 0.5956043956043956 0.7694444444444445 0.027472527472527472 0.03888888888888889
0 0.28186813186813187 0.37569444444444444 0.43736263736263736 0.5708333333333333
0 0.37747252747252746 0.49097222222222225 0.4912087912087912 0.6305555555555555
0 0.37032967032967035 0.48541666666666666 0.532967032967033 0.6888888888888889
0 0.6299450549450549 0.8093750000000001 0.1346153846153846 0.16597222222222222
0 0.6096153846153847 0.784375 0.17747252747252748 0.22708333333333333
0 0.6802197802197802 0.875 0.16813186813186815 0.20555555555555557
0 0.7403846153846154 0.9548611111111112 0.30494505494505497 0.38333333333333336
0 0.6475274725274726 0.8319444444444445 0.1434065934065934 0.18472222222222223
