0 0.256043956043956 0.33819444444444446 0.20549450549450549 0.2638888888888889
0 0.11813186813186813 0.16458333333333333 0.025274725274725275 0.019444444444444445
0 0.22857142857142856 0.3003472222222222 0.15494505494505495 0.20486111111111113
0 0.2563186813186813 0.34131944444444445 0.022527472527472527 0.043750000000000004
0 0.2956043956043956 0.38680555555555557 0.0956043956043956 0.11805555555555557
0 0.40412087912087913 0.529513888888889 0.2291208791208791 0.2881944444444445
0 0.41208791208791207 0.5392361111111111 0.3032967032967033 0.3965277777777778
0 0.4651098901098901 0.6065972222222222 0.7576923076923077 0.9715277777777778
0 0.582967032967033 0.7614583333333333 0.5527472527472528 0.7076388888888889
0 0.4837912087912088 0.6263888888888889 0.4653846153846154 0.6
0 0.6288461538461538 0.8097222222222222 0.13791208791208792 0.16111111111111112
0 0.6986263736263736 0.8979166666666667 0.1543956043956044 0.18888888888888888
0 0.685989010989011 0.8836805555555556 0.1554945054945055 0.18958333333333335
0 0.6480769230769231 0.8319444444444445 0.1686813186813187 0.2125
0 0.48214285714285715 0.6243055555555556 0.18626373626373627 0.24722222222222223
0 0.4423076923076923 0.5777777777777778 0.12857142857142856 0.1513888888888889
0 0.5313186813186813 0.6892361111111112 0.12087912087912088 0.16736111111111113
0 0.5241758241758242 0.6763888888888889 0.08901098901098901 0.11944444444444445
0 0.3384615384615385 0.44409722222222225 0.3868131868131868 0.5034722222222222
0 0.3087912087912088 0.40555555555555556 0.4967032967032967 0.6416666666666667
0 0.48296703296703297 0.6260416666666667 0.5637362637362637 0.71875
