0 0.310989010989011 0.4197916666666667 0.2703296703296703 0.34652777777777777
0 0.3791208791208791 0.5034722222222222 0.24505494505494504 0.2916666666666667
0 0.34697802197802197 0.4652777777777778 0.11043956043956044 0.14722222222222223
0 0.24148351648351649 0.3357638888888889 0.019230769230769232 0.035416666666666666
0 0.24285714285714285 0.33819444444444446 0.016483516483516484 0.008333333333333333
0 0.24587912087912087 0.3336805555555556 0.1478021978021978 0.17430555555555557
0 0.32967032967032966 0.44062500000000004 0.4 0.4826388888888889
0 0.34697802197802197 0.4618055555555556 0.3873626373626374 0.49722222222222223
0 0.435989010989011 0.5750000000000001 0.4236263736263736 0.55
0 0.48956043956043954 0.646875 0.22747252747252747 0.3104166666666667
0 0.5225274725274726 0.6864583333333334 0.015384615384615385 0.03402777777777778
0 0.6137362637362638 0.8034722222222223 0.12747252747252746 0.1625
0 0.6315934065934066 0.8229166666666667 0.15879120879120878 0.1875
0 0.6851648351648352 0.8895833333333334 0.14505494505494507 0.19583333333333333
0 0.7222527472527472 0.9347222222222222 0.12252747252747252 0.14444444444444446
0 0.4785714285714286 0.6298611111111111 0.5681318681318681 0.7125
0 0.5019230769230769 0.6628472222222223 0.5565934065934066 0.6965277777777779
0 0.5384615384615384 0.7138888888888889 0.5098901098901099 0.6597222222222222
