0 0.12664835164835164 0.1746527777777778 0.10934065934065934 0.12708333333333333
0 0.22884615384615384 0.30486111111111114 0.0521978021978022 0.05694444444444444
0 0.18516483516483517 0.2503472222222222 0.23956043956043957 0.3076388888888889
0 0.1837912087912088 0.24965277777777778 0.2291208791208791 0.29930555555555555
0 0.27362637362637365 0.3576388888888889 0.1813186813186813 0.23472222222222222
0 0.3516483516483516 0.46145833333333336 0.37252747252747254 0.47708333333333336
0 0.4087912087912088 0.5333333333333333 0.2967032967032967 0.3666666666666667
0 0.5054945054945055 0.6552083333333334 0.578021978021978 0.7201388888888889
0 0.5425824175824175 0.7045138888888889 0.5269230769230769 0.6645833333333333
0 0.5365384615384615 0.6930555555555555 0.7269230769230769 0.9097222222222222
0 0.48324175824175825 0.6263888888888889 0.7851648351648352 0.9958333333333333
0 0.42994505494505497 0.5600694444444445 0.6313186813186813 0.7979166666666667
0 0.5909340659340659 0.7635416666666667 0.3752747252747253 0.49236111111111114
0 0.5956043956043956 0.773263888888889 0.27582417582417584 0.33125
0 0.6862637362637363 0.8829861111111111 0.1901098901098901 0.25069444444444444
0 0.6826923076923077 0.8763888888888889 0.13351648351648351 0.16111111111111112
0 0.6983516483516483 0.8975694444444445 0.14065934065934066 0.18680555555555556
0 0.5901098901098901 0.7597222222222223 0.36043956043956044 0.4430555555555556
0 0.5532967032967033 0.7142361111111112 0.006593406593406593 0.013194444444444444
0 0.579945054945055 0.748263888888889 0.006043956043956044 0.0020833333333333333
0 0.4541208791208791 0.5868055555555556 0.18076923076923077 0.21944444444444444
0 0.48626373626373626 0.6284722222222222 0.1813186813186813 0.21805555555555556
0 0.3184065934065934 0.41284722222222225 0.25659340659340657 0.3229166666666667
0 0.3173076923076923 0.41284722222222225 0.2423076923076923 0.31180555555555556
0 0.33214285714285713 0.4378472222222222 0.48736263736263735 0.63125
0 0.4118131868131868 0.5361111111111111 0.4565934065934066 0.5638888888888889
