0 0.35000000000000003 0.6427083333333333 0.2 0.3701388888888889
0 0.37929687500000003 0.6965277777777779 0.1328125 0.2263888888888889
0 0.30000000000000004 0.5548611111111111 0.171875 0.2847222222222222
0 0.298828125 0.5517361111111111 0.096875 0.15208333333333335
0 0.3181640625 0.5850694444444444 0.054296875 0.07986111111111112
0 0.2396484375 0.44548611111111114 0.074609375 0.12152777777777778
0 0.15449218750000002 0.2982638888888889 0.11679687500000001 0.21597222222222223
0 0.141015625 0.2715277777777778 0.05390625 0.07777777777777778
0 0.12109375 0.2371527777777778 0.10703125000000001 0.19097222222222224
0 0.3474609375 0.638888888888889 0.267578125 0.4902777777777778
0 0.4150390625 0.7572916666666667 0.314453125 0.5409722222222222
0 0.3728515625 0.6895833333333333 0.160546875 0.3027777777777778
0 0.309375 0.5684027777777778 0.28203125 0.5229166666666667
0 0.3193359375 0.5909722222222222 0.345703125 0.6166666666666667
0 0.312109375 0.5750000000000001 0.41718750000000004 0.7263888888888889
0 0.431640625 0.7937500000000001 0.028125 0.04722222222222222
0 0.4666015625 0.853125 0.10039062500000001 0.18958333333333335
0 0.4615234375 0.8423611111111111 0.10429687500000001 0.20277777777777778
0 0.5296875 0.9621527777777779 0.3953125 0.6826388888888889
0 0.48574218750000003 0.8836805555555556 0.5378906250000001 0.9743055555555556
