0 0.5568681318681319 0.7305555555555556 0.03791208791208791 0.025
0 0.532967032967033 0.6975694444444445 0.1 0.10625
0 0.6623626373626373 0.8628472222222222 0.2456043956043956 0.28958333333333336
0 0.6637362637362637 0.8618055555555556 0.26593406593406593 0.31527777777777777
0 0.3162087912087912 0.4274305555555556 0.2532967032967033 0.30069444444444443
0 0.32335164835164837 0.43125 0.2642857142857143 0.32083333333333336
0 0.37747252747252746 0.49756944444444445 0.3802197802197802 0.4756944444444445
0 0.18653846153846154 0.25972222222222224 0.0510989010989011 0.08611111111111111
0 0.2934065934065934 0.39375 0.10659340659340659 0.11527777777777778
0 0.19615384615384615 0.2732638888888889 0.031868131868131866 0.05625
0 0.3769230769230769 0.5059027777777778 0.34505494505494505 0.44097222222222227
0 0.39285714285714285 0.525 0.2571428571428571 0.30972222222222223
0 0.32445054945054946 0.4375 0.22032967032967032 0.2638888888888889
0 0.6027472527472527 0.7885416666666667 0.0967032967032967 0.11319444444444444
0 0.717032967032967 0.93125 0.4846153846153846 0.6111111111111112
0 0.44505494505494503 0.5857638888888889 0.6879120879120879 0.8590277777777778
