0 0.493956043956044 0.6371527777777778 0.46813186813186813 0.59375
0 0.5552197802197802 0.7232638888888889 0.493956043956044 0.6423611111111112
0 0.5868131868131868 0.7684027777777778 0.6054945054945055 0.7756944444444445
0 0.46291208791208793 0.6027777777777777 0.6565934065934066 0.8138888888888889
0 0.40934065934065933 0.5368055555555555 0.3087912087912088 0.3819444444444445
0 0.30164835164835163 0.4027777777777778 0.4318681318681319 0.5361111111111111
0 0.26043956043956046 0.3440972222222222 0.13296703296703297 0.16875
0 0.23131868131868133 0.31006944444444445 0.02857142857142857 0.03819444444444445
0 0.24917582417582418 0.3336805555555556 0.0543956043956044 0.07847222222222222
0 0.23186813186813188 0.30694444444444446 0.13956043956043956 0.17777777777777778
0 0.19862637362637361 0.26979166666666665 0.2774725274725275 0.34652777777777777
0 0.16428571428571428 0.22291666666666668 0.256043956043956 0.33194444444444443
0 0.317032967032967 0.42256944444444444 0.4967032967032967 0.6409722222222223
0 0.34175824175824177 0.44930555555555557 0.5318681318681319 0.6569444444444444
0 0.35796703296703297 0.4673611111111111 0.5302197802197802 0.6763888888888889
0 0.5928571428571429 0.7652777777777778 0.11868131868131868 0.15833333333333333
0 0.5925824175824176 0.7684027777777778 0.10714285714285714 0.13541666666666669
0 0.593956043956044 0.7711805555555555 0.07692307692307693 0.08819444444444445
0 0.6093406593406593 0.7895833333333334 0.1978021978021978 0.25833333333333336
0 0.6851648351648352 0.8815972222222223 0.17032967032967034 0.20625000000000002
0 0.7428571428571429 0.9572916666666667 0.2681318681318681 0.33819444444444446
0 0.5313186813186813 0.6871527777777778 0.23186813186813188 0.28402777777777777
0 0.628021978021978 0.8090277777777778 0.13846153846153847 0.16111111111111112
0 0.6489010989010989 0.8350694444444445 0.14835164835164835 0.19791666666666669
0 0.44395604395604393 0.5850694444444444 0.5384615384615384 0.69375
