0 0.16291208791208792 0.22743055555555555 0.10054945054945055 0.13819444444444445
0 0.14862637362637363 0.21319444444444446 0.03461538461538462 0.0375
0 0.16043956043956045 0.22465277777777778 0.05384615384615385 0.08402777777777778
0 0.4247252747252747 0.5559027777777777 0.3879120879120879 0.48958333333333337
0 0.43873626373626373 0.5760416666666667 0.3159340659340659 0.40902777777777777
0 0.42857142857142855 0.5677083333333334 0.14725274725274726 0.19930555555555557
0 0.4736263736263736 0.6215277777777778 0.7626373626373626 0.9736111111111111
0 0.4653846153846154 0.6149305555555555 0.7802197802197802 0.9881944444444445
0 0.4423076923076923 0.5815972222222222 0.7571428571428571 0.9673611111111111
0 0.6505494505494506 0.84375 0.3791208791208791 0.4777777777777778
0 0.7623626373626373 0.9878472222222222 0.21703296703296704 0.28125
0 0.6612637362637362 0.8614583333333333 0.1357142857142857 0.15763888888888888
0 0.5887362637362638 0.7701388888888889 0.03461538461538462 0.05
0 0.5739010989010989 0.7493055555555556 0.0038461538461538464 0.02361111111111111
0 0.47692307692307695 0.6284722222222222 0.21428571428571427 0.2833333333333333
0 0.38763736263736265 0.5135416666666667 0.4950549450549451 0.6090277777777778
0 0.33076923076923076 0.4413194444444445 0.3978021978021978 0.49236111111111114
0 0.3192307692307692 0.4260416666666667 0.4208791208791209 0.5465277777777778
