0 0.1631868131868132 0.22743055555555555 0.1010989010989011 0.13680555555555557
0 0.15082417582417582 0.21666666666666667 0.06098901098901099 0.08055555555555556
0 0.15989010989010988 0.22465277777777778 0.056043956043956046 0.08541666666666667
0 0.4247252747252747 0.5555555555555556 0.389010989010989 0.48888888888888893
0 0.39972527472527475 0.5274305555555556 0.2489010989010989 0.3159722222222222
0 0.42445054945054944 0.5635416666666667 0.1445054945054945 0.19375
0 0.47445054945054943 0.6225694444444445 0.7631868131868131 0.9729166666666667
0 0.46565934065934067 0.6152777777777778 0.7818681318681319 0.9916666666666667
0 0.4431318681318681 0.5826388888888889 0.7576923076923077 0.9680555555555556
0 0.6351648351648351 0.8229166666666667 0.3274725274725275 0.41805555555555557
0 0.6398351648351648 0.8368055555555556 0.17747252747252748 0.22083333333333335
0 0.6285714285714286 0.8215277777777779 0.2010989010989011 0.24444444444444446
0 0.5637362637362637 0.7371527777777778 0.004395604395604396 0.010416666666666668
0 0.4766483516483516 0.6298611111111111 0.21483516483516482 0.28055555555555556
0 0.4991758241758242 0.6548611111111111 0.2675824175824176 0.3527777777777778
0 0.3269230769230769 0.43645833333333334 0.3978021978021978 0.49097222222222225
0 0.2945054945054945 0.3940972222222222 0.42967032967032964 0.5284722222222222
0 0.27774725274725276 0.37604166666666666 0.45879120879120877 0.5965277777777778
