0 0.278125 0.5135416666666667 0.03828125 0.05902777777777778
0 0.23847656250000002 0.4430555555555556 0.017578125 0.04027777777777778
0 0.23457031250000002 0.4416666666666667 0.056640625 0.09861111111111112
0 0.1796875 0.33611111111111114 0.055468750000000004 0.10555555555555556
0 0.14609375 0.2791666666666667 0.07968750000000001 0.1375
0 0.15156250000000002 0.2857638888888889 0.08671875000000001 0.15763888888888888
0 0.3474609375 0.6322916666666667 0.232421875 0.4201388888888889
0 0.3482421875 0.6392361111111111 0.270703125 0.4951388888888889
0 0.30898437500000003 0.5670138888888889 0.4265625 0.7743055555555556
0 0.2734375 0.5020833333333333 0.48046875 0.8611111111111112
0 0.2412109375 0.44722222222222224 0.43085937500000004 0.7791666666666667
0 0.35546875 0.6531250000000001 0.265625 0.4743055555555556
0 0.443359375 0.8055555555555556 0.225 0.4083333333333333
0 0.423828125 0.7715277777777778 0.19609375 0.33611111111111114
0 0.48203125 0.8767361111111112 0.184375 0.3354166666666667
0 0.4833984375 0.878125 0.10117187500000001 0.19236111111111112
0 0.53515625 0.9711805555555556 0.10859375 0.1840277777777778
0 0.5046875000000001 0.9222222222222223 0.5242187500000001 0.9222222222222223
0 0.5220703125 0.9434027777777778 0.44960937500000003 0.8048611111111111
