0 0.4013736263736264 0.5284722222222222 0.19725274725274725 0.2569444444444445
0 0.3041208791208791 0.4010416666666667 0.2521978021978022 0.3104166666666667
0 0.22445054945054946 0.29756944444444444 0.1467032967032967 0.19652777777777777
0 0.23104395604395606 0.30833333333333335 0.0543956043956044 0.058333333333333334
0 0.1423076923076923 0.19756944444444446 0.2021978021978022 0.24791666666666667
0 0.11483516483516483 0.16041666666666668 0.15164835164835164 0.1875
0 0.11346153846153846 0.15555555555555556 0.15 0.18611111111111112
0 0.4604395604395604 0.5996527777777778 0.045054945054945054 0.06597222222222222
0 0.5898351648351648 0.7652777777777778 0.002747252747252747 0.001388888888888889
0 0.5332417582417582 0.690625 0.12032967032967033 0.16041666666666668
0 0.6285714285714286 0.8086805555555556 0.13736263736263737 0.16180555555555556
0 0.328021978021978 0.4288194444444445 0.5296703296703297 0.6631944444444444
0 0.31263736263736264 0.4121527777777778 0.17142857142857143 0.22430555555555556
0 0.39587912087912086 0.5125000000000001 0.1401098901098901 0.17916666666666667
0 0.5843406593406594 0.7569444444444444 0.1445054945054945 0.1875
0 0.7318681318681318 0.9416666666666667 0.22417582417582418 0.2791666666666667
0 0.7043956043956044 0.904513888888889 0.14945054945054945 0.1951388888888889
0 0.6873626373626374 0.884375 0.13626373626373625 0.17430555555555557
0 0.6456043956043956 0.8305555555555556 0.17032967032967034 0.20972222222222223
0 0.4881868131868132 0.6336805555555556 0.5049450549450549 0.6465277777777778
0 0.4755494505494505 0.6256944444444444 0.7664835164835165 0.9819444444444445
0 0.43873626373626373 0.5736111111111112 0.6818681318681319 0.8777777777777778
0 0.3107142857142857 0.41284722222222225 0.49945054945054945 0.6479166666666667
