0 0.13873626373626374 0.1951388888888889 0.23461538461538461 0.3125
0 0.12115384615384615 0.17430555555555557 0.00934065934065934 0.005555555555555556
0 0.24972527472527473 0.33333333333333337 0.02032967032967033 0.04027777777777778
0 0.29917582417582417 0.3982638888888889 0.30164835164835163 0.36180555555555555
0 0.3945054945054945 0.5190972222222222 0.3065934065934066 0.3784722222222222
0 0.2554945054945055 0.33819444444444446 0.34065934065934067 0.4416666666666667
0 0.5758241758241758 0.7538194444444445 0.532967032967033 0.6923611111111111
0 0.4195054945054945 0.5552083333333333 0.65 0.8243055555555556
0 0.435989010989011 0.5694444444444444 0.7181318681318681 0.9166666666666667
0 0.5967032967032967 0.76875 0.21318681318681318 0.275
0 0.6326923076923077 0.8166666666666667 0.1445054945054945 0.16666666666666669
0 0.703021978021978 0.9072916666666667 0.15219780219780218 0.19791666666666669
0 0.7326923076923076 0.9440972222222223 0.41923076923076924 0.5284722222222222
0 0.46153846153846156 0.6027777777777777 0.20659340659340658 0.26666666666666666
0 0.47527472527472525 0.6204861111111112 0.2 0.26458333333333334
0 0.560989010989011 0.7274305555555556 0.18571428571428572 0.23541666666666666
0 0.5148351648351648 0.665625 0.15824175824175823 0.18958333333333335
0 0.32472527472527474 0.4295138888888889 0.5241758241758242 0.6673611111111112
0 0.40082417582417584 0.5270833333333333 0.2587912087912088 0.3472222222222222
0 0.28626373626373625 0.3784722222222222 0.3120879120879121 0.39166666666666666
