0 0.30027472527472526 0.40208333333333335 0.04450549450549451 0.04722222222222222
0 0.29532967032967034 0.4 0.04230769230769231 0.044444444444444446
0 0.17252747252747253 0.23923611111111112 0.038461538461538464 0.06597222222222222
0 0.40192307692307694 0.5260416666666667 0.39065934065934066 0.48680555555555555
0 0.4804945054945055 0.6236111111111111 0.2631868131868132 0.325
0 0.4217032967032967 0.5579861111111112 0.13681318681318683 0.1826388888888889
0 0.4857142857142857 0.6357638888888889 0.5835164835164836 0.7548611111111111
0 0.4697802197802198 0.6118055555555556 0.6857142857142857 0.8583333333333334
0 0.442032967032967 0.5791666666666667 0.7565934065934066 0.9402777777777778
0 0.685989010989011 0.890625 0.1357142857142857 0.16180555555555556
0 0.7546703296703297 0.9736111111111111 0.2291208791208791 0.2916666666666667
0 0.7565934065934066 0.9815972222222222 0.2967032967032967 0.36458333333333337
0 0.492032967032967 0.6489583333333333 0.010439560439560439 0.027083333333333334
0 0.5714285714285714 0.7475694444444445 0.020879120879120878 0.04652777777777778
0 0.5409340659340659 0.7086805555555555 0.2675824175824176 0.33819444444444446
0 0.3848901098901099 0.5114583333333333 0.4368131868131868 0.5395833333333333
0 0.36236263736263735 0.48541666666666666 0.23241758241758242 0.3125
0 0.2895604395604396 0.38819444444444445 0.45164835164835165 0.5888888888888889
