0 0.4796703296703297 0.6277777777777778 0.1087912087912088 0.1513888888888889
0 0.5107142857142857 0.6652777777777779 0.12582417582417582 0.15694444444444444
0 0.4554945054945055 0.5888888888888889 0.07802197802197802 0.10138888888888889
0 0.7057692307692308 0.9072916666666667 0.15219780219780218 0.19930555555555557
0 0.6489010989010989 0.8371527777777779 0.13846153846153847 0.17847222222222223
0 0.6447802197802198 0.83125 0.16648351648351647 0.20833333333333334
0 0.6453296703296704 0.8326388888888889 0.1576923076923077 0.20972222222222223
0 0.5266483516483517 0.6871527777777778 0.5807692307692308 0.7479166666666667
0 0.47527472527472525 0.6253472222222223 0.765934065934066 0.9743055555555556
0 0.47994505494505496 0.6274305555555556 0.4653846153846154 0.6006944444444444
0 0.5664835164835165 0.7354166666666667 0.5208791208791209 0.6694444444444445
0 0.2741758241758242 0.36909722222222224 0.13186813186813187 0.16180555555555556
0 0.25357142857142856 0.3420138888888889 0.2796703296703297 0.35625
0 0.4076923076923077 0.5319444444444444 0.22087912087912087 0.29305555555555557
0 0.21373626373626373 0.290625 0.03956043956043956 0.04513888888888889
0 0.11593406593406594 0.1642361111111111 0.031868131868131866 0.027083333333333334
0 0.11401098901098901 0.1625 0.18076923076923077 0.22083333333333335
0 0.3510989010989011 0.45937500000000003 0.22197802197802197 0.28541666666666665
0 0.42857142857142855 0.5638888888888889 0.3098901098901099 0.40694444444444444
0 0.31758241758241756 0.42083333333333334 0.5054945054945055 0.6472222222222223
0 0.44258241758241756 0.5770833333333334 0.1697802197802198 0.2263888888888889
0 0.46291208791208793 0.5989583333333334 0.5192307692307693 0.65625
0 0.3098901098901099 0.4041666666666667 0.20659340659340658 0.2513888888888889
