0 0.25384615384615383 0.34652777777777777 0.038461538461538464 0.043055555555555555
0 0.15934065934065933 0.22604166666666667 0.024175824175824177 0.03958333333333333
0 0.23736263736263735 0.32430555555555557 0.15824175824175823 0.19861111111111113
0 0.3464285714285714 0.45659722222222227 0.3565934065934066 0.44375000000000003
0 0.4662087912087912 0.6149305555555555 0.3412087912087912 0.4131944444444445
0 0.4631868131868132 0.6145833333333334 0.2010989010989011 0.25277777777777777
0 0.5071428571428571 0.6663194444444445 0.5263736263736264 0.6770833333333334
0 0.41510989010989013 0.5486111111111112 0.6631868131868132 0.85
0 0.4087912087912088 0.5395833333333333 0.6406593406593406 0.8166666666666667
0 0.6365384615384615 0.8236111111111112 0.24670329670329672 0.29583333333333334
0 0.6785714285714286 0.8833333333333334 0.12527472527472527 0.15833333333333333
0 0.7538461538461538 0.9774305555555556 0.2923076923076923 0.36458333333333337
0 0.5065934065934066 0.6649305555555556 0.29120879120879123 0.35347222222222224
0 0.49615384615384617 0.6527777777777778 0.27912087912087913 0.35833333333333334
0 0.4945054945054945 0.6493055555555556 0.2714285714285714 0.3458333333333333
0 0.3931318681318681 0.5211805555555555 0.42142857142857143 0.5284722222222222
0 0.385989010989011 0.5163194444444444 0.4247252747252747 0.5381944444444444
0 0.3964285714285714 0.5274305555555556 0.3587912087912088 0.4590277777777778
