0 0.1392857142857143 0.19305555555555556 0.056593406593406594 0.0625
0 0.14065934065934066 0.19791666666666669 0.1758241758241758 0.21666666666666667
0 0.1381868131868132 0.18993055555555557 0.19725274725274725 0.2590277777777778
0 0.1574175824175824 0.21458333333333335 0.22582417582417583 0.27361111111111114
0 0.3269230769230769 0.42673611111111115 0.11098901098901098 0.15347222222222223
0 0.26675824175824175 0.35000000000000003 0.19285714285714287 0.2513888888888889
0 0.38351648351648354 0.5055555555555555 0.16263736263736264 0.20972222222222223
0 0.4217032967032967 0.5510416666666667 0.5840659340659341 0.7451388888888889
0 0.4043956043956044 0.5263888888888889 0.6604395604395604 0.8222222222222223
0 0.41016483516483515 0.53125 0.6598901098901099 0.8277777777777778
0 0.6288461538461538 0.8138888888888889 0.1620879120879121 0.20555555555555557
0 0.7063186813186814 0.9086805555555556 0.29395604395604397 0.36597222222222225
0 0.5991758241758242 0.7746527777777779 0.4291208791208791 0.5493055555555556
0 0.6054945054945055 0.7815972222222223 0.44175824175824174 0.5548611111111111
0 0.7071428571428572 0.9121527777777778 0.3923076923076923 0.4826388888888889
0 0.42527472527472526 0.5517361111111111 0.14835164835164835 0.19791666666666669
0 0.40906593406593406 0.5333333333333333 0.09725274725274725 0.12083333333333333
0 0.48543956043956044 0.6305555555555555 0.21153846153846154 0.2777777777777778
0 0.3475274725274725 0.45381944444444444 0.2653846153846154 0.34652777777777777
0 0.25054945054945055 0.3350694444444445 0.34505494505494505 0.45208333333333334
0 0.3532967032967033 0.4586805555555556 0.25164835164835164 0.32708333333333334
