0 0.24945054945054945 0.33125 0.20549450549450549 0.25416666666666665
0 0.2337912087912088 0.3072916666666667 0.1478021978021978 0.18541666666666667
0 0.225 0.2951388888888889 0.2510989010989011 0.3138888888888889
0 0.21346153846153845 0.2888888888888889 0.27307692307692305 0.3416666666666667
0 0.21923076923076923 0.29375 0.26593406593406593 0.3236111111111111
0 0.3799450549450549 0.5013888888888889 0.13351648351648351 0.18194444444444446
0 0.2684065934065934 0.3493055555555556 0.22142857142857142 0.275
0 0.41785714285714287 0.5375 0.2917582417582418 0.36388888888888893
0 0.3991758241758242 0.5208333333333334 0.31043956043956045 0.4041666666666667
0 0.4835164835164835 0.6361111111111112 0.46373626373626375 0.5833333333333334
0 0.45274725274725275 0.5888888888888889 0.521978021978022 0.6430555555555556
0 0.4368131868131868 0.5722222222222223 0.5725274725274725 0.725
0 0.44835164835164837 0.5805555555555556 0.5098901098901099 0.6472222222222223
0 0.5771978021978021 0.75 0.5313186813186813 0.6875
0 0.6296703296703297 0.810763888888889 0.13406593406593406 0.16736111111111113
0 0.6815934065934066 0.8743055555555556 0.16758241758241757 0.20416666666666666
0 0.6513736263736264 0.8350694444444445 0.13351648351648351 0.17708333333333334
0 0.743956043956044 0.9552083333333333 0.29010989010989013 0.3548611111111111
0 0.45714285714285713 0.59375 0.1054945054945055 0.12361111111111112
0 0.5288461538461539 0.6871527777777778 0.13021978021978023 0.16597222222222222
0 0.5958791208791209 0.76875 0.046703296703296704 0.05694444444444444
0 0.5917582417582418 0.763888888888889 0.03626373626373627 0.051388888888888894
0 0.2815934065934066 0.3736111111111111 0.42142857142857143 0.5472222222222223
0 0.29010989010989013 0.3840277777777778 0.4582417582417582 0.5944444444444444
0 0.40054945054945057 0.5239583333333333 0.5131868131868131 0.6520833333333333
0 0.6096153846153847 0.7829861111111112 0.17857142857142858 0.22847222222222224
