0 0.2914835164835165 0.3909722222222222 0.09725274725274725 0.11805555555555557
0 0.2695054945054945 0.35659722222222223 0.18076923076923077 0.22986111111111113
0 0.41346153846153844 0.5336805555555556 0.20714285714285716 0.25625000000000003
0 0.29120879120879123 0.38159722222222225 0.41098901098901097 0.5201388888888889
0 0.4340659340659341 0.5708333333333333 0.7241758241758242 0.9152777777777779
0 0.46016483516483514 0.6010416666666667 0.7456043956043956 0.9645833333333333
0 0.4612637362637363 0.6024305555555556 0.5467032967032966 0.6854166666666667
0 0.4318681318681319 0.5677083333333334 0.5714285714285714 0.7131944444444445
0 0.45879120879120877 0.5954861111111112 0.08571428571428572 0.12013888888888889
0 0.493956043956044 0.638888888888889 0.12307692307692308 0.15972222222222224
0 0.5906593406593407 0.7614583333333333 0.012087912087912088 0.0076388888888888895
0 0.529945054945055 0.6829861111111112 0.07857142857142857 0.10625
0 0.26675824175824175 0.35381944444444446 0.08516483516483517 0.11736111111111111
0 0.17747252747252748 0.24270833333333333 0.17692307692307693 0.20486111111111113
0 0.23214285714285715 0.30694444444444446 0.1489010989010989 0.1875
0 0.23763736263736263 0.31527777777777777 0.2445054945054945 0.3027777777777778
0 0.2 0.27222222222222225 0.26263736263736265 0.3388888888888889
0 0.28324175824175823 0.3746527777777778 0.4401098901098901 0.5701388888888889
0 0.3758241758241758 0.48750000000000004 0.4956043956043956 0.6305555555555555
0 0.4087912087912088 0.5298611111111111 0.5043956043956044 0.625
0 0.6804945054945055 0.8746527777777778 0.16758241758241757 0.20486111111111113
0 0.7403846153846154 0.9500000000000001 0.30494505494505497 0.3875
0 0.6288461538461538 0.8111111111111111 0.13351648351648351 0.16527777777777777
0 0.6293956043956044 0.8142361111111112 0.1478021978021978 0.18958333333333335
0 0.646978021978022 0.8336805555555555 0.1434065934065934 0.18680555555555556
