0 0.4167582417582418 0.5388888888888889 0.2412087912087912 0.3
0 0.2914835164835165 0.38819444444444445 0.09835164835164835 0.11944444444444445
0 0.26895604395604394 0.35659722222222223 0.18186813186813186 0.22708333333333333
0 0.28324175824175823 0.3697916666666667 0.40054945054945057 0.5034722222222222
0 0.20027472527472528 0.26979166666666665 0.2620879120879121 0.34652777777777777
0 0.23653846153846153 0.31527777777777777 0.2434065934065934 0.3
0 0.2315934065934066 0.3079861111111111 0.1478021978021978 0.18680555555555556
0 0.20796703296703298 0.28194444444444444 0.08736263736263736 0.09444444444444444
0 0.16538461538461538 0.22743055555555555 0.06373626373626373 0.08125
0 0.4612637362637363 0.6038194444444445 0.5554945054945055 0.6881944444444444
0 0.42142857142857143 0.5548611111111111 0.6681318681318681 0.851388888888889
0 0.439010989010989 0.5770833333333334 0.7285714285714285 0.9319444444444445
0 0.4318681318681319 0.5680555555555555 0.5714285714285714 0.7138888888888889
0 0.6810439560439561 0.8756944444444444 0.16648351648351647 0.20416666666666666
0 0.7412087912087912 0.9579861111111111 0.3065934065934066 0.3826388888888889
0 0.6719780219780219 0.867013888888889 0.13736263736263737 0.18680555555555556
0 0.6291208791208791 0.8104166666666667 0.13296703296703297 0.16666666666666669
0 0.6678571428571428 0.8590277777777778 0.1532967032967033 0.17777777777777778
0 0.5928571428571429 0.7645833333333334 0.008791208791208791 0.008333333333333333
0 0.5967032967032967 0.7701388888888889 0.05934065934065934 0.06944444444444445
0 0.5348901098901099 0.6909722222222222 0.12032967032967033 0.1638888888888889
0 0.4596153846153846 0.5961805555555556 0.08956043956043956 0.12291666666666667
0 0.3813186813186813 0.5041666666666667 0.5274725274725275 0.6625
0 0.3739010989010989 0.49062500000000003 0.49615384615384617 0.6326388888888889
0 0.28076923076923077 0.3736111111111111 0.44175824175824174 0.5680555555555555
