0 0.13104395604395605 0.17881944444444445 0.20494505494505494 0.2590277777777778
0 0.20906593406593407 0.2798611111111111 0.2664835164835165 0.34861111111111115
0 0.2230769230769231 0.30069444444444443 0.14285714285714285 0.17777777777777778
0 0.23406593406593407 0.3090277777777778 0.13296703296703297 0.1736111111111111
0 0.26483516483516484 0.35347222222222224 0.06373626373626373 0.09305555555555556
0 0.41785714285714287 0.5413194444444445 0.2675824175824176 0.3479166666666667
0 0.29917582417582417 0.39687500000000003 0.2302197802197802 0.30625
0 0.25247252747252746 0.34097222222222223 0.160989010989011 0.2013888888888889
0 0.44752747252747255 0.5840277777777778 0.6192307692307693 0.7722222222222223
0 0.44560439560439563 0.5756944444444445 0.5197802197802198 0.6513888888888889
0 0.5491758241758242 0.717013888888889 0.47527472527472525 0.6173611111111111
0 0.5513736263736264 0.7190972222222223 0.7291208791208791 0.9187500000000001
0 0.5870879120879121 0.7600694444444445 0.1357142857142857 0.17430555555555557
0 0.5255494505494506 0.6809027777777779 0.23461538461538461 0.28125
0 0.5387362637362637 0.696875 0.21923076923076923 0.26458333333333334
0 0.45384615384615384 0.592013888888889 0.08571428571428572 0.12013888888888889
0 0.6689560439560439 0.8600694444444444 0.15219780219780218 0.1840277777777778
0 0.6854395604395604 0.8805555555555555 0.1697802197802198 0.20555555555555557
0 0.6299450549450549 0.8128472222222223 0.1357142857142857 0.16597222222222222
0 0.7436813186813187 0.9545138888888889 0.3302197802197802 0.4048611111111111
0 0.2945054945054945 0.38993055555555556 0.4736263736263736 0.6118055555555556
0 0.37747252747252746 0.4930555555555556 0.5274725274725275 0.6694444444444445
0 0.43956043956043955 0.571875 0.3901098901098901 0.4756944444444445
0 0.2456043956043956 0.3236111111111111 0.2725274725274725 0.3458333333333333
0 0.6563186813186813 0.8434027777777778 0.14560439560439561 0.17291666666666666
0 0.44285714285714284 0.5826388888888889 0.5494505494505495 0.6930555555555555
0 0.506043956043956 0.6513888888888889 0.03406593406593406 0.05277777777777778
0 0.5585164835164835 0.721875 0.07637362637362638 0.10069444444444445
