0 0.19697802197802197 0.27881944444444445 0.07747252747252747 0.10208333333333333
0 0.20247252747252747 0.28125 0.03791208791208791 0.05416666666666667
0 0.20961538461538462 0.290625 0.028021978021978023 0.04652777777777778
0 0.42967032967032964 0.5631944444444444 0.21428571428571427 0.2847222222222222
0 0.4697802197802198 0.6166666666666667 0.2923076923076923 0.3763888888888889
0 0.5370879120879121 0.7097222222222223 0.10934065934065934 0.14166666666666666
0 0.560989010989011 0.7381944444444445 0.04065934065934066 0.04027777777777778
0 0.5447802197802197 0.7128472222222223 0.07087912087912088 0.07986111111111112
0 0.3769230769230769 0.5041666666666667 0.3230769230769231 0.4291666666666667
0 0.40192307692307694 0.5392361111111111 0.19725274725274725 0.24791666666666667
0 0.31346153846153846 0.4236111111111111 0.32472527472527474 0.4236111111111111
0 0.6692307692307692 0.8725694444444445 0.23626373626373626 0.27569444444444446
0 0.6590659340659341 0.8552083333333333 0.2631868131868132 0.3159722222222222
0 0.328021978021978 0.4447916666666667 0.38571428571428573 0.5020833333333333
0 0.6706043956043956 0.8729166666666667 0.40934065934065933 0.4986111111111111
