0 0.29505494505494506 0.3993055555555556 0.024175824175824177 0.018055555555555557
0 0.1620879120879121 0.22986111111111113 0.010989010989010988 0.016666666666666666
0 0.1585164835164835 0.22291666666666668 0.0038461538461538464 0.002777777777777778
0 0.37142857142857144 0.4899305555555556 0.34615384615384615 0.4465277777777778
0 0.442032967032967 0.5829861111111111 0.39505494505494504 0.47847222222222224
0 0.4519230769230769 0.5902777777777778 0.3697802197802198 0.45833333333333337
0 0.41346153846153844 0.5434027777777778 0.6324175824175824 0.7784722222222222
0 0.41923076923076924 0.5517361111111111 0.6 0.7423611111111111
0 0.4991758241758242 0.6541666666666667 0.7807692307692308 0.9805555555555556
0 0.7398351648351649 0.9572916666666667 0.1532967032967033 0.21041666666666667
0 0.6167582417582418 0.8059027777777779 0.2664835164835165 0.32430555555555557
0 0.640934065934066 0.8315972222222222 0.16428571428571428 0.19236111111111112
0 0.5115384615384615 0.6739583333333333 0.01978021978021978 0.02847222222222222
0 0.5824175824175825 0.7621527777777778 0.12637362637362637 0.15625
0 0.5478021978021979 0.7173611111111111 0.26483516483516484 0.34305555555555556
0 0.4010989010989011 0.53125 0.421978021978022 0.5333333333333333
0 0.3931318681318681 0.5222222222222223 0.4478021978021978 0.5486111111111112
0 0.26565934065934066 0.3590277777777778 0.41593406593406596 0.5458333333333334
