0 0.15686813186813187 0.2215277777777778 0.05879120879120879 0.06805555555555556
0 0.14862637362637363 0.21354166666666669 0.019230769230769232 0.024305555555555556
0 0.1673076923076923 0.23819444444444446 0.04450549450549451 0.051388888888888894
0 0.35302197802197804 0.4673611111111111 0.4126373626373626 0.5277777777777778
0 0.42527472527472526 0.5552083333333333 0.389010989010989 0.4840277777777778
0 0.40054945054945057 0.534375 0.13736263736263737 0.17569444444444446
0 0.4574175824175824 0.5993055555555555 0.7587912087912088 0.9652777777777778
0 0.4510989010989011 0.5927083333333334 0.756043956043956 0.9381944444444444
0 0.4381868131868132 0.576388888888889 0.7521978021978022 0.9638888888888889
0 0.6321428571428571 0.8190972222222223 0.30604395604395607 0.3923611111111111
0 0.7601648351648351 0.9885416666666667 0.2598901098901099 0.32569444444444445
0 0.7565934065934066 0.9847222222222223 0.24175824175824176 0.30694444444444446
0 0.5469780219780219 0.7177083333333334 0.2510989010989011 0.3145833333333333
0 0.5395604395604395 0.7097222222222223 0.26373626373626374 0.33333333333333337
0 0.5239010989010989 0.6895833333333333 0.2752747252747253 0.34444444444444444
0 0.37032967032967035 0.49618055555555557 0.5131868131868131 0.6368055555555556
0 0.3467032967032967 0.4684027777777778 0.24505494505494504 0.31736111111111115
0 0.32994505494505494 0.44201388888888893 0.43131868131868134 0.5409722222222222
