0 0.1739010989010989 0.24409722222222224 0.12582417582417582 0.16597222222222222
0 0.14945054945054945 0.21458333333333335 0.01868131868131868 0.030555555555555558
0 0.28983516483516486 0.3944444444444445 0.014835164835164835 0.009722222222222222
0 0.4728021978021978 0.6263888888888889 0.33791208791208793 0.4138888888888889
0 0.4118131868131868 0.5434027777777778 0.33901098901098903 0.43125
0 0.5417582417582417 0.7059027777777778 0.656043956043956 0.8395833333333333
0 0.42115384615384616 0.5559027777777777 0.37747252747252746 0.48541666666666666
0 0.4824175824175824 0.6350694444444445 0.7197802197802198 0.9173611111111112
0 0.45576923076923076 0.5989583333333334 0.7752747252747253 0.9951388888888889
0 0.625 0.8184027777777778 0.2357142857142857 0.2881944444444445
0 0.6656593406593406 0.86875 0.3862637362637363 0.4902777777777778
0 0.6802197802197802 0.8756944444444444 0.3956043956043956 0.5097222222222222
0 0.47774725274725277 0.6298611111111111 0.1532967032967033 0.18611111111111112
0 0.5945054945054945 0.7829861111111112 0.13076923076923078 0.16875
0 0.5884615384615385 0.7722222222222223 0.15934065934065933 0.18888888888888888
0 0.3964285714285714 0.5267361111111112 0.46098901098901096 0.5701388888888889
0 0.33076923076923076 0.44270833333333337 0.4593406593406593 0.5923611111111111
0 0.38434065934065936 0.5118055555555556 0.26978021978021977 0.3597222222222222
