0 0.1554945054945055 0.22083333333333335 0.07582417582417582 0.09583333333333334
0 0.18873626373626373 0.2642361111111111 0.01703296703296703 0.013194444444444444
0 0.14917582417582417 0.21458333333333335 0.028021978021978023 0.04027777777777778
0 0.3964285714285714 0.53125 0.4423076923076923 0.5611111111111111
0 0.425 0.5565972222222223 0.3862637362637363 0.4881944444444445
0 0.43543956043956045 0.5746527777777778 0.33681318681318684 0.4326388888888889
0 0.5315934065934066 0.6944444444444444 0.7565934065934066 0.9458333333333334
0 0.4604395604395604 0.6038194444444445 0.7736263736263737 0.9854166666666667
0 0.46263736263736266 0.6079861111111111 0.7648351648351648 0.9770833333333334
0 0.6546703296703297 0.853125 0.382967032967033 0.49930555555555556
0 0.6865384615384615 0.8868055555555556 0.3467032967032967 0.43472222222222223
0 0.737912087912088 0.9552083333333333 0.14505494505494507 0.18958333333333335
0 0.5101648351648351 0.6694444444444445 0.2489010989010989 0.32916666666666666
0 0.48406593406593407 0.6395833333333334 0.24505494505494504 0.3180555555555556
0 0.44945054945054946 0.5951388888888889 0.09230769230769231 0.1125
0 0.321978021978022 0.4309027777777778 0.2923076923076923 0.3506944444444445
0 0.3587912087912088 0.4774305555555556 0.3131868131868132 0.3784722222222222
0 0.40714285714285714 0.5427083333333333 0.4197802197802198 0.5243055555555556
