0 0.3211538461538462 0.43368055555555557 0.32472527472527474 0.4215277777777778
0 0.4085164835164835 0.5381944444444444 0.3840659340659341 0.4902777777777778
0 0.475 0.6253472222222223 0.25 0.3145833333333333
0 0.26373626373626374 0.3607638888888889 0.04395604395604395 0.043750000000000004
0 0.15686813186813187 0.22187500000000002 0.03571428571428571 0.05486111111111111
0 0.15247252747252749 0.22187500000000002 0.0016483516483516484 0.0076388888888888895
0 0.5041208791208791 0.6638888888888889 0.593956043956044 0.7402777777777778
0 0.45879120879120877 0.6024305555555556 0.5395604395604395 0.6729166666666667
0 0.4576923076923077 0.6048611111111112 0.610989010989011 0.7736111111111111
0 0.6807692307692308 0.8822916666666667 0.11428571428571428 0.1423611111111111
0 0.6785714285714286 0.8833333333333334 0.12527472527472527 0.1527777777777778
0 0.6747252747252748 0.8819444444444445 0.13626373626373625 0.16944444444444445
0 0.5967032967032967 0.7829861111111112 0.08681318681318681 0.11041666666666668
0 0.5313186813186813 0.6996527777777778 0.2175824175824176 0.26875
0 0.496978021978022 0.6572916666666667 0.27307692307692305 0.3548611111111111
0 0.36675824175824173 0.4902777777777778 0.49835164835164836 0.6166666666666667
0 0.35631868131868133 0.48055555555555557 0.48406593406593407 0.6097222222222223
0 0.30521978021978025 0.41423611111111114 0.2357142857142857 0.29375
