0 0.39697802197802196 0.5201388888888889 0.3269230769230769 0.4027777777777778
0 0.2703296703296703 0.35520833333333335 0.4978021978021978 0.6159722222222223
0 0.22087912087912087 0.2965277777777778 0.23076923076923078 0.28750000000000003
0 0.1271978021978022 0.17326388888888888 0.03791208791208791 0.03958333333333333
0 0.1989010989010989 0.2725694444444445 0.07692307692307693 0.09791666666666667
0 0.210989010989011 0.2815972222222222 0.014285714285714285 0.017361111111111112
0 0.26071428571428573 0.3402777777777778 0.19395604395604396 0.24583333333333335
0 0.3184065934065934 0.4173611111111111 0.4467032967032967 0.5736111111111112
0 0.41510989010989013 0.5392361111111111 0.3203296703296703 0.3993055555555556
0 0.43873626373626373 0.5684027777777778 0.5368131868131868 0.6673611111111112
0 0.43846153846153846 0.5680555555555555 0.6505494505494506 0.8305555555555556
0 0.40934065934065933 0.5284722222222222 0.6516483516483517 0.8208333333333334
0 0.4197802197802198 0.5434027777777778 0.7021978021978021 0.8979166666666667
0 0.5153846153846153 0.6673611111111112 0.778021978021978 0.9902777777777778
0 0.5598901098901099 0.721875 0.7384615384615385 0.945138888888889
0 0.4868131868131868 0.628125 0.7846153846153846 0.9840277777777778
0 0.7043956043956044 0.9076388888888889 0.3923076923076923 0.4861111111111111
0 0.701098901098901 0.9027777777777778 0.37142857142857144 0.4527777777777778
0 0.5895604395604396 0.7569444444444444 0.17912087912087912 0.21666666666666667
0 0.5840659340659341 0.7506944444444444 0.2098901098901099 0.27222222222222225
0 0.6101648351648352 0.7885416666666667 0.3027472527472527 0.3909722222222222
0 0.7131868131868132 0.9208333333333334 0.16263736263736264 0.21944444444444444
0 0.4379120879120879 0.5690972222222223 0.13846153846153847 0.17152777777777778
0 0.46373626373626375 0.6034722222222223 0.038461538461538464 0.05555555555555556
0 0.5796703296703297 0.7472222222222222 0.09010989010989011 0.10833333333333334
0 0.2925824175824176 0.38125000000000003 0.2653846153846154 0.32916666666666666
