0 0.3150390625 0.58125 0.015234375000000001 0.030555555555555558
0 0.22128906250000002 0.41145833333333337 0.012109375 0.03819444444444445
0 0.21503906250000002 0.4013888888888889 0.005078125 0.0
0 0.17011718750000002 0.321875 0.158203125 0.2701388888888889
0 0.17343750000000002 0.3295138888888889 0.18515625000000002 0.3298611111111111
0 0.133203125 0.2555555555555556 0.07578125000000001 0.11944444444444445
0 0.349609375 0.6385416666666667 0.24296875 0.42986111111111114
0 0.294140625 0.5430555555555556 0.21406250000000002 0.39583333333333337
0 0.26894531250000003 0.49618055555555557 0.376953125 0.65625
0 0.28671875 0.5277777777777778 0.38906250000000003 0.6805555555555556
0 0.29531250000000003 0.5461805555555556 0.50546875 0.8881944444444445
0 0.453125 0.8243055555555556 0.26640625 0.45972222222222225
0 0.39277343750000004 0.7204861111111112 0.20664062500000002 0.3451388888888889
0 0.33613281250000004 0.6159722222222223 0.219140625 0.375
0 0.5083984375 0.9260416666666667 0.083984375 0.16041666666666668
0 0.5212890625000001 0.9510416666666667 0.070703125 0.11736111111111111
0 0.5066406250000001 0.9222222222222223 0.01640625 0.03194444444444445
0 0.537109375 0.9756944444444445 0.49843750000000003 0.8680555555555556
0 0.50546875 0.9222222222222223 0.5078125 0.9097222222222222
0 0.475390625 0.8642361111111111 0.49843750000000003 0.9020833333333333
0 0.5431640625 0.9868055555555556 0.409765625 0.7208333333333333
