0 0.17884615384615385 0.25104166666666666 0.09065934065934066 0.12986111111111112
0 0.264010989010989 0.36041666666666666 0.043406593406593405 0.043055555555555555
0 0.15714285714285714 0.22187500000000002 0.035164835164835165 0.05486111111111111
0 0.3222527472527473 0.4354166666666667 0.3269230769230769 0.425
0 0.4087912087912088 0.5375 0.38351648351648354 0.4902777777777778
0 0.4747252747252747 0.625 0.24945054945054945 0.3138888888888889
0 0.5041208791208791 0.6645833333333333 0.5928571428571429 0.7388888888888889
0 0.4563186813186813 0.6020833333333333 0.5401098901098901 0.6722222222222223
0 0.4576923076923077 0.6052083333333333 0.6087912087912087 0.7743055555555556
0 0.675 0.8809027777777778 0.1401098901098901 0.16736111111111113
0 0.6810439560439561 0.8829861111111111 0.11263736263736264 0.14097222222222222
0 0.6782967032967033 0.8836805555555556 0.12692307692307692 0.15347222222222223
0 0.5956043956043956 0.7826388888888889 0.0989010989010989 0.10416666666666667
0 0.5321428571428571 0.7000000000000001 0.21703296703296704 0.2652777777777778
0 0.4978021978021978 0.6579861111111112 0.2725274725274725 0.35347222222222224
0 0.37445054945054945 0.49722222222222223 0.48846153846153845 0.6
0 0.35631868131868133 0.4791666666666667 0.48406593406593407 0.6083333333333334
0 0.3813186813186813 0.5076388888888889 0.26153846153846155 0.3513888888888889
