0 0.2620879120879121 0.3572916666666667 0.06483516483516484 0.07291666666666667
0 0.29203296703296705 0.39687500000000003 0.03791208791208791 0.050694444444444445
0 0.18076923076923077 0.2513888888888889 0.07472527472527472 0.10416666666666667
0 0.40714285714285714 0.5322916666666667 0.378021978021978 0.4881944444444445
0 0.42747252747252745 0.5670138888888889 0.14725274725274726 0.19930555555555557
0 0.36840659340659343 0.48923611111111115 0.1412087912087912 0.17569444444444446
0 0.5104395604395604 0.6694444444444445 0.6725274725274726 0.8527777777777779
0 0.42857142857142855 0.5635416666666667 0.7318681318681318 0.9409722222222222
0 0.4423076923076923 0.5795138888888889 0.7549450549450549 0.9395833333333333
0 0.6810439560439561 0.8854166666666667 0.1346153846153846 0.17222222222222222
0 0.6744505494505495 0.873263888888889 0.12362637362637363 0.15763888888888888
0 0.7392857142857143 0.9559027777777778 0.3620879120879121 0.43819444444444444
0 0.5093406593406593 0.6704861111111111 0.017582417582417582 0.025694444444444447
0 0.43873626373626373 0.5805555555555556 0.11043956043956044 0.12916666666666668
0 0.5002747252747253 0.6600694444444445 0.2631868131868132 0.3145833333333333
0 0.3840659340659341 0.5097222222222222 0.44065934065934065 0.5402777777777777
0 0.3637362637362637 0.48506944444444444 0.4868131868131868 0.6340277777777779
0 0.2925824175824176 0.39166666666666666 0.45879120879120877 0.6
