0 0.45274725274725275 0.596875 0.5087912087912088 0.6298611111111111
0 0.46153846153846156 0.6045138888888889 0.5560439560439561 0.7090277777777778
0 0.44642857142857145 0.584375 0.5510989010989011 0.6923611111111111
0 0.5739010989010989 0.7493055555555556 0.5093406593406593 0.6555555555555556
0 0.7428571428571429 0.9576388888888889 0.3054945054945055 0.3902777777777778
0 0.6818681318681319 0.8763888888888889 0.16813186813186815 0.20555555555555557
0 0.6914835164835165 0.8902777777777778 0.1565934065934066 0.20555555555555557
0 0.6543956043956044 0.84375 0.15274725274725276 0.18888888888888888
0 0.6304945054945055 0.810763888888889 0.1357142857142857 0.1701388888888889
0 0.4645604395604396 0.6020833333333333 0.11153846153846154 0.13194444444444445
0 0.5096153846153846 0.6597222222222222 0.128021978021978 0.16666666666666669
0 0.5126373626373626 0.6680555555555556 0.11868131868131868 0.15694444444444444
0 0.4370879120879121 0.5711805555555556 0.128021978021978 0.16041666666666668
0 0.37554945054945055 0.4930555555555556 0.2357142857142857 0.3013888888888889
0 0.3802197802197802 0.4979166666666667 0.5 0.638888888888889
0 0.28598901098901097 0.3809027777777778 0.4445054945054945 0.5826388888888889
0 0.2043956043956044 0.27083333333333337 0.2725274725274725 0.3402777777777778
0 0.21236263736263736 0.2857638888888889 0.2631868131868132 0.32430555555555557
0 0.14423076923076922 0.20069444444444445 0.036813186813186814 0.05277777777777778
0 0.1458791208791209 0.20277777777777778 0.06208791208791209 0.09444444444444444
0 0.2695054945054945 0.35833333333333334 0.18186813186813186 0.23055555555555557
0 0.27554945054945057 0.3704861111111111 0.1445054945054945 0.19652777777777777
0 0.38653846153846155 0.5024305555555556 0.12692307692307692 0.16736111111111113
0 0.27692307692307694 0.36215277777777777 0.35824175824175825 0.45625000000000004
0 0.4826923076923077 0.623263888888889 0.12252747252747252 0.15347222222222223
