0 0.2629120879120879 0.36006944444444444 0.04450549450549451 0.043750000000000004
0 0.15714285714285714 0.22291666666666668 0.03736263736263736 0.05416666666666667
0 0.15137362637362636 0.21840277777777778 0.02032967032967033 0.021527777777777778
0 0.32142857142857145 0.4329861111111111 0.3230769230769231 0.42291666666666666
0 0.40934065934065933 0.5378472222222223 0.38461538461538464 0.48958333333333337
0 0.475 0.6246527777777778 0.25 0.3145833333333333
0 0.5054945054945055 0.6642361111111111 0.5901098901098901 0.7368055555555556
0 0.4576923076923077 0.6041666666666667 0.6098901098901099 0.775
0 0.4585164835164835 0.6038194444444445 0.539010989010989 0.6729166666666667
0 0.6785714285714286 0.8805555555555555 0.11538461538461539 0.14305555555555557
0 0.6782967032967033 0.8840277777777779 0.12472527472527473 0.15416666666666667
0 0.673901098901099 0.8805555555555555 0.13351648351648351 0.16944444444444445
0 0.592032967032967 0.7809027777777778 0.11813186813186813 0.15069444444444444
0 0.5197802197802198 0.6829861111111112 0.2725274725274725 0.3298611111111111
0 0.5266483516483517 0.6958333333333334 0.28186813186813187 0.3513888888888889
0 0.3629120879120879 0.4857638888888889 0.49945054945054945 0.6215277777777778
0 0.35631868131868133 0.4798611111111111 0.48516483516483516 0.6097222222222223
0 0.2612637362637363 0.35833333333333334 0.32252747252747255 0.3902777777777778
