0 0.17967032967032967 0.25416666666666665 0.17032967032967034 0.23611111111111113
0 0.19642857142857142 0.2704861111111111 0.18186813186813186 0.24375000000000002
0 0.20137362637362638 0.28368055555555555 0.1565934065934066 0.20486111111111113
0 0.36346153846153845 0.48506944444444444 0.37967032967032965 0.49097222222222225
0 0.35302197802197804 0.46875 0.5719780219780219 0.7347222222222223
0 0.4043956043956044 0.5368055555555555 0.5923076923076923 0.7402777777777778
0 0.47445054945054943 0.6253472222222223 0.1554945054945055 0.17708333333333334
0 0.6134615384615385 0.8020833333333334 0.18186813186813186 0.25277777777777777
0 0.6068681318681318 0.7961805555555556 0.08406593406593407 0.10902777777777778
0 0.7464285714285714 0.9649305555555556 0.21153846153846154 0.2520833333333333
0 0.6986263736263736 0.9086805555555556 0.3675824175824176 0.4715277777777778
0 0.5282967032967033 0.6913194444444445 0.49725274725274726 0.6298611111111111
0 0.4013736263736264 0.5319444444444444 0.5763736263736263 0.725
0 0.40576923076923077 0.5437500000000001 0.6247252747252747 0.8111111111111111
0 0.3151098901098901 0.42430555555555555 0.2532967032967033 0.31527777777777777
0 0.23131868131868133 0.3180555555555556 0.20549450549450549 0.27361111111111114
0 0.2357142857142857 0.3211805555555556 0.23626373626373626 0.30347222222222225
