0 0.4173076923076923 0.546875 0.25659340659340657 0.32569444444444445
0 0.4472527472527473 0.5875 0.1934065934065934 0.2652777777777778
0 0.3837912087912088 0.5128472222222222 0.4554945054945055 0.5895833333333333
0 0.44065934065934065 0.5850694444444444 0.6835164835164835 0.8701388888888889
0 0.4489010989010989 0.5927083333333334 0.7494505494505495 0.9548611111111112
0 0.46401098901098903 0.609375 0.760989010989011 0.9590277777777778
0 0.6414835164835165 0.8395833333333333 0.33901098901098903 0.40694444444444444
0 0.5956043956043956 0.7774305555555556 0.08131868131868132 0.10902777777777778
0 0.6010989010989011 0.7878472222222223 0.038461538461538464 0.03402777777777778
0 0.6046703296703296 0.7937500000000001 0.053296703296703295 0.05694444444444444
0 0.39368131868131867 0.5239583333333333 0.25 0.2951388888888889
0 0.3717032967032967 0.5003472222222223 0.19945054945054946 0.24791666666666667
0 0.24862637362637363 0.3402777777777778 0.01703296703296703 0.03194444444444445
0 0.24313186813186813 0.3315972222222222 0.008241758241758242 0.010416666666666668
0 0.2206043956043956 0.3027777777777778 0.11043956043956044 0.15833333333333333
0 0.29725274725274725 0.40381944444444445 0.2923076923076923 0.36875
