0 0.4826923076923077 0.6277777777777778 0.11373626373626373 0.15
0 0.41923076923076924 0.5434027777777778 0.03736263736263736 0.03819444444444445
0 0.4032967032967033 0.5319444444444444 0.1934065934065934 0.25416666666666665
0 0.40384615384615385 0.5274305555555556 0.23736263736263735 0.30208333333333337
0 0.43434065934065935 0.5631944444444444 0.5379120879120879 0.6694444444444445
0 0.4513736263736264 0.5951388888888889 0.7598901098901099 0.9583333333333334
0 0.5324175824175824 0.6916666666666667 0.7802197802197802 0.9736111111111111
0 0.6939560439560439 0.8927083333333333 0.15604395604395604 0.19375
0 0.6337912087912088 0.8173611111111111 0.16538461538461538 0.20277777777777778
0 0.6041208791208791 0.779513888888889 0.19505494505494506 0.23541666666666666
0 0.5903846153846154 0.7652777777777778 0.04120879120879121 0.051388888888888894
0 0.5807692307692308 0.7510416666666667 0.14835164835164835 0.17708333333333334
0 0.35906593406593407 0.4756944444444445 0.37747252747252746 0.48055555555555557
0 0.28846153846153844 0.38125000000000003 0.35274725274725277 0.44583333333333336
0 0.2423076923076923 0.3201388888888889 0.2032967032967033 0.25
0 0.1532967032967033 0.21215277777777777 0.045054945054945054 0.05625
0 0.23214285714285715 0.30972222222222223 0.25 0.3055555555555556
0 0.260989010989011 0.3454861111111111 0.045054945054945054 0.07152777777777779
0 0.22774725274725274 0.30173611111111115 0.1510989010989011 0.20069444444444445
0 0.23543956043956044 0.3111111111111111 0.12472527472527473 0.14722222222222223
0 0.3362637362637363 0.44270833333333337 0.5384615384615384 0.6729166666666667
