0 0.11813186813186813 0.16597222222222222 0.16593406593406593 0.22361111111111112
0 0.13324175824175824 0.18680555555555556 0.02142857142857143 0.03194444444444445
0 0.16126373626373627 0.2232638888888889 0.0489010989010989 0.06319444444444444
0 0.3019230769230769 0.39722222222222225 0.30714285714285716 0.37222222222222223
0 0.37225274725274726 0.4916666666666667 0.2434065934065934 0.3125
0 0.41813186813186815 0.5423611111111112 0.26373626373626374 0.325
0 0.42637362637362636 0.5604166666666667 0.6076923076923076 0.7777777777777778
0 0.5648351648351648 0.7361111111111112 0.5153846153846153 0.6708333333333334
0 0.5739010989010989 0.7465277777777778 0.7181318681318681 0.8958333333333334
0 0.628021978021978 0.810763888888889 0.13846153846153847 0.16319444444444445
0 0.7035714285714286 0.9072916666666667 0.1554945054945055 0.20069444444444445
0 0.6711538461538461 0.865625 0.1489010989010989 0.17291666666666666
0 0.6585164835164835 0.8496527777777778 0.1412087912087912 0.17847222222222223
0 0.5271978021978022 0.6840277777777778 0.0456043956043956 0.06944444444444445
0 0.5107142857142857 0.6652777777777779 0.12582417582417582 0.15555555555555556
0 0.5024725274725275 0.6534722222222222 0.13241758241758242 0.16944444444444445
0 0.5497252747252748 0.7111111111111111 0.19725274725274725 0.24305555555555555
0 0.3651098901098901 0.48194444444444445 0.40934065934065933 0.5180555555555556
0 0.39093406593406593 0.5097222222222222 0.47527472527472525 0.5916666666666667
0 0.29835164835164835 0.39687500000000003 0.26153846153846155 0.3215277777777778
