0 0.4434065934065934 0.5729166666666667 0.510989010989011 0.6472222222222223
0 0.5302197802197802 0.6892361111111112 0.5461538461538461 0.6756944444444445
0 0.5870879120879121 0.7673611111111112 0.6137362637362638 0.7666666666666667
0 0.5681318681318681 0.7399305555555555 0.7032967032967032 0.8715277777777778
0 0.3620879120879121 0.4763888888888889 0.4175824175824176 0.5277777777777778
0 0.29615384615384616 0.39375 0.4142857142857143 0.5375
0 0.2837912087912088 0.37083333333333335 0.15989010989010988 0.20694444444444446
0 0.20934065934065935 0.2809027777777778 0.1813186813186813 0.2423611111111111
0 0.2403846153846154 0.32569444444444445 0.23901098901098902 0.2972222222222222
0 0.23351648351648352 0.3090277777777778 0.13296703296703297 0.17222222222222222
0 0.15714285714285714 0.21284722222222224 0.2021978021978022 0.2423611111111111
0 0.1151098901098901 0.15729166666666666 0.08296703296703296 0.09652777777777778
0 0.32252747252747255 0.4215277777777778 0.07802197802197802 0.10972222222222222
0 0.4565934065934066 0.5902777777777778 0.017582417582417582 0.018055555555555557
0 0.4337912087912088 0.5652777777777778 0.1489010989010989 0.19722222222222224
0 0.596978021978022 0.7725694444444444 0.026923076923076925 0.024305555555555556
0 0.551923076923077 0.7180555555555556 0.21043956043956044 0.25416666666666665
0 0.6302197802197802 0.8121527777777778 0.13516483516483516 0.16597222222222222
0 0.656043956043956 0.8447916666666667 0.14615384615384616 0.18125
0 0.6590659340659341 0.85 0.16428571428571428 0.19444444444444445
0 0.6854395604395604 0.8798611111111111 0.17087912087912088 0.20694444444444446
0 0.7414835164835165 0.9541666666666667 0.32472527472527474 0.41111111111111115
0 0.29642857142857143 0.39340277777777777 0.49065934065934064 0.6104166666666667
0 0.34065934065934067 0.4486111111111111 0.4857142857142857 0.6125
0 0.3675824175824176 0.4798611111111111 0.5263736263736264 0.6708333333333334
