0 0.41785714285714287 0.5416666666666667 0.2521978021978022 0.3194444444444445
0 0.45686813186813185 0.5954861111111112 0.08186813186813187 0.11736111111111111
0 0.5137362637362637 0.6635416666666667 0.13626373626373625 0.16180555555555556
0 0.2692307692307692 0.35833333333333334 0.1813186813186813 0.22777777777777777
0 0.29395604395604397 0.390625 0.0989010989010989 0.12569444444444444
0 0.296978021978022 0.38645833333333335 0.40604395604395604 0.5201388888888889
0 0.46098901098901096 0.6003472222222223 0.5384615384615384 0.6854166666666667
0 0.4461538461538462 0.5854166666666667 0.7164835164835165 0.9222222222222223
0 0.4315934065934066 0.5663194444444445 0.573076923076923 0.7118055555555556
0 0.5370879120879121 0.7034722222222223 0.7302197802197802 0.9152777777777779
0 0.6807692307692308 0.8756944444444444 0.16593406593406593 0.20416666666666666
0 0.7406593406593407 0.953125 0.3054945054945055 0.38680555555555557
0 0.6291208791208791 0.810763888888889 0.13516483516483516 0.16597222222222222
0 0.6247252747252747 0.8059027777777779 0.16483516483516483 0.19375
0 0.6475274725274726 0.8322916666666667 0.1434065934065934 0.18680555555555556
0 0.589010989010989 0.7604166666666667 0.012087912087912088 0.009722222222222222
0 0.4098901098901099 0.5336805555555556 0.5010989010989011 0.6256944444444444
0 0.3758241758241758 0.48784722222222227 0.49230769230769234 0.6326388888888889
0 0.2835164835164835 0.3753472222222222 0.43956043956043955 0.5715277777777777
0 0.15082417582417582 0.20555555555555557 0.2379120879120879 0.2888888888888889
0 0.19423076923076923 0.26284722222222223 0.2434065934065934 0.3201388888888889
0 0.2043956043956044 0.2760416666666667 0.2681318681318681 0.3354166666666667
0 0.2392857142857143 0.315625 0.23241758241758242 0.30347222222222225
0 0.2326923076923077 0.3072916666666667 0.1489010989010989 0.18541666666666667
0 0.4271978021978022 0.553125 0.011538461538461539 0.024305555555555556
