0 0.45357142857142857 0.5909722222222222 0.06978021978021978 0.09305555555555556
0 0.46401098901098903 0.5989583333333334 0.01703296703296703 0.013194444444444444
0 0.5714285714285714 0.7364583333333333 0.07252747252747253 0.08819444444444445
0 0.5510989010989011 0.7097222222222223 0.2098901098901099 0.2555555555555556
0 0.6307692307692307 0.8097222222222222 0.12857142857142856 0.16666666666666669
0 0.6398351648351648 0.8197916666666667 0.1401098901098901 0.1798611111111111
0 0.7071428571428572 0.9065972222222223 0.2153846153846154 0.26458333333333334
0 0.6618131868131868 0.8489583333333334 0.13241758241758242 0.17430555555555557
0 0.5428571428571428 0.7083333333333334 0.46703296703296704 0.6013888888888889
0 0.44065934065934065 0.5708333333333333 0.5175824175824176 0.6638888888888889
0 0.5107142857142857 0.6590277777777778 0.4686813186813187 0.5888888888888889
0 0.47912087912087914 0.6267361111111112 0.656043956043956 0.8340277777777778
0 0.4774725274725275 0.6145833333333334 0.6736263736263737 0.8472222222222222
0 0.4978021978021978 0.6402777777777778 0.6934065934065934 0.8777777777777778
0 0.43324175824175826 0.5666666666666667 0.6961538461538461 0.8583333333333334
0 0.36456043956043954 0.48125 0.39725274725274723 0.513888888888889
0 0.30494505494505497 0.4041666666666667 0.2230769230769231 0.275
0 0.38873626373626374 0.5041666666666667 0.22142857142857142 0.2777777777777778
0 0.26703296703296703 0.34652777777777777 0.17472527472527472 0.22222222222222224
0 0.3510989010989011 0.4572916666666667 0.21868131868131868 0.2673611111111111
0 0.3760989010989011 0.49409722222222224 0.49835164835164836 0.61875
0 0.38543956043956046 0.5038194444444445 0.5236263736263737 0.6590277777777778
0 0.23901098901098902 0.3107638888888889 0.13626373626373625 0.17569444444444446
0 0.22692307692307692 0.3045138888888889 0.1901098901098901 0.22291666666666668
0 0.2 0.2704861111111111 0.2087912087912088 0.2659722222222222
0 0.11868131868131868 0.1670138888888889 0.09230769230769231 0.12569444444444444
