0 0.4697265625 0.8475694444444445 0.037109375 0.06319444444444444
0 0.41152343750000003 0.7409722222222223 0.487890625 0.875
0 0.548828125 0.9819444444444445 0.31015625 0.5458333333333334
0 0.5388671875000001 0.9701388888888889 0.304296875 0.5375
0 0.2970703125 0.5385416666666667 0.005859375 0.02013888888888889
0 0.5353515625 0.9614583333333334 0.30195312500000004 0.5243055555555556
0 0.546484375 0.9815972222222222 0.30312500000000003 0.5381944444444444
0 0.2171875 0.39305555555555555 0.06406250000000001 0.11388888888888889
0 0.27089843750000003 0.4930555555555556 0.38320312500000003 0.6930555555555555
0 0.4306640625 0.7743055555555556 0.527734375 0.9458333333333334
0 0.4458984375 0.8027777777777778 0.46914062500000003 0.8291666666666667
0 0.46503906250000004 0.8388888888888889 0.495703125 0.8680555555555556
0 0.215625 0.3927083333333333 0.05234375 0.09930555555555556
0 0.17500000000000002 0.3260416666666667 0.0671875 0.10902777777777778
0 0.16171875000000002 0.3 0.039843750000000004 0.061111111111111116
0 0.23671875 0.43159722222222224 0.026562500000000003 0.05625
0 0.2470703125 0.4510416666666667 0.051171875000000006 0.10208333333333333
0 0.3296875 0.6013888888888889 0.1015625 0.18611111111111112
0 0.5009765625 0.8996527777777779 0.016015625000000002 0.021527777777777778
0 0.48828125 0.8784722222222222 0.06640625 0.11944444444444445
0 0.4578125 0.8222222222222223 0.1390625 0.25
0 0.388671875 0.7034722222222223 0.07500000000000001 0.14444444444444446
0 0.37812500000000004 0.6795138888888889 0.08984375 0.15208333333333335
0 0.381640625 0.6909722222222222 0.13828125 0.24444444444444446
0 0.2912109375 0.5309027777777778 0.30585937500000004 0.5548611111111111
0 0.27382812500000003 0.5038194444444445 0.4625 0.8243055555555556
0 0.46992187500000004 0.8517361111111111 0.49375 0.8895833333333334
0 0.43828125 0.7930555555555556 0.05078125 0.10694444444444445
