0 0.27890625 0.5121527777777778 0.09453125000000001 0.15625
0 0.207421875 0.3888888888888889 0.004687500000000001 0.008333333333333333
0 0.21738281250000002 0.40555555555555556 0.044140625 0.08888888888888889
0 0.1416015625 0.2729166666666667 0.164453125 0.2888888888888889
0 0.11777343750000001 0.2263888888888889 0.13007812500000002 0.24305555555555555
0 0.11796875000000001 0.2263888888888889 0.11640625 0.2125
0 0.126953125 0.24166666666666667 0.1015625 0.1875
0 0.351171875 0.6392361111111111 0.22421875000000002 0.3923611111111111
0 0.42265625 0.7659722222222223 0.16562500000000002 0.30833333333333335
0 0.3794921875 0.6940972222222223 0.18320312500000002 0.3284722222222222
0 0.42011718750000004 0.7666666666666667 0.278515625 0.4916666666666667
0 0.361328125 0.6635416666666667 0.2890625 0.5270833333333333
0 0.2791015625 0.5118055555555556 0.40664062500000003 0.7291666666666667
0 0.24453125 0.45416666666666666 0.421875 0.7611111111111112
0 0.23457031250000002 0.43506944444444445 0.378515625 0.6604166666666667
0 0.505078125 0.9184027777777778 0.115625 0.21736111111111112
0 0.4703125 0.8562500000000001 0.0734375 0.12916666666666668
0 0.4333984375 0.7913194444444445 0.055078125000000006 0.07708333333333334
0 0.505859375 0.9211805555555556 0.44296875 0.7770833333333333
0 0.50234375 0.9208333333333334 0.3921875 0.6805555555555556
0 0.546484375 0.9899305555555556 0.39921875 0.7270833333333334
0 0.4869140625 0.8798611111111111 0.448046875 0.788888888888889
0 0.27890625 0.5121527777777778 0.09453125000000001 0.15625
0 0.207421875 0.3888888888888889 0.004687500000000001 0.008333333333333333
0 0.21738281250000002 0.40555555555555556 0.044140625 0.08888888888888889
0 0.1416015625 0.2729166666666667 0.164453125 0.2888888888888889
0 0.11777343750000001 0.2263888888888889 0.13007812500000002 0.24305555555555555
0 0.11796875000000001 0.2263888888888889 0.11640625 0.2125
0 0.126953125 0.24166666666666667 0.1015625 0.1875
0 0.351171875 0.6392361111111111 0.22421875000000002 0.3923611111111111
0 0.42265625 0.7659722222222223 0.16562500000000002 0.30833333333333335
0 0.3794921875 0.6940972222222223 0.18320312500000002 0.3284722222222222
0 0.42011718750000004 0.7666666666666667 0.278515625 0.4916666666666667
0 0.361328125 0.6635416666666667 0.2890625 0.5270833333333333
0 0.2791015625 0.5118055555555556 0.40664062500000003 0.7291666666666667
0 0.24453125 0.45416666666666666 0.421875 0.7611111111111112
0 0.23457031250000002 0.43506944444444445 0.378515625 0.6604166666666667
0 0.505078125 0.9184027777777778 0.115625 0.21736111111111112
0 0.4703125 0.8562500000000001 0.0734375 0.12916666666666668
0 0.4333984375 0.7913194444444445 0.055078125000000006 0.07708333333333334
0 0.505859375 0.9211805555555556 0.44296875 0.7770833333333333
0 0.50234375 0.9208333333333334 0.3921875 0.6805555555555556
0 0.546484375 0.9899305555555556 0.39921875 0.7270833333333334
0 0.4869140625 0.8798611111111111 0.448046875 0.788888888888889
