0 0.24175824175824176 0.33090277777777777 0.11208791208791209 0.1451388888888889
0 0.16565934065934065 0.23472222222222222 0.03901098901098901 0.05
0 0.18186813186813186 0.2534722222222222 0.06153846153846154 0.09166666666666667
0 0.40686813186813187 0.5319444444444444 0.3587912087912088 0.44583333333333336
0 0.34203296703296704 0.4572916666666667 0.382967032967033 0.50625
0 0.4304945054945055 0.5628472222222223 0.2785714285714286 0.36319444444444443
0 0.45274725274725275 0.5951388888888889 0.6065934065934065 0.7805555555555556
0 0.41895604395604397 0.5513888888888889 0.6686813186813186 0.8597222222222223
0 0.4554945054945055 0.5996527777777778 0.5428571428571428 0.6756944444444445
0 0.7068681318681319 0.9170138888888889 0.39175824175824175 0.48680555555555555
0 0.6774725274725275 0.8767361111111112 0.3802197802197802 0.4729166666666667
0 0.6884615384615385 0.8961805555555555 0.11428571428571428 0.1451388888888889
0 0.5293956043956044 0.6993055555555556 0.06538461538461539 0.07916666666666666
0 0.5200549450549451 0.6854166666666667 0.0016483516483516484 0.0
0 0.46895604395604396 0.6201388888888889 0.012637362637362638 0.0
0 0.3925824175824176 0.5215277777777778 0.40934065934065933 0.4986111111111111
0 0.3760989010989011 0.4986111111111111 0.4631868131868132 0.5680555555555555
0 0.3326923076923077 0.4479166666666667 0.5016483516483516 0.6291666666666667
