0 0.24917582417582418 0.3385416666666667 0.00934065934065934 0.011805555555555555
0 0.20164835164835165 0.28055555555555556 0.17142857142857143 0.19861111111111113
0 0.22692307692307692 0.30972222222222223 0.1758241758241758 0.22361111111111112
0 0.32445054945054946 0.43333333333333335 0.25769230769230766 0.3263888888888889
0 0.3184065934065934 0.42465277777777777 0.2379120879120879 0.29375
0 0.38186813186813184 0.5086805555555556 0.3274725274725275 0.42291666666666666
0 0.528021978021978 0.6902777777777778 0.7571428571428571 0.9555555555555556
0 0.6953296703296703 0.8989583333333334 0.23131868131868133 0.30486111111111114
0 0.7535714285714286 0.9750000000000001 0.10604395604395604 0.13611111111111113
0 0.4431318681318681 0.5829861111111111 0.6598901098901099 0.8548611111111112
0 0.5321428571428571 0.703125 0.4818681318681319 0.6326388888888889
0 0.3447802197802198 0.4590277777777778 0.5708791208791208 0.725
0 0.3370879120879121 0.44722222222222224 0.5412087912087912 0.6986111111111112
0 0.3543956043956044 0.47500000000000003 0.37252747252747254 0.47361111111111115
0 0.48736263736263735 0.6420138888888889 0.14395604395604394 0.17708333333333334
0 0.6079670329670329 0.7927083333333333 0.19395604395604396 0.22986111111111113
0 0.6164835164835165 0.8076388888888889 0.08351648351648351 0.12638888888888888
0 0.6631868131868132 0.8631944444444445 0.10989010989010989 0.12083333333333333
