0 0.28046875 0.5184027777777778 0.08750000000000001 0.14930555555555555
0 0.2166015625 0.40347222222222223 0.005078125 0.005555555555555556
0 0.2119140625 0.3947916666666667 0.028515625000000003 0.06319444444444444
0 0.1345703125 0.2548611111111111 0.107421875 0.18888888888888888
0 0.155078125 0.29444444444444445 0.1078125 0.18055555555555555
0 0.1318359375 0.2513888888888889 0.17148437500000002 0.3180555555555556
0 0.1541015625 0.29409722222222223 0.221484375 0.39375
0 0.35546875 0.6555555555555556 0.1015625 0.18888888888888888
0 0.3474609375 0.6319444444444444 0.226953125 0.40694444444444444
0 0.3619140625 0.6621527777777778 0.180078125 0.3340277777777778
0 0.42519531250000003 0.7743055555555556 0.308203125 0.5361111111111111
0 0.40449218750000004 0.74375 0.319921875 0.5597222222222222
0 0.287109375 0.5281250000000001 0.41015625 0.7243055555555555
0 0.323046875 0.5954861111111112 0.34687500000000004 0.6354166666666667
0 0.2505859375 0.46458333333333335 0.431640625 0.7652777777777778
0 0.5164062500000001 0.935763888888889 0.08203125 0.13125
0 0.46699218750000004 0.8541666666666667 0.026171875 0.04583333333333334
0 0.447265625 0.8173611111111111 0.00625 0.01388888888888889
0 0.48085937500000003 0.8753472222222223 0.44843750000000004 0.7770833333333333
0 0.4783203125 0.8704861111111112 0.444140625 0.7659722222222223
0 0.4771484375 0.8708333333333333 0.459765625 0.826388888888889
0 0.5189453125 0.9465277777777779 0.370703125 0.65
