0 0.414010989010989 0.5395833333333333 0.2302197802197802 0.2833333333333333
0 0.40494505494505495 0.5274305555555556 0.23736263736263735 0.3104166666666667
0 0.49175824175824173 0.6371527777777778 0.13626373626373625 0.16041666666666668
0 0.596978021978022 0.7684027777777778 0.09505494505494505 0.13125
0 0.5752747252747252 0.7434027777777779 0.06923076923076923 0.08125
0 0.492032967032967 0.6395833333333334 0.4686813186813187 0.5791666666666667
0 0.48406593406593407 0.6288194444444445 0.46593406593406594 0.5826388888888889
0 0.6293956043956044 0.8083333333333333 0.13791208791208792 0.1638888888888889
0 0.6200549450549451 0.7993055555555556 0.1631868131868132 0.20277777777777778
0 0.6458791208791209 0.83125 0.16648351648351647 0.20833333333333334
0 0.6972527472527472 0.8944444444444445 0.15714285714285714 0.18888888888888888
0 0.6865384615384615 0.8815972222222223 0.13131868131868132 0.17847222222222223
0 0.682967032967033 0.8763888888888889 0.13626373626373625 0.17916666666666667
0 0.38461538461538464 0.5010416666666667 0.5373626373626373 0.670138888888889
0 0.38076923076923075 0.5006944444444444 0.5186813186813187 0.6513888888888889
0 0.38076923076923075 0.503125 0.26483516483516484 0.3368055555555556
0 0.2271978021978022 0.2989583333333333 0.1554945054945055 0.20486111111111113
0 0.214010989010989 0.28611111111111115 0.27307692307692305 0.33333333333333337
0 0.12637362637362637 0.17708333333333334 0.006593406593406593 0.011111111111111112
0 0.20164835164835165 0.26979166666666665 0.27912087912087913 0.34097222222222223
0 0.11346153846153846 0.15625 0.12252747252747252 0.1527777777777778
