0 0.28186813186813187 0.384375 0.08901098901098901 0.10069444444444445
0 0.1585164835164835 0.22569444444444445 0.04010989010989011 0.05416666666666667
0 0.2153846153846154 0.2965277777777778 0.0945054945054945 0.09861111111111112
0 0.30467032967032964 0.40555555555555556 0.2291208791208791 0.27361111111111114
0 0.3203296703296703 0.42430555555555555 0.35714285714285715 0.4416666666666667
0 0.4491758241758242 0.5982638888888889 0.28296703296703296 0.36180555555555555
0 0.5346153846153846 0.7027777777777778 0.545054945054945 0.7125
0 0.5142857142857142 0.6729166666666667 0.7021978021978021 0.9013888888888889
0 0.5620879120879121 0.7399305555555555 0.656043956043956 0.8368055555555556
0 0.7472527472527473 0.9684027777777778 0.31868131868131866 0.38680555555555557
0 0.7431318681318682 0.9645833333333333 0.3401098901098901 0.41250000000000003
0 0.610989010989011 0.7979166666666667 0.289010989010989 0.3527777777777778
0 0.4206043956043956 0.5586805555555556 0.12582417582417582 0.14930555555555555
0 0.5714285714285714 0.7517361111111112 0.17252747252747253 0.20486111111111113
0 0.5689560439560439 0.7458333333333333 0.09725274725274725 0.12638888888888888
0 0.3239010989010989 0.43472222222222223 0.3862637362637363 0.5055555555555555
0 0.3076923076923077 0.41458333333333336 0.24945054945054945 0.3041666666666667
0 0.32362637362637364 0.43819444444444444 0.24175824175824176 0.30833333333333335
