0 0.4774725274725275 0.6173611111111111 0.11208791208791209 0.1527777777777778
0 0.48626373626373626 0.6322916666666667 0.12087912087912088 0.15347222222222223
0 0.5288461538461539 0.68125 0.15219780219780218 0.19861111111111113
0 0.5967032967032967 0.76875 0.024175824175824177 0.03333333333333333
0 0.42939560439560437 0.5590277777777778 0.4126373626373626 0.5180555555555556
0 0.3873626373626374 0.5076388888888889 0.4703296703296703 0.6041666666666667
0 0.2824175824175824 0.36944444444444446 0.42747252747252745 0.5458333333333334
0 0.17692307692307693 0.2388888888888889 0.08461538461538462 0.09444444444444444
0 0.2412087912087912 0.3201388888888889 0.20659340659340658 0.26666666666666666
0 0.24175824175824176 0.315625 0.13406593406593406 0.1701388888888889
0 0.22225274725274724 0.29097222222222224 0.2489010989010989 0.3111111111111111
0 0.12884615384615383 0.178125 0.18956043956043955 0.25069444444444444
0 0.31758241758241756 0.41909722222222223 0.23076923076923078 0.30069444444444443
0 0.3505494505494505 0.45972222222222225 0.32857142857142857 0.4027777777777778
0 0.38873626373626374 0.5020833333333333 0.22252747252747251 0.2791666666666667
0 0.2653846153846154 0.34618055555555555 0.1758241758241758 0.22291666666666668
0 0.46593406593406594 0.6027777777777777 0.4824175824175824 0.5972222222222222
0 0.4807692307692308 0.6267361111111112 0.654945054945055 0.8368055555555556
0 0.4774725274725275 0.6145833333333334 0.6736263736263737 0.851388888888889
0 0.49752747252747254 0.6402777777777778 0.6928571428571428 0.8791666666666667
0 0.4593406593406593 0.6048611111111112 0.7670329670329671 0.9666666666666667
0 0.5826923076923077 0.7565972222222223 0.639010989010989 0.8173611111111111
0 0.6758241758241759 0.8684027777777779 0.15384615384615385 0.19236111111111112
0 0.6521978021978022 0.8413194444444445 0.14505494505494507 0.18680555555555556
0 0.6384615384615384 0.8197916666666667 0.16483516483516483 0.19930555555555557
0 0.6302197802197802 0.8097222222222222 0.13186813186813187 0.16666666666666669
0 0.7206043956043956 0.9239583333333333 0.20824175824175825 0.2590277777777778
