0 0.31758241758241756 0.41284722222222225 0.19230769230769232 0.2423611111111111
0 0.3967032967032967 0.5239583333333333 0.15604395604395604 0.19652777777777777
0 0.40686813186813187 0.525 0.17417582417582417 0.225
0 0.40604395604395604 0.5326388888888889 0.18571428571428572 0.24583333333333335
0 0.36346153846153845 0.46979166666666666 0.3434065934065934 0.42708333333333337
0 0.489010989010989 0.6336805555555556 0.11978021978021978 0.16319444444444445
0 0.5087912087912088 0.6621527777777778 0.13406593406593406 0.1590277777777778
0 0.5967032967032967 0.775 0.03736263736263736 0.043055555555555555
0 0.5387362637362637 0.6972222222222223 0.028021978021978023 0.04027777777777778
0 0.6343406593406593 0.8194444444444445 0.15219780219780218 0.19305555555555556
0 0.653021978021978 0.8409722222222222 0.1434065934065934 0.16666666666666669
0 0.6857142857142857 0.8815972222222223 0.17252747252747253 0.20486111111111113
0 0.7401098901098901 0.9524305555555556 0.24505494505494504 0.3201388888888889
0 0.5826923076923077 0.7590277777777779 0.5554945054945055 0.7111111111111111
0 0.5414835164835164 0.7048611111111112 0.728021978021978 0.9
0 0.4846153846153846 0.634375 0.46483516483516485 0.5798611111111112
0 0.4576923076923077 0.5975694444444445 0.5021978021978022 0.6368055555555556
0 0.4337912087912088 0.5670138888888889 0.5642857142857143 0.7131944444444445
0 0.23351648351648352 0.31145833333333334 0.25054945054945055 0.32569444444444445
0 0.24972527472527473 0.3357638888888889 0.20934065934065935 0.2701388888888889
0 0.23131868131868133 0.30625 0.13956043956043956 0.17777777777777778
0 0.21071428571428572 0.28229166666666666 0.2741758241758242 0.3451388888888889
0 0.13626373626373625 0.18958333333333335 0.22857142857142856 0.2847222222222222
0 0.3252747252747253 0.425 0.5175824175824176 0.6611111111111111
0 0.32060439560439563 0.4236111111111111 0.5082417582417582 0.6541666666666667
0 0.32362637362637364 0.4295138888888889 0.5 0.6465277777777778
