0 0.1554945054945055 0.21944444444444444 0.07362637362637363 0.09305555555555556
0 0.1489010989010989 0.21493055555555557 0.026373626373626374 0.03680555555555556
0 0.1813186813186813 0.25069444444444444 0.021978021978021976 0.018055555555555557
0 0.4260989010989011 0.5569444444444445 0.3851648351648352 0.48333333333333334
0 0.3840659340659341 0.5059027777777778 0.13076923076923078 0.17708333333333334
0 0.39395604395604394 0.5239583333333333 0.13736263736263737 0.17569444444444446
0 0.4620879120879121 0.6038194444444445 0.7626373626373626 0.9673611111111111
0 0.4662087912087912 0.6118055555555556 0.7554945054945055 0.9597222222222223
0 0.4217032967032967 0.55625 0.7203296703296703 0.9208333333333334
0 0.6684065934065934 0.8642361111111111 0.35 0.43819444444444444
0 0.6793956043956044 0.8854166666666667 0.16538461538461538 0.2138888888888889
0 0.7563186813186813 0.9819444444444445 0.20384615384615384 0.2652777777777778
0 0.5104395604395604 0.6697916666666667 0.25054945054945055 0.33263888888888893
0 0.4936813186813187 0.6503472222222223 0.25769230769230766 0.31736111111111115
0 0.4532967032967033 0.596875 0.15824175824175823 0.21736111111111112
0 0.4054945054945055 0.5399305555555556 0.3241758241758242 0.41458333333333336
0 0.3585164835164835 0.48055555555555557 0.5071428571428571 0.6402777777777778
0 0.33983516483516485 0.4548611111111111 0.49835164835164836 0.6305555555555555
