0 0.17912087912087912 0.2534722222222222 0.13296703296703297 0.16527777777777777
0 0.15 0.21319444444444446 0.020879120879120878 0.03194444444444445
0 0.29093406593406596 0.39166666666666666 0.03241758241758242 0.029166666666666667
0 0.4098901098901099 0.5482638888888889 0.43626373626373627 0.5548611111111111
0 0.421978021978022 0.5545138888888889 0.3791208791208791 0.4881944444444445
0 0.4434065934065934 0.58125 0.3879120879120879 0.49722222222222223
0 0.5197802197802198 0.6798611111111111 0.621978021978022 0.7986111111111112
0 0.4837912087912088 0.6350694444444445 0.7192307692307692 0.9173611111111112
0 0.432967032967033 0.5711805555555556 0.7494505494505495 0.9604166666666667
0 0.6590659340659341 0.8631944444444445 0.29615384615384616 0.3736111111111111
0 0.6398351648351648 0.8350694444444445 0.18076923076923077 0.21319444444444446
0 0.6791208791208792 0.8743055555555556 0.3967032967032967 0.5097222222222222
0 0.5958791208791209 0.7809027777777778 0.10604395604395604 0.14097222222222222
0 0.5884615384615385 0.7722222222222223 0.16043956043956045 0.1902777777777778
0 0.4714285714285714 0.6229166666666667 0.17142857142857143 0.22777777777777777
0 0.3983516483516483 0.53125 0.3087912087912088 0.4041666666666667
0 0.4013736263736264 0.5361111111111111 0.43351648351648353 0.5402777777777777
0 0.32884615384615384 0.44583333333333336 0.4620879120879121 0.5902777777777778
