0 0.29042968750000003 0.5326388888888889 0.070703125 0.11527777777777778
0 0.23691406250000002 0.44027777777777777 0.023046875 0.043055555555555555
0 0.288671875 0.5315972222222223 0.07734375 0.12152777777777778
0 0.3505859375 0.6371527777777778 0.220703125 0.38958333333333334
0 0.36855468750000003 0.675 0.080078125 0.1638888888888889
0 0.1384765625 0.2607638888888889 0.18867187500000002 0.3451388888888889
0 0.129296875 0.24618055555555557 0.16562500000000002 0.30208333333333337
0 0.11582031250000001 0.22291666666666668 0.127734375 0.23194444444444445
0 0.1255859375 0.240625 0.10898437500000001 0.18541666666666667
0 0.2658203125 0.49236111111111114 0.33320312500000004 0.6097222222222223
0 0.2810546875 0.515625 0.408203125 0.7354166666666667
0 0.27421875 0.5065972222222223 0.49062500000000003 0.8881944444444445
0 0.36562500000000003 0.6694444444444445 0.30312500000000003 0.5541666666666667
0 0.4234375 0.7708333333333334 0.321875 0.5569444444444445
0 0.3865234375 0.7055555555555556 0.142578125 0.23750000000000002
0 0.4517578125 0.8260416666666667 0.12460937500000001 0.21180555555555555
0 0.46875 0.8510416666666667 0.06015625 0.12152777777777778
0 0.5222656250000001 0.9496527777777778 0.0859375 0.15625
0 0.5130859375 0.9329861111111112 0.41914062500000004 0.7451388888888889
0 0.521875 0.9510416666666667 0.36171875000000003 0.6451388888888889
0 0.4771484375 0.8763888888888889 0.43867187500000004 0.7861111111111111
0 0.46796875000000004 0.8472222222222222 0.4609375 0.8083333333333333
0 0.29042968750000003 0.5326388888888889 0.070703125 0.11527777777777778
0 0.23691406250000002 0.44027777777777777 0.023046875 0.043055555555555555
0 0.288671875 0.5315972222222223 0.07734375 0.12152777777777778
0 0.3505859375 0.6371527777777778 0.220703125 0.38958333333333334
0 0.36855468750000003 0.675 0.080078125 0.1638888888888889
0 0.1384765625 0.2607638888888889 0.18867187500000002 0.3451388888888889
0 0.129296875 0.24618055555555557 0.16562500000000002 0.30208333333333337
0 0.11582031250000001 0.22291666666666668 0.127734375 0.23194444444444445
0 0.1255859375 0.240625 0.10898437500000001 0.18541666666666667
0 0.2658203125 0.49236111111111114 0.33320312500000004 0.6097222222222223
0 0.2810546875 0.515625 0.408203125 0.7354166666666667
0 0.27421875 0.5065972222222223 0.49062500000000003 0.8881944444444445
0 0.36562500000000003 0.6694444444444445 0.30312500000000003 0.5541666666666667
0 0.4234375 0.7708333333333334 0.321875 0.5569444444444445
0 0.3865234375 0.7055555555555556 0.142578125 0.23750000000000002
0 0.4517578125 0.8260416666666667 0.12460937500000001 0.21180555555555555
0 0.46875 0.8510416666666667 0.06015625 0.12152777777777778
0 0.5222656250000001 0.9496527777777778 0.0859375 0.15625
0 0.5130859375 0.9329861111111112 0.41914062500000004 0.7451388888888889
0 0.521875 0.9510416666666667 0.36171875000000003 0.6451388888888889
0 0.4771484375 0.8763888888888889 0.43867187500000004 0.7861111111111111
0 0.46796875000000004 0.8472222222222222 0.4609375 0.8083333333333333
