0 0.2361328125 0.44236111111111115 0.022265625 0.04027777777777778
0 0.290234375 0.5322916666666667 0.06875 0.11736111111111111
0 0.2890625 0.5315972222222223 0.07890625000000001 0.12013888888888889
0 0.12910156250000002 0.24548611111111113 0.16523437500000002 0.30069444444444443
0 0.138671875 0.26006944444444446 0.18828125 0.34652777777777777
0 0.1154296875 0.22361111111111112 0.129296875 0.23750000000000002
0 0.12578125 0.240625 0.10859375 0.18680555555555556
0 0.3677734375 0.6743055555555556 0.080078125 0.16527777777777777
0 0.3505859375 0.6371527777777778 0.21992187500000002 0.38819444444444445
0 0.5224609375 0.9500000000000001 0.086328125 0.15555555555555556
0 0.468359375 0.851388888888889 0.059375000000000004 0.11944444444444445
0 0.45253906250000003 0.8236111111111112 0.121484375 0.20694444444444446
0 0.38691406250000004 0.7055555555555556 0.143359375 0.23750000000000002
0 0.42324218750000003 0.7708333333333334 0.322265625 0.5569444444444445
0 0.36640625000000004 0.6687500000000001 0.30390625000000004 0.5527777777777778
0 0.28125 0.5152777777777778 0.4078125 0.7347222222222223
0 0.26601562500000003 0.4916666666666667 0.33671875 0.6166666666666667
0 0.27578125000000003 0.5065972222222223 0.49609375 0.89375
0 0.4763671875 0.8763888888888889 0.439453125 0.7861111111111111
0 0.512109375 0.9343750000000001 0.415625 0.7451388888888889
0 0.52109375 0.9520833333333334 0.36171875000000003 0.6430555555555556
0 0.4685546875 0.8479166666666667 0.46132812500000003 0.8083333333333333
0 0.2361328125 0.44236111111111115 0.022265625 0.04027777777777778
0 0.290234375 0.5322916666666667 0.06875 0.11736111111111111
0 0.2890625 0.5315972222222223 0.07890625000000001 0.12013888888888889
0 0.12910156250000002 0.24548611111111113 0.16523437500000002 0.30069444444444443
0 0.138671875 0.26006944444444446 0.18828125 0.34652777777777777
0 0.1154296875 0.22361111111111112 0.129296875 0.23750000000000002
0 0.12578125 0.240625 0.10859375 0.18680555555555556
0 0.3677734375 0.6743055555555556 0.080078125 0.16527777777777777
0 0.3505859375 0.6371527777777778 0.21992187500000002 0.38819444444444445
0 0.5224609375 0.9500000000000001 0.086328125 0.15555555555555556
0 0.468359375 0.851388888888889 0.059375000000000004 0.11944444444444445
0 0.45253906250000003 0.8236111111111112 0.121484375 0.20694444444444446
0 0.38691406250000004 0.7055555555555556 0.143359375 0.23750000000000002
0 0.42324218750000003 0.7708333333333334 0.322265625 0.5569444444444445
0 0.36640625000000004 0.6687500000000001 0.30390625000000004 0.5527777777777778
0 0.28125 0.5152777777777778 0.4078125 0.7347222222222223
0 0.26601562500000003 0.4916666666666667 0.33671875 0.6166666666666667
0 0.27578125000000003 0.5065972222222223 0.49609375 0.89375
0 0.4763671875 0.8763888888888889 0.439453125 0.7861111111111111
0 0.512109375 0.9343750000000001 0.415625 0.7451388888888889
0 0.52109375 0.9520833333333334 0.36171875000000003 0.6430555555555556
0 0.4685546875 0.8479166666666667 0.46132812500000003 0.8083333333333333
