0 0.280859375 0.5173611111111112 0.032031250000000004 0.04722222222222222
0 0.2318359375 0.43020833333333336 0.008984375000000001 0.027083333333333334
0 0.23300781250000002 0.43333333333333335 0.054296875 0.11527777777777778
0 0.1287109375 0.24375000000000002 0.08554687500000001 0.14166666666666666
0 0.1458984375 0.27569444444444446 0.08945312500000001 0.1513888888888889
0 0.18125000000000002 0.3392361111111111 0.065625 0.12152777777777778
0 0.3482421875 0.634375 0.241015625 0.42708333333333337
0 0.33203125 0.6100694444444444 0.23828125 0.43819444444444444
0 0.3552734375 0.6520833333333333 0.248828125 0.4416666666666667
0 0.269140625 0.49756944444444445 0.48281250000000003 0.8548611111111112
0 0.2833984375 0.51875 0.524609375 0.9444444444444445
0 0.32929687500000004 0.6034722222222223 0.47187500000000004 0.8222222222222223
0 0.44375000000000003 0.8072916666666667 0.2234375 0.40902777777777777
0 0.4375 0.7954861111111111 0.19062500000000002 0.3493055555555556
0 0.47285156250000004 0.8600694444444444 0.139453125 0.2576388888888889
0 0.48515625 0.8840277777777779 0.10078125 0.18472222222222223
0 0.5496093750000001 0.9986111111111111 0.0765625 0.13194444444444445
0 0.5064453125 0.9177083333333333 0.335546875 0.58125
0 0.5037109375000001 0.9204861111111111 0.5417968750000001 0.9618055555555556
0 0.5185546875 0.9489583333333333 0.5144531250000001 0.9243055555555556
0 0.544140625 0.9833333333333334 0.3953125 0.6944444444444444
