0 0.4346153846153846 0.5621527777777778 0.045054945054945054 0.06180555555555556
0 0.4662087912087912 0.6062500000000001 0.10164835164835165 0.14583333333333334
0 0.5348901098901099 0.6934027777777778 0.13021978021978023 0.15208333333333335
0 0.5917582417582418 0.7652777777777778 0.03956043956043956 0.04861111111111111
0 0.6296703296703297 0.8100694444444445 0.13516483516483516 0.16736111111111113
0 0.6387362637362637 0.8246527777777778 0.13901098901098902 0.1798611111111111
0 0.6502747252747253 0.8361111111111111 0.13241758241758242 0.1763888888888889
0 0.6807692307692308 0.8739583333333334 0.16813186813186815 0.20486111111111113
0 0.7447802197802198 0.9576388888888889 0.2895604395604396 0.35555555555555557
0 0.46401098901098903 0.607638888888889 0.48296703296703297 0.5902777777777778
0 0.4519230769230769 0.5895833333333333 0.5148351648351648 0.6625
0 0.4403846153846154 0.5750000000000001 0.5346153846153846 0.6736111111111112
0 0.4370879120879121 0.5729166666666667 0.573076923076923 0.7263888888888889
0 0.5623626373626374 0.7333333333333334 0.6642857142857143 0.85
0 0.3521978021978022 0.4666666666666667 0.08571428571428572 0.12916666666666668
0 0.3991758241758242 0.521875 0.31263736263736264 0.40347222222222223
0 0.260989010989011 0.340625 0.256043956043956 0.3284722222222222
0 0.41593406593406596 0.5388888888888889 0.23736263736263735 0.2902777777777778
0 0.25686813186813184 0.34270833333333334 0.20494505494505494 0.2548611111111111
0 0.24532967032967032 0.3246527777777778 0.23351648351648352 0.2826388888888889
0 0.23406593406593407 0.3072916666666667 0.14835164835164835 0.1826388888888889
0 0.11950549450549451 0.16944444444444445 0.04120879120879121 0.04722222222222222
0 0.214010989010989 0.2809027777777778 0.2445054945054945 0.31180555555555556
0 0.2826923076923077 0.3736111111111111 0.4225274725274725 0.55
0 0.3543956043956044 0.4642361111111111 0.5285714285714286 0.6673611111111112
0 0.3931318681318681 0.5114583333333333 0.5005494505494505 0.6395833333333334
