0 0.5024725274725275 0.6531250000000001 0.12362637362637363 0.14930555555555555
0 0.5241758241758242 0.6784722222222223 0.0956043956043956 0.11527777777777778
0 0.5837912087912088 0.7572916666666667 0.03021978021978022 0.04236111111111111
0 0.6291208791208791 0.8090277777777778 0.13736263736263737 0.16111111111111112
0 0.6445054945054945 0.8309027777777778 0.17472527472527472 0.21597222222222223
0 0.6758241758241759 0.86875 0.14615384615384616 0.19305555555555556
0 0.6840659340659341 0.8840277777777779 0.13956043956043956 0.18194444444444446
0 0.7060439560439561 0.9079861111111112 0.15164835164835164 0.19791666666666669
0 0.551923076923077 0.7184027777777778 0.4774725274725275 0.6215277777777778
0 0.4793956043956044 0.6243055555555556 0.4697802197802198 0.5888888888888889
0 0.528021978021978 0.6902777777777778 0.7703296703296704 0.9708333333333333
0 0.25274725274725274 0.3434027777777778 0.22197802197802197 0.28402777777777777
0 0.3293956043956044 0.4322916666666667 0.21923076923076923 0.28541666666666665
0 0.12554945054945055 0.17673611111111112 0.012637362637362638 0.009027777777777779
0 0.2574175824175824 0.3451388888888889 0.05879120879120879 0.07222222222222223
0 0.22527472527472528 0.30347222222222225 0.18681318681318682 0.23333333333333334
0 0.31263736263736264 0.41458333333333336 0.512087912087912 0.6527777777777778
0 0.2815934065934066 0.37222222222222223 0.41703296703296705 0.5416666666666667
0 0.44258241758241756 0.5732638888888889 0.382967032967033 0.4951388888888889
0 0.5134615384615384 0.6645833333333333 0.12472527472527473 0.1486111111111111
