0 0.17115384615384616 0.23472222222222222 0.02032967032967033 0.03888888888888889
0 0.20906593406593407 0.2847222222222222 0.03021978021978022 0.03333333333333333
0 0.21565934065934067 0.2815972222222222 0.16758241758241757 0.2076388888888889
0 0.2895604395604396 0.38784722222222223 0.11318681318681319 0.13680555555555557
0 0.25769230769230766 0.3434027777777778 0.16483516483516483 0.21736111111111112
0 0.43763736263736264 0.5729166666666667 0.5379120879120879 0.6958333333333334
0 0.5837912087912088 0.7572916666666667 0.639010989010989 0.7909722222222223
0 0.5675824175824176 0.7413194444444444 0.5692307692307692 0.7104166666666667
0 0.6928571428571428 0.8954861111111111 0.22197802197802197 0.2923611111111111
0 0.6706043956043956 0.8628472222222222 0.1357142857142857 0.17152777777777778
0 0.6282967032967033 0.8093750000000001 0.13681318681318683 0.16319444444444445
0 0.6008241758241758 0.7753472222222223 0.21043956043956044 0.28125
0 0.45164835164835165 0.5871527777777777 0.07142857142857142 0.10625
0 0.5552197802197802 0.7156250000000001 0.10054945054945055 0.12430555555555556
0 0.509065934065934 0.6635416666666667 0.22692307692307692 0.2826388888888889
0 0.518956043956044 0.6788194444444444 0.1467032967032967 0.17152777777777778
0 0.33598901098901096 0.44201388888888893 0.5269230769230769 0.6743055555555556
0 0.27554945054945057 0.36944444444444446 0.38846153846153847 0.48888888888888893
0 0.3793956043956044 0.4996527777777778 0.25 0.3145833333333333
