0 0.1596153846153846 0.22361111111111112 0.07417582417582418 0.10416666666666667
0 0.1510989010989011 0.215625 0.031868131868131866 0.043750000000000004
0 0.17994505494505494 0.2534722222222222 0.06648351648351648 0.08194444444444444
0 0.4409340659340659 0.5822916666666667 0.4269230769230769 0.5256944444444445
0 0.42527472527472526 0.5555555555555556 0.38571428571428573 0.4861111111111111
0 0.4401098901098901 0.578125 0.3384615384615385 0.43125
0 0.47005494505494505 0.6128472222222222 0.7686813186813187 0.9812500000000001
0 0.4129120879120879 0.545138888888889 0.6862637362637363 0.8680555555555556
0 0.43104395604395607 0.565625 0.5697802197802198 0.7090277777777778
0 0.656043956043956 0.8541666666666667 0.14945054945054945 0.17500000000000002
0 0.7233516483516483 0.9315972222222223 0.3302197802197802 0.4131944444444445
0 0.7607142857142857 0.9857638888888889 0.2412087912087912 0.30625
0 0.5057692307692307 0.6663194444444445 0.2543956043956044 0.32430555555555557
0 0.485989010989011 0.6409722222222223 0.2631868131868132 0.3236111111111111
0 0.5093406593406593 0.6708333333333334 0.01978021978021978 0.02638888888888889
0 0.3620879120879121 0.48333333333333334 0.3945054945054945 0.49444444444444446
0 0.34285714285714286 0.4586805555555556 0.4164835164835165 0.5270833333333333
0 0.2804945054945055 0.37986111111111115 0.4510989010989011 0.5833333333333334
