0 0.19615384615384615 0.27361111111111114 0.054945054945054944 0.08750000000000001
0 0.21620879120879122 0.3003472222222222 0.09395604395604396 0.12569444444444444
0 0.22884615384615384 0.31527777777777777 0.11593406593406594 0.15555555555555556
0 0.32005494505494503 0.43159722222222224 0.3620879120879121 0.4701388888888889
0 0.3659340659340659 0.4951388888888889 0.24615384615384617 0.32916666666666666
0 0.4467032967032967 0.5895833333333333 0.23626373626373626 0.32222222222222224
0 0.567032967032967 0.7458333333333333 0.11208791208791209 0.15555555555555556
0 0.6074175824175824 0.7927083333333333 0.12362637362637363 0.13125
0 0.4 0.5315972222222223 0.23626373626373626 0.30625
0 0.42445054945054944 0.5628472222222223 0.4510989010989011 0.5493055555555556
0 0.317032967032967 0.4232638888888889 0.26153846153846155 0.33125
0 0.5686813186813187 0.7434027777777779 0.18571428571428572 0.2576388888888889
0 0.7508241758241758 0.9722222222222222 0.20054945054945056 0.2611111111111111
0 0.7601648351648351 0.9878472222222222 0.21703296703296704 0.2923611111111111
0 0.6519230769230769 0.8454861111111112 0.2917582417582418 0.35208333333333336
0 0.5398351648351648 0.7090277777777778 0.5653846153846154 0.7180555555555556
0 0.4381868131868132 0.5802083333333333 0.6983516483516483 0.9034722222222222
