0 0.4032967032967033 0.53125 0.1945054945054945 0.2569444444444445
0 0.40934065934065933 0.5378472222222223 0.25824175824175827 0.3340277777777778
0 0.4175824175824176 0.540625 0.25384615384615383 0.33263888888888893
0 0.246978021978022 0.3236111111111111 0.19505494505494506 0.23750000000000002
0 0.4673076923076923 0.607638888888889 0.10934065934065934 0.14166666666666666
0 0.42445054945054944 0.5517361111111111 0.02032967032967033 0.015972222222222224
0 0.5840659340659341 0.75625 0.11648351648351649 0.16111111111111112
0 0.5087912087912088 0.6625 0.1978021978021978 0.25833333333333336
0 0.4230769230769231 0.5517361111111111 0.6626373626373626 0.8423611111111111
0 0.428021978021978 0.5625 0.6967032967032967 0.8972222222222223
0 0.45164835164835165 0.5951388888888889 0.7384615384615385 0.9444444444444445
0 0.6868131868131868 0.8854166666666667 0.14395604395604394 0.1736111111111111
0 0.6846153846153846 0.8798611111111111 0.16923076923076924 0.20833333333333334
0 0.7392857142857143 0.9534722222222223 0.2445054945054945 0.31527777777777777
0 0.34203296703296704 0.45034722222222223 0.5214285714285715 0.6715277777777778
0 0.3565934065934066 0.4670138888888889 0.5307692307692308 0.670138888888889
0 0.3791208791208791 0.49583333333333335 0.5307692307692308 0.6583333333333333
0 0.13516483516483516 0.19062500000000002 0.02967032967032967 0.035416666666666666
0 0.10714285714285714 0.15659722222222222 0.04945054945054945 0.07291666666666667
0 0.24065934065934066 0.3236111111111111 0.23516483516483516 0.2888888888888889
0 0.4326923076923077 0.5701388888888889 0.5653846153846154 0.7055555555555556
0 0.44258241758241756 0.5774305555555556 0.5082417582417582 0.6409722222222223
