0 0.2510989010989011 0.3368055555555556 0.2087912087912088 0.24722222222222223
0 0.26043956043956046 0.3496527777777778 0.11978021978021978 0.14930555555555555
0 0.1337912087912088 0.18854166666666666 0.0543956043956044 0.07291666666666667
0 0.3505494505494505 0.4701388888888889 0.13296703296703297 0.16944444444444445
0 0.28214285714285714 0.37569444444444444 0.30934065934065935 0.4
0 0.2642857142857143 0.3496527777777778 0.2879120879120879 0.36180555555555555
0 0.4277472527472527 0.5597222222222222 0.6071428571428571 0.775
0 0.432967032967033 0.5694444444444444 0.5703296703296703 0.701388888888889
0 0.5197802197802198 0.6868055555555556 0.5186813186813187 0.6527777777777778
0 0.5813186813186814 0.7454861111111112 0.6615384615384615 0.8298611111111112
0 0.6123626373626374 0.790625 0.439010989010989 0.545138888888889
0 0.7478021978021978 0.9583333333333334 0.35714285714285715 0.45
0 0.667032967032967 0.865625 0.34945054945054943 0.42430555555555555
0 0.6228021978021978 0.8041666666666667 0.30604395604395607 0.3680555555555556
0 0.6217032967032967 0.804513888888889 0.2379120879120879 0.29930555555555555
0 0.6324175824175824 0.8149305555555556 0.14285714285714285 0.16875
0 0.5574175824175824 0.7270833333333334 0.03021978021978022 0.0375
0 0.4714285714285714 0.6163194444444444 0.0989010989010989 0.11875000000000001
0 0.43351648351648353 0.5729166666666667 0.1087912087912088 0.15555555555555556
0 0.41895604395604397 0.5496527777777778 0.01703296703296703 0.021527777777777778
0 0.3802197802197802 0.49895833333333334 0.4351648351648352 0.5395833333333333
0 0.3370879120879121 0.4482638888888889 0.5049450549450549 0.6451388888888889
0 0.31236263736263736 0.4131944444444445 0.48296703296703297 0.6166666666666667
0 0.27197802197802196 0.35347222222222224 0.38461538461538464 0.4902777777777778
