0 0.49148351648351646 0.6486111111111111 0.6939560439560439 0.8597222222222223
0 0.4706043956043956 0.6177083333333333 0.6038461538461538 0.7534722222222222
0 0.4381868131868132 0.5809027777777778 0.4115384615384615 0.5020833333333333
0 0.41318681318681316 0.5472222222222223 0.23516483516483516 0.3055555555555556
0 0.44752747252747255 0.5902777777777778 0.19395604395604396 0.2638888888888889
0 0.5321428571428571 0.701388888888889 0.08846153846153847 0.1
0 0.5942307692307692 0.7791666666666667 0.011538461538461539 0.019444444444444445
0 0.5958791208791209 0.7791666666666667 0.08186813186813187 0.10833333333333334
0 0.3901098901098901 0.521875 0.2879120879120879 0.36041666666666666
0 0.2508241758241758 0.3392361111111111 0.02032967032967033 0.024305555555555556
0 0.2543956043956044 0.34756944444444443 0.007692307692307693 0.02847222222222222
0 0.2412087912087912 0.32569444444444445 0.13076923076923078 0.16666666666666669
0 0.31153846153846154 0.4239583333333333 0.24725274725274726 0.28541666666666665
0 0.29532967032967034 0.403125 0.328021978021978 0.4131944444444445
0 0.728021978021978 0.9475694444444445 0.4758241758241758 0.6048611111111112
0 0.7571428571428571 0.984375 0.4472527472527473 0.5493055555555556
0 0.7744505494505495 0.998263888888889 0.382967032967033 0.4715277777777778
