0 0.1184065934065934 0.1642361111111111 0.11703296703296703 0.15347222222222223
0 0.2392857142857143 0.3125 0.13791208791208792 0.17777777777777778
0 0.2282967032967033 0.2989583333333333 0.25 0.31319444444444444
0 0.23104395604395606 0.309375 0.2521978021978022 0.3104166666666667
0 0.20357142857142857 0.2743055555555556 0.2675824175824176 0.3375
0 0.28516483516483515 0.37430555555555556 0.3142857142857143 0.3861111111111111
0 0.30494505494505497 0.4059027777777778 0.3516483516483516 0.45208333333333334
0 0.40494505494505495 0.5239583333333333 0.5076923076923077 0.6340277777777779
0 0.5686813186813187 0.7336805555555556 0.16703296703296702 0.21180555555555555
0 0.5376373626373626 0.6947916666666667 0.21703296703296704 0.27569444444444446
0 0.5324175824175824 0.6868055555555556 0.1945054945054945 0.23333333333333334
0 0.5574175824175824 0.7211805555555556 0.10494505494505495 0.12430555555555556
0 0.6329670329670329 0.8131944444444444 0.12637362637362637 0.16527777777777777
0 0.6554945054945055 0.8434027777777778 0.14065934065934066 0.1840277777777778
0 0.6782967032967033 0.8690972222222223 0.1543956043956044 0.19375
0 0.7186813186813187 0.9232638888888889 0.17472527472527472 0.22569444444444445
0 0.27912087912087913 0.3697916666666667 0.3065934065934066 0.3770833333333333
0 0.32445054945054946 0.42708333333333337 0.260989010989011 0.3277777777777778
0 0.2664835164835165 0.346875 0.1758241758241758 0.22569444444444445
0 0.39093406593406593 0.5055555555555555 0.2302197802197802 0.28194444444444444
0 0.5357142857142857 0.6944444444444444 0.46373626373626375 0.5791666666666667
0 0.5865384615384616 0.7600694444444445 0.5653846153846154 0.7243055555555555
0 0.46593406593406594 0.6097222222222223 0.7505494505494505 0.9416666666666667
0 0.48131868131868133 0.6270833333333333 0.6681318681318681 0.8388888888888889
0 0.4351648351648352 0.5666666666666667 0.6164835164835165 0.7736111111111111
0 0.47417582417582416 0.6104166666666667 0.6791208791208792 0.8541666666666667
0 0.4978021978021978 0.6395833333333334 0.6923076923076923 0.8805555555555555
0 0.6445054945054945 0.8302083333333333 0.15824175824175823 0.20625000000000002
