0 0.15934065934065933 0.22013888888888888 0.056043956043956046 0.0763888888888889
0 0.2315934065934066 0.30694444444444446 0.1401098901098901 0.17777777777777778
0 0.2043956043956044 0.2777777777777778 0.2725274725274725 0.34861111111111115
0 0.2664835164835165 0.3513888888888889 0.11318681318681319 0.14027777777777778
0 0.12032967032967033 0.16979166666666667 0.03956043956043956 0.050694444444444445
0 0.4142857142857143 0.5399305555555556 0.27692307692307694 0.36319444444444443
0 0.30494505494505497 0.40520833333333334 0.42417582417582417 0.5298611111111111
0 0.25357142857142856 0.3357638888888889 0.18296703296703296 0.2326388888888889
0 0.3101648351648352 0.4041666666666667 0.4258241758241758 0.5361111111111111
0 0.41593406593406596 0.5513888888888889 0.6208791208791209 0.7861111111111111
0 0.4928571428571429 0.6447916666666667 0.756043956043956 0.9395833333333333
0 0.5324175824175824 0.6947916666666667 0.46483516483516485 0.5993055555555555
0 0.496978021978022 0.640625 0.4686813186813187 0.5993055555555555
0 0.48324175824175825 0.6295138888888889 0.11813186813186813 0.15486111111111112
0 0.5980769230769231 0.7736111111111111 0.0521978021978022 0.05416666666666667
0 0.5879120879120879 0.7618055555555556 0.00989010989010989 0.018055555555555557
0 0.5868131868131868 0.7590277777777779 0.02967032967032967 0.02777777777777778
0 0.317032967032967 0.41909722222222223 0.3912087912087912 0.5006944444444444
0 0.31236263736263736 0.41805555555555557 0.5082417582417582 0.6513888888888889
0 0.3453296703296703 0.45034722222222223 0.5137362637362637 0.6618055555555555
0 0.6870879120879121 0.8805555555555555 0.17087912087912088 0.20833333333333334
0 0.6304945054945055 0.8128472222222223 0.1357142857142857 0.16736111111111113
0 0.6291208791208791 0.8093750000000001 0.15494505494505495 0.20069444444444445
0 0.6486263736263737 0.8350694444444445 0.1554945054945055 0.18958333333333335
0 0.7387362637362638 0.9475694444444445 0.29285714285714287 0.36875
0 0.43763736263736264 0.5750000000000001 0.5456043956043956 0.6805555555555556
