0 0.228515625 0.434375 0.14609375 0.2520833333333333
0 0.2380859375 0.44270833333333337 0.150390625 0.2548611111111111
0 0.23593750000000002 0.4482638888888889 0.19921875 0.33263888888888893
0 0.3658203125 0.6753472222222222 0.252734375 0.4534722222222222
0 0.3494140625 0.640625 0.201171875 0.34652777777777777
0 0.28046875 0.5215277777777778 0.16171875000000002 0.26944444444444443
0 0.33339843750000003 0.6163194444444444 0.34492187500000004 0.5979166666666667
0 0.3484375 0.6434027777777778 0.39140625 0.68125
0 0.259375 0.4864583333333333 0.34921875 0.6381944444444445
0 0.4421875 0.8104166666666667 0.07890625000000001 0.15
0 0.5021484375 0.920138888888889 0.067578125 0.09861111111111112
0 0.4658203125 0.8604166666666667 0.12617187500000002 0.21944444444444444
0 0.5404296875 0.982638888888889 0.20429687500000002 0.3513888888888889
