0 0.45906593406593404 0.5958333333333333 0.10604395604395604 0.13055555555555556
0 0.4824175824175824 0.6274305555555556 0.12747252747252746 0.15347222222222223
0 0.40274725274725276 0.5256944444444445 0.17802197802197803 0.2138888888888889
0 0.41098901098901097 0.5381944444444444 0.22197802197802197 0.2847222222222222
0 0.35494505494505496 0.46111111111111114 0.0879120879120879 0.10833333333333334
0 0.31785714285714284 0.41423611111111114 0.4357142857142857 0.5409722222222222
0 0.5917582417582418 0.763888888888889 0.11868131868131868 0.1375
0 0.560989010989011 0.7246527777777778 0.0967032967032967 0.11180555555555556
0 0.6942307692307692 0.8913194444444444 0.1576923076923077 0.19375
0 0.7236263736263736 0.9291666666666667 0.25384615384615383 0.3125
0 0.5239010989010989 0.6864583333333334 0.771978021978022 0.9770833333333334
0 0.5370879120879121 0.6996527777777778 0.7752747252747253 0.9715277777777778
0 0.575 0.7427083333333334 0.695054945054945 0.8631944444444445
0 0.23736263736263735 0.3184027777777778 0.24725274725274726 0.30069444444444443
0 0.21565934065934067 0.28958333333333336 0.2653846153846154 0.32916666666666666
0 0.2173076923076923 0.28645833333333337 0.27197802197802196 0.34097222222222223
0 0.3524725274725275 0.46493055555555557 0.4115384615384615 0.5256944444444445
0 0.35274725274725277 0.46319444444444446 0.5285714285714286 0.6722222222222223
0 0.4307692307692308 0.560763888888889 0.3956043956043956 0.5048611111111111
0 0.11785714285714285 0.16458333333333333 0.1489010989010989 0.19305555555555556
0 0.22939560439560439 0.30208333333333337 0.1489010989010989 0.19722222222222224
