0 0.45576923076923076 0.5930555555555556 0.19395604395604396 0.23472222222222222
0 0.5277472527472528 0.6819444444444445 0.07527472527472527 0.10555555555555556
0 0.5351648351648352 0.6913194444444445 0.2 0.24375000000000002
0 0.5565934065934066 0.7190972222222223 0.15494505494505495 0.18819444444444444
0 0.3464285714285714 0.45555555555555555 0.2445054945054945 0.30833333333333335
0 0.3881868131868132 0.5069444444444444 0.3983516483516483 0.5013888888888889
0 0.2876373626373626 0.37569444444444444 0.28076923076923077 0.3472222222222222
0 0.19945054945054946 0.2670138888888889 0.13076923076923078 0.16597222222222222
0 0.23598901098901098 0.31493055555555555 0.21813186813186813 0.2881944444444445
0 0.2368131868131868 0.31493055555555555 0.2076923076923077 0.25069444444444444
0 0.2291208791208791 0.3059027777777778 0.24065934065934066 0.29097222222222224
0 0.25851648351648354 0.33819444444444446 0.18956043956043955 0.23333333333333334
0 0.3107142857142857 0.40868055555555555 0.43241758241758244 0.5590277777777778
0 0.40054945054945057 0.5204861111111111 0.3395604395604396 0.43819444444444444
0 0.4747252747252747 0.6145833333333334 0.7802197802197802 0.9833333333333334
0 0.5266483516483517 0.6833333333333333 0.7532967032967033 0.9458333333333334
0 0.5472527472527473 0.7083333333333334 0.6241758241758242 0.7833333333333333
0 0.5351648351648352 0.6930555555555555 0.5098901098901099 0.6569444444444444
0 0.49175824175824173 0.640625 0.48131868131868133 0.61875
0 0.4458791208791209 0.5753472222222222 0.5401098901098901 0.6881944444444444
0 0.4137362637362637 0.5350694444444445 0.5637362637362637 0.70625
0 0.40934065934065933 0.5298611111111111 0.5769230769230769 0.725
0 0.41098901098901097 0.529513888888889 0.6296703296703297 0.7993055555555556
0 0.39862637362637365 0.5177083333333333 0.6532967032967033 0.8173611111111111
0 0.4024725274725275 0.5319444444444444 0.6884615384615385 0.8847222222222223
0 0.4236263736263736 0.5465277777777778 0.7230769230769231 0.9083333333333333
0 0.4351648351648352 0.5569444444444445 0.7263736263736263 0.9180555555555556
0 0.4340659340659341 0.5593750000000001 0.6813186813186813 0.857638888888889
0 0.4288461538461538 0.5541666666666667 0.7412087912087912 0.9291666666666667
0 0.5909340659340659 0.763888888888889 0.2412087912087912 0.3055555555555556
0 0.6192307692307693 0.7965277777777778 0.1989010989010989 0.2513888888888889
0 0.6434065934065935 0.8246527777777778 0.27692307692307694 0.34652777777777777
0 0.6975274725274725 0.8947916666666667 0.39285714285714285 0.49375
0 0.7148351648351648 0.9187500000000001 0.3648351648351648 0.4625
0 0.6101648351648352 0.7850694444444445 0.3456043956043956 0.4326388888888889
0 0.5994505494505494 0.7711805555555555 0.3087912087912088 0.3840277777777778
0 0.5684065934065934 0.7298611111111112 0.2598901098901099 0.33472222222222225
0 0.5796703296703297 0.7472222222222222 0.3945054945054945 0.5083333333333333
0 0.5947802197802198 0.76875 0.39725274725274723 0.513888888888889
0 0.6 0.7739583333333334 0.3967032967032967 0.5131944444444445
0 0.625 0.8034722222222223 0.4115384615384615 0.513888888888889
0 0.5623626373626374 0.7225694444444445 0.3346153846153846 0.41458333333333336
0 0.1879120879120879 0.25069444444444444 0.11428571428571428 0.14027777777777778
0 0.40494505494505495 0.5333333333333333 0.44835164835164837 0.5541666666666667
