0 0.6846153846153846 0.8916666666666667 0.2010989010989011 0.23750000000000002
0 0.6969780219780219 0.90625 0.17527472527472526 0.22916666666666669
0 0.6728021978021979 0.8711805555555556 0.4368131868131868 0.5659722222222222
0 0.5214285714285715 0.6875 0.7032967032967032 0.8902777777777778
0 0.46291208791208793 0.6086805555555556 0.7060439560439561 0.8756944444444444
0 0.4491758241758242 0.592013888888889 0.7203296703296703 0.9173611111111112
0 0.42142857142857143 0.55625 0.3758241758241758 0.45972222222222225
0 0.4434065934065934 0.5826388888888889 0.37252747252747254 0.48333333333333334
0 0.42225274725274725 0.565625 0.18406593406593408 0.23125
0 0.4673076923076923 0.6184027777777779 0.1620879120879121 0.22291666666666668
0 0.5697802197802198 0.7447916666666667 0.1956043956043956 0.23125
0 0.5796703296703297 0.7586805555555556 0.20549450549450549 0.23958333333333334
0 0.4348901098901099 0.5760416666666667 0.2554945054945055 0.3423611111111111
0 0.3662087912087912 0.4920138888888889 0.19835164835164834 0.26319444444444445
0 0.3395604395604396 0.45972222222222225 0.44175824175824174 0.5708333333333333
0 0.2813186813186813 0.38020833333333337 0.15604395604395604 0.18680555555555556
0 0.22692307692307692 0.3128472222222222 0.16373626373626374 0.22986111111111113
0 0.2403846153846154 0.3298611111111111 0.07527472527472527 0.10416666666666667
