0 0.4401098901098901 0.5715277777777777 0.054945054945054944 0.058333333333333334
0 0.4409340659340659 0.5722222222222223 0.06318681318681318 0.08750000000000001
0 0.4043956043956044 0.5263888888888889 0.17472527472527472 0.22361111111111112
0 0.4137362637362637 0.5395833333333333 0.22967032967032966 0.2777777777777778
0 0.5461538461538461 0.7083333333333334 0.016483516483516484 0.030555555555555558
0 0.5925824175824176 0.7645833333333334 0.011538461538461539 0.016666666666666666
0 0.6870879120879121 0.8812500000000001 0.1697802197802198 0.20694444444444446
0 0.6967032967032967 0.8951388888888889 0.13956043956043956 0.18611111111111112
0 0.6945054945054945 0.8916666666666667 0.14835164835164835 0.19166666666666668
0 0.4796703296703297 0.6277777777777778 0.6494505494505495 0.8333333333333334
0 0.4153846153846154 0.5409722222222222 0.6318681318681318 0.7875
0 0.4480769230769231 0.5878472222222223 0.7401098901098901 0.9493055555555556
0 0.3436813186813187 0.4517361111111111 0.5137362637362637 0.6576388888888889
0 0.3574175824175824 0.46805555555555556 0.5412087912087912 0.6791666666666667
0 0.27582417582417584 0.36388888888888893 0.4186813186813187 0.5347222222222222
0 0.21675824175824177 0.29097222222222224 0.27197802197802196 0.33055555555555555
0 0.23516483516483516 0.3121527777777778 0.23736263736263735 0.2923611111111111
0 0.22994505494505493 0.3024305555555556 0.1489010989010989 0.19652777777777777
0 0.19917582417582416 0.26875 0.0478021978021978 0.0638888888888889
