0 0.1879120879120879 0.26666666666666666 0.18681318681318682 0.24166666666666667
0 0.16016483516483515 0.23020833333333335 0.02912087912087912 0.03402777777777778
0 0.16675824175824175 0.23229166666666667 0.08296703296703296 0.11597222222222223
0 0.24203296703296703 0.33333333333333337 0.19835164835164834 0.24861111111111112
0 0.2692307692307692 0.36041666666666666 0.18681318681318682 0.21944444444444444
0 0.3821428571428571 0.5107638888888889 0.3302197802197802 0.41458333333333336
0 0.4706043956043956 0.61875 0.6192307692307693 0.8027777777777778
0 0.5244505494505495 0.6850694444444445 0.7752747252747253 0.9729166666666667
0 0.5848901098901099 0.7694444444444445 0.6587912087912088 0.8375
0 0.7755494505494506 0.9993055555555556 0.21153846153846154 0.2652777777777778
0 0.6184065934065934 0.8065972222222223 0.05879120879120879 0.08263888888888889
0 0.6145604395604396 0.8034722222222223 0.02032967032967033 0.029166666666666667
0 0.35521978021978023 0.46944444444444444 0.49615384615384617 0.6222222222222222
0 0.4315934065934066 0.5694444444444444 0.3456043956043956 0.44722222222222224
0 0.42005494505494506 0.5548611111111111 0.3467032967032967 0.4222222222222222
0 0.5909340659340659 0.7753472222222223 0.2554945054945055 0.3076388888888889
