0 0.29505494505494506 0.3993055555555556 0.01978021978021978 0.016666666666666666
0 0.16346153846153846 0.22881944444444446 0.014835164835164835 0.02013888888888889
0 0.1585164835164835 0.22256944444444446 0.0016483516483516484 0.0020833333333333333
0 0.37142857142857144 0.4916666666666667 0.34395604395604396 0.4444444444444445
0 0.4519230769230769 0.5895833333333333 0.371978021978022 0.4652777777777778
0 0.44285714285714284 0.5829861111111111 0.3934065934065934 0.4798611111111111
0 0.49615384615384617 0.6489583333333333 0.7835164835164835 0.9812500000000001
0 0.4195054945054945 0.5524305555555555 0.6005494505494505 0.74375
0 0.4129120879120879 0.5440972222222222 0.6313186813186813 0.7784722222222222
0 0.6164835164835165 0.80625 0.26593406593406593 0.3236111111111111
0 0.6412087912087913 0.8298611111111112 0.16483516483516483 0.19444444444444445
0 0.7392857142857143 0.9565972222222222 0.15219780219780218 0.21180555555555555
0 0.5826923076923077 0.7625000000000001 0.12472527472527473 0.15694444444444444
0 0.5472527472527473 0.7180555555555556 0.26373626373626374 0.3416666666666667
0 0.5115384615384615 0.6767361111111111 0.020879120879120878 0.025694444444444447
0 0.40192307692307694 0.5319444444444444 0.4225274725274725 0.5333333333333333
0 0.3931318681318681 0.5211805555555555 0.4478021978021978 0.5493055555555556
0 0.2653846153846154 0.35868055555555556 0.4164835164835165 0.5465277777777778
