0 0.18681318681318682 0.2659722222222222 0.005494505494505494 0.008333333333333333
0 0.160989010989011 0.23055555555555557 0.1989010989010989 0.23055555555555557
0 0.13983516483516484 0.19861111111111113 0.14560439560439561 0.1763888888888889
0 0.33901098901098903 0.4534722222222222 0.4021978021978022 0.49722222222222223
0 0.3769230769230769 0.5024305555555556 0.3395604395604396 0.4118055555555556
0 0.37747252747252746 0.49756944444444445 0.3516483516483516 0.4590277777777778
0 0.4706043956043956 0.6243055555555556 0.5686813186813187 0.6986111111111112
0 0.5453296703296703 0.717013888888889 0.7851648351648352 0.96875
0 0.5357142857142857 0.6972222222222223 0.7879120879120879 0.9805555555555556
0 0.6607142857142857 0.8579861111111111 0.29725274725274725 0.3965277777777778
0 0.6796703296703297 0.8815972222222223 0.31868131868131866 0.41458333333333336
0 0.7634615384615384 0.9868055555555556 0.13351648351648351 0.16111111111111112
0 0.5008241758241758 0.6586805555555556 0.20384615384615384 0.2798611111111111
0 0.5052197802197802 0.6666666666666667 0.010439560439560439 0.004166666666666667
0 0.5178571428571429 0.6850694444444445 0.011538461538461539 0.03263888888888889
0 0.45494505494505494 0.5951388888888889 0.5340659340659341 0.6583333333333333
0 0.45686813186813185 0.6013888888888889 0.48516483516483516 0.5958333333333333
0 0.3241758241758242 0.43506944444444445 0.47802197802197804 0.6034722222222223
