0 0.1848901098901099 0.2548611111111111 0.10714285714285714 0.1513888888888889
0 0.16923076923076924 0.2371527777777778 0.015384615384615385 0.02013888888888889
0 0.2021978021978022 0.2826388888888889 0.14395604395604394 0.17083333333333334
0 0.4398351648351648 0.5760416666666667 0.3631868131868132 0.44930555555555557
0 0.43543956043956045 0.5739583333333333 0.40824175824175823 0.5145833333333334
0 0.37335164835164836 0.4982638888888889 0.13241758241758242 0.16041666666666668
0 0.4739010989010989 0.6204861111111112 0.5247252747252747 0.6590277777777778
0 0.4337912087912088 0.571875 0.5785714285714286 0.7159722222222222
0 0.43626373626373627 0.5736111111111112 0.7318681318681318 0.9416666666666667
0 0.7126373626373627 0.9236111111111112 0.11538461538461539 0.15694444444444444
0 0.7489010989010989 0.971875 0.29120879120879123 0.36736111111111114
0 0.6302197802197802 0.8159722222222222 0.1901098901098901 0.225
0 0.5659340659340659 0.7402777777777778 0.027472527472527472 0.05416666666666667
0 0.560989010989011 0.7347222222222223 0.01978021978021978 0.02361111111111111
0 0.5101648351648351 0.670138888888889 0.019230769230769232 0.018055555555555557
0 0.3799450549450549 0.5034722222222222 0.47527472527472525 0.5916666666666667
0 0.37362637362637363 0.49895833333333334 0.4846153846153846 0.6090277777777778
0 0.35302197802197804 0.4729166666666667 0.5027472527472527 0.6291666666666667
