0 0.15644531250000002 0.2934027777777778 0.217578125 0.3923611111111111
0 0.1314453125 0.2503472222222222 0.166015625 0.30486111111111114
0 0.1302734375 0.246875 0.10117187500000001 0.1840277777777778
0 0.20859375000000002 0.38819444444444445 0.109375 0.2013888888888889
0 0.2380859375 0.44409722222222225 0.011328125000000001 0.03680555555555556
0 0.257421875 0.47673611111111114 0.01015625 0.024305555555555556
0 0.2619140625 0.484375 0.106640625 0.20208333333333334
0 0.33710937500000004 0.6152777777777778 0.23046875 0.40972222222222227
0 0.39980468750000003 0.7312500000000001 0.158984375 0.3041666666666667
0 0.36738281250000004 0.6729166666666667 0.15976562500000002 0.26805555555555555
0 0.3921875 0.7208333333333333 0.31875000000000003 0.5555555555555556
0 0.341796875 0.6256944444444444 0.24375000000000002 0.4486111111111111
0 0.2541015625 0.47118055555555555 0.44179687500000003 0.7965277777777778
0 0.256640625 0.4746527777777778 0.45156250000000003 0.8215277777777779
0 0.288671875 0.5305555555555556 0.40468750000000003 0.7166666666666667
0 0.5091796875 0.9232638888888889 0.068359375 0.11041666666666668
0 0.4666015625 0.8489583333333334 0.046484375 0.10208333333333333
0 0.43867187500000004 0.7989583333333333 0.1203125 0.23402777777777778
0 0.5396484375 0.984375 0.444140625 0.7715277777777778
0 0.48828125 0.8885416666666667 0.43359375 0.7868055555555555
0 0.4775390625 0.8677083333333334 0.45429687500000004 0.7923611111111112
0 0.472265625 0.8569444444444445 0.5109375 0.9236111111111112
