0 0.3211538461538462 0.4309027777777778 0.2741758241758242 0.3340277777777778
0 0.2892857142857143 0.3920138888888889 0.38076923076923075 0.5034722222222222
0 0.3373626373626374 0.45555555555555555 0.09340659340659341 0.14722222222222223
0 0.5076923076923077 0.670138888888889 0.7329670329670329 0.9041666666666667
0 0.5804945054945055 0.7590277777777779 0.5840659340659341 0.7444444444444445
0 0.49532967032967035 0.6538194444444445 0.5258241758241758 0.6576388888888889
0 0.7351648351648352 0.9517361111111111 0.06923076923076923 0.09791666666666667
0 0.6942307692307692 0.9034722222222222 0.0510989010989011 0.05416666666666667
0 0.6299450549450549 0.828125 0.09615384615384616 0.12013888888888889
0 0.575 0.7534722222222222 0.16648351648351647 0.23472222222222222
0 0.5686813186813187 0.748263888888889 0.25384615384615383 0.30347222222222225
0 0.4230769230769231 0.5548611111111111 0.35934065934065934 0.46944444444444444
0 0.3741758241758242 0.5013888888888889 0.5912087912087912 0.75
0 0.16758241758241757 0.23506944444444444 0.06043956043956044 0.06875
0 0.16181318681318682 0.234375 0.09285714285714286 0.12152777777777778
0 0.12527472527472527 0.1892361111111111 0.07802197802197802 0.11458333333333334
0 0.31565934065934065 0.4236111111111111 0.4675824175824176 0.5888888888888889
