0 0.244921875 0.45659722222222227 0.07187500000000001 0.13125
0 0.2697265625 0.5017361111111112 0.091796875 0.16319444444444445
0 0.20820312500000002 0.3888888888888889 0.004687500000000001 0.01388888888888889
0 0.1771484375 0.3340277777777778 0.166796875 0.2902777777777778
0 0.15742187500000002 0.29756944444444444 0.2109375 0.3729166666666667
0 0.13671875 0.25972222222222224 0.16171875000000002 0.28750000000000003
0 0.12890625 0.24340277777777777 0.1046875 0.1826388888888889
0 0.3662109375 0.670138888888889 0.272265625 0.47222222222222227
0 0.3357421875 0.6142361111111111 0.232421875 0.41458333333333336
0 0.29453125 0.5402777777777777 0.40703125 0.7180555555555556
0 0.2873046875 0.5298611111111111 0.304296875 0.5361111111111111
0 0.266796875 0.49097222222222225 0.46953125 0.8250000000000001
0 0.33046875000000003 0.6079861111111111 0.2234375 0.39375
0 0.359375 0.6597222222222222 0.28984375 0.5347222222222222
0 0.38417968750000003 0.7072916666666667 0.314453125 0.5756944444444445
0 0.4892578125 0.8895833333333334 0.048046875 0.10277777777777779
0 0.49062500000000003 0.8899305555555556 0.039843750000000004 0.08958333333333333
0 0.529296875 0.9618055555555556 0.0921875 0.14444444444444446
0 0.478515625 0.8704861111111112 0.46640625 0.8076388888888889
0 0.47187500000000004 0.857638888888889 0.46875 0.8166666666666667
