0 0.4693359375 0.8465277777777778 0.037109375 0.061111111111111116
0 0.4109375 0.7402777777777778 0.48750000000000004 0.8736111111111111
0 0.390625 0.7059027777777778 0.07421875 0.1423611111111111
0 0.3826171875 0.6923611111111111 0.12617187500000002 0.2263888888888889
0 0.4287109375 0.7704861111111111 0.520703125 0.9340277777777778
0 0.2158203125 0.39375 0.061328125000000004 0.10972222222222222
0 0.2142578125 0.3909722222222222 0.075390625 0.12638888888888888
0 0.15253906250000002 0.28368055555555555 0.078515625 0.15069444444444444
0 0.147265625 0.2729166666666667 0.15781250000000002 0.2902777777777778
0 0.23945312500000002 0.43819444444444444 0.03125 0.061111111111111116
0 0.2505859375 0.45625000000000004 0.060546875 0.11666666666666667
0 0.28847656250000003 0.5246527777777777 0.005078125 0.00625
0 0.3318359375 0.5989583333333334 0.09335937500000001 0.16875
0 0.33613281250000004 0.6069444444444445 0.098828125 0.17222222222222222
0 0.4216796875 0.7600694444444445 0.050390625 0.09375
0 0.46640625 0.8451388888888889 0.14921875 0.2569444444444445
0 0.49609375 0.8916666666666667 0.07265625 0.125
0 0.36953125000000003 0.6652777777777779 0.1078125 0.1902777777777778
0 0.2693359375 0.49375 0.455078125 0.8250000000000001
0 0.2755859375 0.5034722222222222 0.374609375 0.6597222222222222
0 0.298046875 0.5416666666666667 0.30312500000000003 0.5319444444444444
0 0.51875 0.9361111111111111 0.47187500000000004 0.8319444444444445
0 0.45351562500000003 0.8236111111111112 0.45078125 0.8
0 0.462890625 0.8322916666666667 0.50625 0.90625
0 0.46230468750000003 0.8336805555555555 0.512109375 0.9215277777777778
0 0.5349609375000001 0.9600694444444445 0.30195312500000004 0.5298611111111111
0 0.5392578125 0.9690972222222223 0.30507812500000003 0.5368055555555555
0 0.546484375 0.9822916666666667 0.30234375 0.5368055555555555
0 0.5486328125000001 0.9822916666666667 0.310546875 0.545138888888889
