0 0.22187500000000002 0.4236111111111111 0.1609375 0.29444444444444445
0 0.2396484375 0.4482638888888889 0.103515625 0.20625000000000002
0 0.20371093750000002 0.3927083333333333 0.197265625 0.3479166666666667
0 0.36542968750000004 0.670138888888889 0.23789062500000002 0.4041666666666667
0 0.2892578125 0.5357638888888889 0.223046875 0.40069444444444446
0 0.28066406250000003 0.5211805555555555 0.21835937500000002 0.3993055555555556
0 0.296875 0.553125 0.41484375 0.75625
0 0.2529296875 0.4760416666666667 0.36445312500000004 0.6590277777777778
0 0.326171875 0.6038194444444445 0.35703125 0.6423611111111112
0 0.4693359375 0.8607638888888889 0.128515625 0.21319444444444446
0 0.49335937500000004 0.9079861111111112 0.07187500000000001 0.11875000000000001
0 0.39570312500000004 0.7263888888888889 0.04609375 0.10694444444444445
0 0.54609375 0.9961805555555556 0.215625 0.37986111111111115
