0 0.3912087912087912 0.5055555555555555 0.22967032967032966 0.2833333333333333
0 0.32472527472527474 0.4288194444444445 0.26043956043956046 0.32708333333333334
0 0.27912087912087913 0.37256944444444445 0.3065934065934066 0.37430555555555556
0 0.2662087912087912 0.3454861111111111 0.17527472527472526 0.22430555555555556
0 0.23846153846153847 0.3128472222222222 0.13846153846153847 0.1798611111111111
0 0.2271978021978022 0.2986111111111111 0.2510989010989011 0.3125
0 0.2291208791208791 0.3059027777777778 0.25934065934065936 0.3145833333333333
0 0.20412087912087912 0.2746527777777778 0.2664835164835165 0.33819444444444446
0 0.11565934065934066 0.16180555555555556 0.07527472527472527 0.1
0 0.5524725274725275 0.7138888888888889 0.11153846153846154 0.12916666666666668
0 0.5684065934065934 0.7333333333333334 0.16648351648351647 0.20972222222222223
0 0.5324175824175824 0.6868055555555556 0.1934065934065934 0.23472222222222222
0 0.5478021978021979 0.7083333333333334 0.20659340659340658 0.2611111111111111
0 0.30494505494505497 0.4041666666666667 0.35384615384615387 0.45416666666666666
0 0.28818681318681316 0.378125 0.30934065934065935 0.3784722222222222
0 0.40384615384615385 0.5243055555555556 0.5087912087912088 0.6333333333333333
0 0.7192307692307692 0.9239583333333333 0.17142857142857143 0.22430555555555556
0 0.6782967032967033 0.8708333333333333 0.1532967032967033 0.19305555555555556
0 0.6513736263736264 0.8423611111111111 0.1489010989010989 0.19305555555555556
0 0.6442307692307693 0.8309027777777778 0.160989010989011 0.20486111111111113
0 0.6318681318681318 0.8135416666666667 0.12527472527472527 0.16597222222222222
0 0.46785714285714286 0.6152777777777778 0.7456043956043956 0.9569444444444445
0 0.48021978021978023 0.6260416666666667 0.6692307692307692 0.8409722222222222
0 0.4989010989010989 0.6402777777777778 0.6945054945054945 0.8805555555555555
0 0.4739010989010989 0.6104166666666667 0.6763736263736264 0.851388888888889
0 0.4348901098901099 0.5677083333333334 0.6137362637362638 0.7729166666666667
0 0.5857142857142857 0.7631944444444445 0.5857142857142857 0.7458333333333333
0 0.5351648351648352 0.6958333333333334 0.46263736263736266 0.5805555555555556
