0 0.26894531250000003 0.49930555555555556 0.071484375 0.13333333333333333
0 0.24921875000000002 0.465625 0.010937500000000001 0.013194444444444444
0 0.22031250000000002 0.4104166666666667 0.00859375 0.02638888888888889
0 0.1810546875 0.3423611111111111 0.16757812500000002 0.30972222222222223
0 0.1494140625 0.2833333333333333 0.207421875 0.3805555555555556
0 0.1220703125 0.23680555555555557 0.10117187500000001 0.16527777777777777
0 0.3982421875 0.7263888888888889 0.083984375 0.16527777777777777
0 0.3609375 0.6590277777777778 0.037500000000000006 0.07222222222222223
0 0.36875 0.6805555555555556 0.19062500000000002 0.33055555555555555
0 0.4048828125 0.7427083333333334 0.256640625 0.4618055555555556
0 0.3345703125 0.6142361111111111 0.23554687500000002 0.4076388888888889
0 0.298046875 0.5482638888888889 0.47890625000000003 0.8368055555555556
0 0.2994140625 0.5510416666666667 0.523828125 0.9131944444444445
0 0.24570312500000002 0.4548611111111111 0.36875 0.6416666666666667
0 0.4109375 0.7503472222222223 0.065625 0.12847222222222224
0 0.4744140625 0.8684027777777779 0.18320312500000002 0.32569444444444445
0 0.5287109375 0.9625 0.08867187500000001 0.14305555555555557
0 0.5300781250000001 0.9642361111111112 0.3921875 0.6951388888888889
0 0.5384765625 0.9770833333333334 0.499609375 0.8694444444444445
0 0.46894531250000004 0.8538194444444445 0.491796875 0.8618055555555556
0 0.4716796875 0.853125 0.5027343750000001 0.8993055555555556
0 0.4228515625 0.7708333333333334 0.543359375 0.9583333333333334
