0 0.17578125 0.33298611111111115 0.17578125 0.30486111111111114
0 0.16464843750000002 0.31145833333333334 0.158203125 0.26458333333333334
0 0.133203125 0.25659722222222225 0.07890625000000001 0.12569444444444444
0 0.209375 0.3885416666666667 0.01640625 0.02013888888888889
0 0.3208984375 0.5923611111111111 0.012109375 0.03194444444444445
0 0.39863281250000004 0.7277777777777779 0.21210937500000002 0.39583333333333337
0 0.31855468750000004 0.584375 0.17148437500000002 0.29791666666666666
0 0.36875 0.6729166666666667 0.23359375000000002 0.43194444444444446
0 0.39140625 0.7197916666666667 0.19687500000000002 0.36458333333333337
0 0.33144531250000003 0.6097222222222223 0.228515625 0.41805555555555557
0 0.296484375 0.5447916666666667 0.40156250000000004 0.7020833333333334
0 0.328125 0.6010416666666667 0.46875 0.820138888888889
0 0.28066406250000003 0.5208333333333334 0.501953125 0.9083333333333333
0 0.5166015625 0.9416666666666667 0.043359375000000006 0.08888888888888889
0 0.4947265625 0.9010416666666667 0.012109375 0.027083333333333334
0 0.4576171875 0.8340277777777778 0.042578125 0.06944444444444445
0 0.540234375 0.9878472222222222 0.50234375 0.8868055555555556
0 0.47734375 0.86875 0.5007812500000001 0.8722222222222222
0 0.52890625 0.9638888888888889 0.3921875 0.701388888888889
0 0.4169921875 0.7631944444444445 0.541015625 0.9555555555555556
