0 0.14862637362637363 0.21319444444444446 0.01703296703296703 0.019444444444444445
0 0.1662087912087912 0.23506944444444444 0.03241758241758242 0.03680555555555556
0 0.15631868131868132 0.22013888888888888 0.057692307692307696 0.06666666666666667
0 0.325 0.4322916666666667 0.2434065934065934 0.30347222222222225
0 0.4258241758241758 0.5569444444444445 0.38571428571428573 0.48333333333333334
0 0.4736263736263736 0.6274305555555556 0.2802197802197802 0.35347222222222224
0 0.4107142857142857 0.5420138888888889 0.6510989010989011 0.8229166666666667
0 0.453021978021978 0.5951388888888889 0.7532967032967033 0.9430555555555556
0 0.45604395604395603 0.5993055555555555 0.7604395604395604 0.9666666666666667
0 0.628021978021978 0.815625 0.3131868131868132 0.40208333333333335
0 0.7519230769230769 0.9760416666666667 0.3192307692307692 0.3993055555555556
0 0.689010989010989 0.8961805555555555 0.11428571428571428 0.13958333333333334
0 0.5258241758241758 0.6899305555555556 0.26703296703296703 0.3423611111111111
0 0.509065934065934 0.6704861111111111 0.26868131868131867 0.33958333333333335
0 0.4703296703296703 0.61875 0.22527472527472528 0.3027777777777778
0 0.36236263736263735 0.48506944444444444 0.32142857142857145 0.40347222222222223
0 0.30439560439560437 0.41076388888888893 0.5098901098901099 0.6506944444444445
0 0.29203296703296705 0.39340277777777777 0.49175824175824173 0.6381944444444445
