0 0.18828125 0.36041666666666666 0.13828125 0.25277777777777777
0 0.17832031250000002 0.3402777777777778 0.051953125 0.10555555555555556
0 0.16718750000000002 0.31770833333333337 0.05078125 0.06875
0 0.2107421875 0.3947916666666667 0.037109375 0.07569444444444445
0 0.20761718750000002 0.38958333333333334 0.041796875000000004 0.08888888888888889
0 0.23007812500000002 0.43159722222222224 0.0203125 0.052083333333333336
0 0.31796875 0.5871527777777777 0.14453125 0.23680555555555557
0 0.33925781250000003 0.6239583333333334 0.103515625 0.19652777777777777
0 0.3306640625 0.607638888888889 0.22617187500000002 0.425
0 0.2763671875 0.5135416666666667 0.47382812500000004 0.8493055555555555
0 0.303515625 0.5590277777777778 0.5007812500000001 0.8819444444444445
0 0.3376953125 0.61875 0.452734375 0.7875
0 0.4326171875 0.7927083333333333 0.290234375 0.4951388888888889
0 0.37128906250000004 0.6805555555555556 0.31289062500000003 0.5708333333333333
0 0.38046875 0.7003472222222222 0.13984375000000002 0.26458333333333334
0 0.4841796875 0.8805555555555555 0.158984375 0.29305555555555557
0 0.47773437500000004 0.8736111111111111 0.11875000000000001 0.2125
0 0.5201171875 0.946875 0.051953125 0.10486111111111111
0 0.5255859375 0.9541666666666667 0.44648437500000004 0.7763888888888889
0 0.4107421875 0.7486111111111111 0.556640625 0.9722222222222222
