0 0.2508241758241758 0.33784722222222224 0.026923076923076925 0.04097222222222222
0 0.16153846153846155 0.22256944444444446 0.25164835164835164 0.3354166666666667
0 0.1239010989010989 0.17673611111111112 0.128021978021978 0.15763888888888888
0 0.3587912087912088 0.46979166666666666 0.1076923076923077 0.12986111111111112
0 0.2854395604395604 0.3819444444444445 0.33901098901098903 0.40972222222222227
0 0.2989010989010989 0.39548611111111115 0.3010989010989011 0.3770833333333333
0 0.5862637362637363 0.7652777777777778 0.567032967032967 0.7222222222222222
0 0.5832417582417583 0.7489583333333334 0.6598901098901099 0.8284722222222223
0 0.4326923076923077 0.5663194444444445 0.7038461538461539 0.9006944444444445
0 0.4156593406593407 0.5496527777777778 0.615934065934066 0.7631944444444445
0 0.612912087912088 0.7892361111111111 0.4401098901098901 0.5437500000000001
0 0.6780219780219781 0.8753472222222223 0.42527472527472526 0.5340277777777778
0 0.7406593406593407 0.951388888888889 0.2164835164835165 0.28611111111111115
0 0.7480769230769231 0.9569444444444445 0.3565934065934066 0.45
0 0.6774725274725275 0.8770833333333333 0.22087912087912087 0.2777777777777778
0 0.6315934065934066 0.8159722222222222 0.1434065934065934 0.16666666666666669
0 0.592032967032967 0.7715277777777778 0.03131868131868132 0.034722222222222224
0 0.5491758241758242 0.717013888888889 0.015934065934065933 0.024305555555555556
0 0.5343406593406593 0.6954861111111111 0.20384615384615384 0.26319444444444445
0 0.46291208791208793 0.6013888888888889 0.13791208791208792 0.18611111111111112
0 0.4725274725274725 0.6107638888888889 0.008791208791208791 0.004861111111111111
0 0.38269230769230766 0.5013888888888889 0.23901098901098902 0.3194444444444445
0 0.35027472527472525 0.46493055555555557 0.5291208791208791 0.6715277777777778
0 0.30604395604395607 0.4045138888888889 0.26263736263736265 0.31875000000000003
