0 0.20961538461538462 0.2885416666666667 0.13791208791208792 0.18125
0 0.18296703296703296 0.2545138888888889 0.12307692307692308 0.15486111111111112
0 0.19917582417582416 0.2767361111111111 0.13021978021978023 0.16736111111111113
0 0.36456043956043954 0.4847222222222222 0.42032967032967034 0.5472222222222223
0 0.38076923076923075 0.503125 0.3010989010989011 0.38958333333333334
0 0.4247252747252747 0.5552083333333333 0.3879120879120879 0.48958333333333337
0 0.4870879120879121 0.6402777777777778 0.7851648351648352 0.9875
0 0.47417582417582416 0.6236111111111111 0.7494505494505495 0.9486111111111112
0 0.4596153846153846 0.6072916666666667 0.7763736263736264 0.9868055555555556
0 0.728021978021978 0.9454861111111111 0.38571428571428573 0.47708333333333336
0 0.6436813186813187 0.8326388888888889 0.3467032967032967 0.44722222222222224
0 0.7532967032967033 0.976388888888889 0.3153846153846154 0.38472222222222224
0 0.5892857142857143 0.7722222222222223 0.19175824175824177 0.2388888888888889
0 0.5703296703296703 0.7489583333333334 0.24395604395604395 0.3104166666666667
0 0.5258241758241758 0.6913194444444445 0.27582417582417584 0.34375
0 0.3532967032967033 0.4715277777777778 0.510989010989011 0.6430555555555556
0 0.34917582417582416 0.46805555555555556 0.5258241758241758 0.6638888888888889
0 0.2793956043956044 0.3767361111111111 0.3478021978021978 0.42847222222222225
