0 0.21813186813186813 0.29965277777777777 0.16263736263736264 0.21597222222222223
0 0.1989010989010989 0.2743055555555556 0.041758241758241756 0.06666666666666667
0 0.16703296703296702 0.23611111111111113 0.05934065934065934 0.08055555555555556
0 0.4282967032967033 0.5604166666666667 0.3038461538461538 0.37083333333333335
0 0.3771978021978022 0.503125 0.2895604395604396 0.38125000000000003
0 0.3728021978021978 0.49270833333333336 0.2445054945054945 0.31319444444444444
0 0.5002747252747253 0.6552083333333334 0.6873626373626374 0.8729166666666667
0 0.48021978021978023 0.6322916666666667 0.765934065934066 0.9743055555555556
0 0.47774725274725277 0.6305555555555555 0.7730769230769231 0.9847222222222223
0 0.6346153846153846 0.8267361111111111 0.34725274725274724 0.4604166666666667
0 0.6489010989010989 0.8392361111111112 0.38461538461538464 0.5020833333333333
0 0.7252747252747253 0.9371527777777778 0.36043956043956044 0.4354166666666667
0 0.5222527472527473 0.6854166666666667 0.010439560439560439 0.002777777777777778
0 0.509065934065934 0.6711805555555556 0.015934065934065933 0.021527777777777778
0 0.5777472527472527 0.75625 0.18956043956043955 0.22083333333333335
0 0.3631868131868132 0.4840277777777778 0.5054945054945055 0.6236111111111111
0 0.3021978021978022 0.40729166666666666 0.4945054945054945 0.6256944444444444
0 0.314010989010989 0.42256944444444444 0.5049450549450549 0.6493055555555556
