0 0.24615384615384617 0.3298611111111111 0.056043956043956046 0.058333333333333334
0 0.2456043956043956 0.3211805555555556 0.016483516483516484 0.01875
0 0.15631868131868132 0.21597222222222223 0.21813186813186813 0.28194444444444444
0 0.11098901098901098 0.1590277777777778 0.0912087912087912 0.12361111111111112
0 0.1293956043956044 0.17604166666666668 0.13241758241758242 0.17430555555555557
0 0.19972527472527474 0.26284722222222223 0.015934065934065933 0.015972222222222224
0 0.2478021978021978 0.3236111111111111 0.038461538461538464 0.044444444444444446
0 0.12692307692307692 0.17673611111111112 0.017582417582417582 0.025694444444444447
0 0.20302197802197802 0.2652777777777778 0.05879120879120879 0.07361111111111111
0 0.4087912087912088 0.5381944444444444 0.2835164835164835 0.3666666666666667
0 0.2923076923076923 0.3822916666666667 0.3065934065934066 0.3965277777777778
0 0.33379120879120877 0.4395833333333333 0.4434065934065934 0.5611111111111111
0 0.42967032967032964 0.5618055555555556 0.5516483516483517 0.6902777777777778
0 0.4277472527472527 0.5520833333333334 0.6225274725274725 0.7819444444444444
0 0.41813186813186815 0.5465277777777778 0.6912087912087912 0.8736111111111111
0 0.42445054945054944 0.5520833333333334 0.7005494505494505 0.8972222222222223
0 0.4967032967032967 0.6409722222222223 0.7857142857142857 0.9972222222222222
0 0.4574175824175824 0.5923611111111111 0.7598901098901099 0.9666666666666667
0 0.525 0.6739583333333333 0.7467032967032967 0.9395833333333333
0 0.5706043956043956 0.7392361111111111 0.5324175824175824 0.6840277777777778
0 0.5469780219780219 0.7114583333333334 0.49945054945054945 0.6340277777777779
0 0.4747252747252747 0.6104166666666667 0.765934065934066 0.9666666666666667
0 0.635989010989011 0.8170138888888889 0.43021978021978025 0.5423611111111112
0 0.6288461538461538 0.8114583333333334 0.40824175824175823 0.5034722222222222
0 0.7101648351648352 0.9121527777777778 0.42142857142857143 0.5201388888888889
0 0.7228021978021978 0.9364583333333334 0.3752747252747253 0.46875
0 0.6181318681318682 0.7940972222222222 0.17692307692307693 0.22986111111111113
0 0.6096153846153847 0.7815972222222223 0.15879120879120878 0.19930555555555557
0 0.5956043956043956 0.763888888888889 0.16813186813186815 0.20416666666666666
0 0.5862637362637363 0.7552083333333334 0.17912087912087912 0.22708333333333333
0 0.6813186813186813 0.8680555555555556 0.34615384615384615 0.4375
0 0.7214285714285714 0.9350694444444445 0.1824175824175824 0.23541666666666666
0 0.6884615384615385 0.890625 0.16483516483516483 0.2076388888888889
0 0.6519230769230769 0.8409722222222222 0.1565934065934066 0.18333333333333335
0 0.575 0.7427083333333334 0.10934065934065934 0.12569444444444444
0 0.5684065934065934 0.7309027777777778 0.12582417582417582 0.15069444444444444
0 0.4870879120879121 0.6315972222222223 0.20824175824175825 0.2659722222222222
0 0.46401098901098903 0.6090277777777778 0.20274725274725275 0.25833333333333336
0 0.43351648351648353 0.5635416666666667 0.1043956043956044 0.12152777777777778
0 0.37967032967032965 0.4920138888888889 0.29010989010989013 0.3770833333333333
0 0.26373626373626374 0.34756944444444443 0.37362637362637363 0.4743055555555556
0 0.4010989010989011 0.5256944444444445 0.3637362637362637 0.48055555555555557
0 0.3510989010989011 0.46458333333333335 0.5582417582417583 0.6944444444444444
