0 0.7054945054945055 0.9166666666666667 0.17362637362637362 0.2263888888888889
0 0.7148351648351648 0.9260416666666667 0.16263736263736264 0.2215277777777778
0 0.5107142857142857 0.6760416666666667 0.10494505494505495 0.12152777777777778
0 0.4958791208791209 0.6538194444444445 0.20934065934065935 0.28125
0 0.45082417582417583 0.6003472222222223 0.10824175824175825 0.1423611111111111
0 0.43131868131868134 0.5725694444444445 0.24505494505494504 0.3298611111111111
0 0.435989010989011 0.5788194444444444 0.39065934065934066 0.47847222222222224
0 0.44258241758241756 0.5847222222222223 0.7071428571428572 0.8791666666666667
0 0.49065934065934064 0.646875 0.7626373626373626 0.9645833333333333
0 0.5255494505494506 0.6923611111111111 0.5807692307692308 0.7361111111111112
0 0.39203296703296703 0.5170138888888889 0.2741758241758242 0.36597222222222225
0 0.4107142857142857 0.5427083333333333 0.43021978021978025 0.5493055555555556
0 0.3384615384615385 0.453125 0.22857142857142856 0.2715277777777778
0 0.22362637362637364 0.30868055555555557 0.13736263736263737 0.19375
0 0.2271978021978022 0.30972222222222223 0.1554945054945055 0.2138888888888889
0 0.22637362637362637 0.3076388888888889 0.017582417582417582 0.0375
0 0.2945054945054945 0.40034722222222224 0.3021978021978022 0.3770833333333333
