0 0.24082031250000002 0.45069444444444445 0.076171875 0.1388888888888889
0 0.223046875 0.4170138888888889 0.00859375 0.021527777777777778
0 0.2986328125 0.5510416666666667 0.048828125 0.09375
0 0.1796875 0.34097222222222223 0.1640625 0.3013888888888889
0 0.1619140625 0.3076388888888889 0.219140625 0.3888888888888889
0 0.121484375 0.23472222222222222 0.10234375000000001 0.16527777777777777
0 0.41171875 0.7527777777777778 0.17109375000000002 0.2847222222222222
0 0.35292968750000003 0.6489583333333333 0.044140625 0.07708333333333334
0 0.37343750000000003 0.6885416666666667 0.19453125000000002 0.3368055555555556
0 0.340625 0.6277777777777778 0.2234375 0.3902777777777778
0 0.4265625 0.7777777777777778 0.16796875 0.3180555555555556
0 0.48671875000000003 0.8913194444444444 0.035937500000000004 0.04652777777777778
0 0.49648437500000003 0.9024305555555556 0.01015625 0.0006944444444444445
0 0.5294921875 0.9611111111111111 0.07695312500000001 0.12083333333333333
0 0.269140625 0.49722222222222223 0.3171875 0.5513888888888889
0 0.29726562500000003 0.5503472222222222 0.49062500000000003 0.8631944444444445
0 0.2994140625 0.55 0.5222656250000001 0.9152777777777779
0 0.53828125 0.9767361111111111 0.49921875000000004 0.8701388888888889
0 0.5224609375 0.9479166666666667 0.458984375 0.7972222222222223
0 0.4685546875 0.8534722222222223 0.487890625 0.85
0 0.46992187500000004 0.8545138888888889 0.49921875000000004 0.8993055555555556
0 0.4208984375 0.7677083333333333 0.5378906250000001 0.9506944444444445
