0 0.14765625000000002 0.28402777777777777 0.11796875000000001 0.20833333333333334
0 0.1775390625 0.33125 0.20820312500000002 0.3541666666666667
0 0.1947265625 0.36944444444444446 0.049609375000000004 0.09861111111111112
0 0.22187500000000002 0.4135416666666667 0.06406250000000001 0.13125
0 0.3013671875 0.5545138888888889 0.090234375 0.14375000000000002
0 0.2919921875 0.5395833333333333 0.10039062500000001 0.17083333333333334
0 0.35761718750000004 0.6600694444444445 0.26992187500000003 0.4951388888888889
0 0.35000000000000003 0.6430555555555556 0.17734375000000002 0.33055555555555555
0 0.33144531250000003 0.6125 0.13398437500000002 0.22916666666666669
0 0.5005859375 0.9111111111111111 0.004296875 0.018055555555555557
0 0.355078125 0.6541666666666667 0.16718750000000002 0.29305555555555557
0 0.34785156250000004 0.6493055555555556 0.20273437500000002 0.35694444444444445
0 0.375 0.6854166666666667 0.32578125 0.5972222222222222
0 0.3310546875 0.6062500000000001 0.330859375 0.6083333333333334
0 0.3150390625 0.5826388888888889 0.38710937500000003 0.6805555555555556
0 0.32734375000000004 0.6045138888888889 0.45156250000000003 0.8104166666666667
0 0.4873046875 0.8892361111111111 0.115234375 0.20486111111111113
0 0.4205078125 0.7756944444444445 0.048046875 0.08611111111111111
0 0.49296875 0.8934027777777778 0.45546875000000003 0.7909722222222223
0 0.546484375 0.9930555555555556 0.4578125 0.8250000000000001
