0 0.17197802197802198 0.24444444444444446 0.07032967032967033 0.08472222222222223
0 0.1771978021978022 0.2451388888888889 0.04010989010989011 0.04166666666666667
0 0.2173076923076923 0.30208333333333337 0.13131868131868132 0.17083333333333334
0 0.3192307692307692 0.43333333333333335 0.2813186813186813 0.3611111111111111
0 0.3824175824175824 0.50625 0.41098901098901097 0.5305555555555556
0 0.4153846153846154 0.5458333333333334 0.3747252747252747 0.47361111111111115
0 0.5560439560439561 0.7277777777777779 0.6307692307692307 0.8027777777777778
0 0.5024725274725275 0.6600694444444445 0.739010989010989 0.9298611111111111
0 0.4552197802197802 0.6013888888888889 0.7357142857142858 0.9277777777777778
0 0.7494505494505495 0.96875 0.34395604395604396 0.42638888888888893
0 0.7576923076923077 0.9829861111111111 0.2230769230769231 0.29375
0 0.6263736263736264 0.8197916666666667 0.3065934065934066 0.40208333333333335
0 0.4697802197802198 0.6211805555555556 0.054945054945054944 0.08402777777777778
0 0.5458791208791208 0.7184027777777778 0.28076923076923077 0.33958333333333335
0 0.5978021978021978 0.7864583333333334 0.15934065934065933 0.21041666666666667
0 0.35521978021978023 0.4756944444444445 0.2357142857142857 0.30833333333333335
0 0.35274725274725277 0.47222222222222227 0.310989010989011 0.3819444444444445
0 0.39175824175824175 0.5225694444444444 0.46703296703296704 0.5701388888888889
