0 0.47774725274725277 0.6194444444444445 0.12252747252747252 0.15
0 0.5208791208791209 0.6760416666666667 0.13296703296703297 0.15625
0 0.5928571428571429 0.765625 0.09010989010989011 0.11180555555555556
0 0.5914835164835165 0.7645833333333334 0.06758241758241758 0.08194444444444444
0 0.6302197802197802 0.8100694444444445 0.13406593406593406 0.16736111111111113
0 0.6818681318681319 0.8746527777777778 0.16593406593406593 0.20486111111111113
0 0.7442307692307693 0.9541666666666667 0.30494505494505497 0.3944444444444445
0 0.6535714285714286 0.8395833333333333 0.1423076923076923 0.18472222222222223
0 0.6527472527472528 0.8423611111111111 0.13296703296703297 0.17916666666666667
0 0.45384615384615384 0.5927083333333334 0.512087912087912 0.6409722222222223
0 0.4478021978021978 0.58125 0.5208791208791209 0.6541666666666667
0 0.4409340659340659 0.5711805555555556 0.5675824175824176 0.7243055555555555
0 0.4348901098901099 0.5715277777777777 0.5302197802197802 0.6486111111111111
0 0.44835164835164837 0.5881944444444445 0.5 0.6152777777777778
0 0.24670329670329672 0.3277777777777778 0.21978021978021978 0.27222222222222225
0 0.2052197802197802 0.27083333333333337 0.2774725274725275 0.34305555555555556
0 0.1989010989010989 0.26493055555555556 0.27692307692307694 0.33819444444444446
0 0.23461538461538461 0.3079861111111111 0.14945054945054945 0.18680555555555556
0 0.13351648351648351 0.18645833333333334 0.21208791208791208 0.2743055555555556
0 0.3508241758241758 0.46111111111111114 0.09175824175824175 0.10694444444444445
0 0.3730769230769231 0.48958333333333337 0.35274725274725277 0.43194444444444446
0 0.30494505494505497 0.40069444444444446 0.42527472527472526 0.5319444444444444
0 0.33653846153846156 0.43680555555555556 0.10494505494505495 0.1375
0 0.3994505494505495 0.5204861111111111 0.5186813186813187 0.65625
0 0.38846153846153847 0.5121527777777778 0.4967032967032967 0.6284722222222222
0 0.29120879120879123 0.38819444444444445 0.4153846153846154 0.5263888888888889
