0 0.2412087912087912 0.3184027777777778 0.27802197802197803 0.36041666666666666
0 0.3173076923076923 0.41944444444444445 0.1412087912087912 0.17777777777777778
0 0.2923076923076923 0.3805555555555556 0.4087912087912088 0.5208333333333334
0 0.2947802197802198 0.39305555555555555 0.4247252747252747 0.5277777777777778
0 0.5826923076923077 0.7559027777777778 0.5521978021978022 0.7173611111111111
0 0.45357142857142857 0.5899305555555556 0.6137362637362638 0.7618055555555556
0 0.44258241758241756 0.5777777777777778 0.7269230769230769 0.9347222222222222
0 0.6848901098901099 0.8784722222222222 0.1686813186813187 0.20694444444444446
0 0.7392857142857143 0.9486111111111112 0.3335164835164835 0.43194444444444446
0 0.6299450549450549 0.810763888888889 0.13681318681318683 0.16736111111111113
0 0.5914835164835165 0.7611111111111112 0.23131868131868133 0.2888888888888889
0 0.579945054945055 0.7513888888888889 0.002747252747252747 0.008333333333333333
0 0.5934065934065934 0.7684027777777778 0.0879120879120879 0.10625
0 0.5752747252747252 0.748263888888889 0.15164835164835164 0.1840277777777778
0 0.5164835164835165 0.6708333333333334 0.12747252747252746 0.16944444444444445
0 0.3008241758241758 0.39375 0.4928571428571429 0.6277777777777778
0 0.30247252747252745 0.40069444444444446 0.48516483516483516 0.625
0 0.2967032967032967 0.38993055555555556 0.4747252747252747 0.5979166666666667
0 0.2337912087912088 0.3059027777777778 0.1357142857142857 0.17708333333333334
0 0.20604395604395603 0.27743055555555557 0.26593406593406593 0.33125
0 0.21043956043956044 0.2829861111111111 0.27912087912087913 0.34097222222222223
0 0.18653846153846154 0.2534722222222222 0.2785714285714286 0.3416666666666667
0 0.11483516483516483 0.15763888888888888 0.07142857142857142 0.08611111111111111
