0 0.2456043956043956 0.340625 0.11868131868131868 0.13680555555555557
0 0.24148351648351649 0.3302083333333333 0.15879120879120878 0.19097222222222224
0 0.22664835164835165 0.3138888888888889 0.18076923076923077 0.20972222222222223
0 0.3118131868131868 0.41597222222222224 0.27087912087912086 0.3458333333333333
0 0.37884615384615383 0.5027777777777778 0.2423076923076923 0.2888888888888889
0 0.38434065934065936 0.5107638888888889 0.21043956043956044 0.26319444444444445
0 0.4423076923076923 0.5826388888888889 0.6824175824175824 0.8694444444444445
0 0.5008241758241758 0.6586805555555556 0.5653846153846154 0.6951388888888889
0 0.5486263736263737 0.7260416666666667 0.5203296703296704 0.6743055555555556
0 0.5233516483516484 0.6899305555555556 0.01703296703296703 0.03263888888888889
0 0.4901098901098901 0.6479166666666667 0.21978021978021978 0.26944444444444443
0 0.6321428571428571 0.8225694444444445 0.15989010989010988 0.18819444444444444
0 0.679945054945055 0.8833333333333334 0.14560439560439561 0.19444444444444445
0 0.7159340659340659 0.9284722222222223 0.14065934065934066 0.17500000000000002
0 0.614010989010989 0.8041666666666667 0.1467032967032967 0.18194444444444446
0 0.3574175824175824 0.4774305555555556 0.47197802197802197 0.5965277777777778
0 0.34917582417582416 0.46145833333333336 0.43021978021978025 0.5368055555555555
0 0.3508241758241758 0.46805555555555556 0.36538461538461536 0.4388888888888889
