0 0.24368131868131868 0.33437500000000003 0.06098901098901099 0.08125
0 0.18269230769230768 0.2517361111111111 0.06978021978021978 0.10486111111111111
0 0.2923076923076923 0.39583333333333337 0.03736263736263736 0.05
0 0.3524725274725275 0.46805555555555556 0.1543956043956044 0.19166666666666668
0 0.4271978021978022 0.5673611111111111 0.1478021978021978 0.2013888888888889
0 0.40934065934065933 0.5347222222222222 0.3791208791208791 0.48888888888888893
0 0.5321428571428571 0.6927083333333334 0.6895604395604396 0.8895833333333334
0 0.4409340659340659 0.5795138888888889 0.7554945054945055 0.9409722222222222
0 0.43324175824175826 0.5690972222222223 0.75 0.9618055555555556
0 0.6802197802197802 0.884375 0.13406593406593406 0.17152777777777778
0 0.6722527472527473 0.8697916666666667 0.12912087912087913 0.16041666666666668
0 0.7296703296703296 0.9447916666666667 0.3824175824175824 0.46319444444444446
0 0.5035714285714286 0.6625 0.01703296703296703 0.025
0 0.4651098901098901 0.6111111111111112 0.025824175824175823 0.006944444444444445
0 0.48324175824175825 0.6375000000000001 0.2675824175824176 0.3263888888888889
0 0.3862637362637363 0.5104166666666667 0.44175824175824174 0.5458333333333334
0 0.3739010989010989 0.4979166666666667 0.48296703296703297 0.5958333333333333
0 0.2923076923076923 0.3902777777777778 0.4582417582417582 0.5972222222222222
