0 0.7587912087912088 0.9777777777777779 0.44285714285714284 0.5416666666666667
0 0.7563186813186813 0.9791666666666667 0.19175824175824177 0.22361111111111112
0 0.6736263736263737 0.873263888888889 0.44175824175824174 0.5729166666666667
0 0.5074175824175824 0.6649305555555556 0.6038461538461538 0.7798611111111111
0 0.381043956043956 0.5045138888888889 0.30054945054945054 0.36319444444444443
0 0.425 0.5586805555555556 0.37637362637362637 0.4548611111111111
0 0.3373626373626374 0.45381944444444444 0.3802197802197802 0.5020833333333333
0 0.4881868131868132 0.6440972222222222 0.0456043956043956 0.07708333333333334
0 0.576098901098901 0.7534722222222222 0.08516483516483517 0.12638888888888888
0 0.4052197802197802 0.5416666666666667 0.19505494505494506 0.2652777777777778
0 0.4277472527472527 0.5677083333333334 0.2412087912087912 0.3215277777777778
0 0.3510989010989011 0.46979166666666666 0.4307692307692308 0.5618055555555556
0 0.28296703296703296 0.3822916666666667 0.07912087912087912 0.11597222222222223
0 0.28736263736263734 0.3857638888888889 0.15494505494505495 0.17430555555555557
0 0.18516483516483517 0.2607638888888889 0.10329670329670329 0.14652777777777778
0 0.5879120879120879 0.7670138888888889 0.002197802197802198 0.021527777777777778
0 0.5956043956043956 0.7809027777777778 0.6659340659340659 0.8409722222222222
