0 0.27734375 0.5149305555555556 0.046875 0.09097222222222223
0 0.29765625 0.5489583333333333 0.01171875 0.04097222222222222
0 0.31660156250000004 0.5777777777777778 0.062890625 0.09861111111111112
0 0.335546875 0.6166666666666667 0.09453125000000001 0.1875
0 0.37539062500000003 0.6888888888888889 0.0484375 0.10694444444444445
0 0.193359375 0.36458333333333337 0.14375000000000002 0.27222222222222225
0 0.1396484375 0.2673611111111111 0.069140625 0.11111111111111112
0 0.1318359375 0.2534722222222222 0.09257812500000001 0.1513888888888889
0 0.251953125 0.46631944444444445 0.43671875000000004 0.7645833333333334
0 0.2978515625 0.5479166666666667 0.494140625 0.8680555555555556
0 0.30390625000000004 0.5586805555555556 0.5125000000000001 0.8951388888888889
0 0.3951171875 0.7229166666666667 0.361328125 0.65
0 0.4001953125 0.732638888888889 0.148046875 0.27222222222222225
0 0.35664062500000004 0.6607638888888889 0.19375 0.33263888888888893
0 0.471484375 0.859375 0.04609375 0.08263888888888889
0 0.52109375 0.9472222222222223 0.025781250000000002 0.061111111111111116
0 0.5300781250000001 0.9638888888888889 0.06796875000000001 0.1
0 0.5388671875000001 0.9774305555555556 0.499609375 0.8715277777777778
0 0.49335937500000004 0.9024305555555556 0.4703125 0.8381944444444445
0 0.4693359375 0.8541666666666667 0.498828125 0.9027777777777778
0 0.4244140625 0.7760416666666667 0.544921875 0.96875
