0 0.23296703296703297 0.3076388888888889 0.14945054945054945 0.18472222222222223
0 0.2445054945054945 0.32569444444444445 0.23186813186813188 0.30694444444444446
0 0.22032967032967032 0.2888888888888889 0.25274725274725274 0.3180555555555556
0 0.15686813186813187 0.21631944444444445 0.2543956043956044 0.3215277777777778
0 0.15521978021978022 0.215625 0.2532967032967033 0.3104166666666667
0 0.32252747252747255 0.42847222222222225 0.08461538461538462 0.11666666666666667
0 0.314010989010989 0.4121527777777778 0.1357142857142857 0.1590277777777778
0 0.41483516483516486 0.5364583333333334 0.3021978021978022 0.3784722222222222
0 0.2664835164835165 0.3496527777777778 0.33076923076923076 0.4215277777777778
0 0.45164835164835165 0.5892361111111112 0.5142857142857142 0.6631944444444444
0 0.43131868131868134 0.5680555555555555 0.5813186813186814 0.7486111111111111
0 0.425 0.5510416666666667 0.5972527472527472 0.7604166666666667
0 0.4184065934065934 0.5486111111111112 0.6170329670329671 0.7833333333333333
0 0.4403846153846154 0.5819444444444445 0.7258241758241758 0.9305555555555556
0 0.6293956043956044 0.8097222222222222 0.1357142857142857 0.16666666666666669
0 0.6818681318681319 0.8746527777777778 0.16703296703296702 0.20486111111111113
0 0.6489010989010989 0.8329861111111111 0.14285714285714285 0.19097222222222224
0 0.7087912087912088 0.9100694444444445 0.26153846153846155 0.33263888888888893
0 0.7434065934065934 0.9559027777777778 0.2956043956043956 0.36597222222222225
0 0.5134615384615384 0.6621527777777778 0.13681318681318683 0.16319444444444445
0 0.5082417582417582 0.6611111111111111 0.13186813186813187 0.1513888888888889
0 0.5728021978021978 0.7381944444444445 0.10604395604395604 0.13333333333333333
0 0.592032967032967 0.7631944444444445 0.026923076923076925 0.022222222222222223
0 0.40906593406593406 0.5336805555555556 0.5049450549450549 0.6465277777777778
0 0.2793956043956044 0.375 0.43131868131868134 0.55
0 0.27362637362637365 0.3652777777777778 0.3901098901098901 0.5041666666666667
