0 0.16071428571428573 0.22569444444444445 0.046703296703296704 0.07916666666666666
0 0.1631868131868132 0.22777777777777777 0.03406593406593406 0.03888888888888889
0 0.2 0.275 0.03626373626373627 0.04722222222222222
0 0.3620879120879121 0.4826388888888889 0.23186813186813188 0.3111111111111111
0 0.37335164835164836 0.4920138888888889 0.2445054945054945 0.31180555555555556
0 0.42527472527472526 0.5555555555555556 0.289010989010989 0.3666666666666667
0 0.42664835164835163 0.5625 0.7214285714285714 0.9305555555555556
0 0.44945054945054946 0.5885416666666667 0.7428571428571429 0.9395833333333333
0 0.4684065934065934 0.6170138888888889 0.7708791208791209 0.982638888888889
0 0.7434065934065934 0.9579861111111111 0.16373626373626374 0.21875
0 0.7453296703296703 0.9656250000000001 0.3302197802197802 0.40069444444444446
0 0.7239010989010989 0.9368055555555556 0.360989010989011 0.4375
0 0.5810439560439561 0.7614583333333333 0.1576923076923077 0.1951388888888889
0 0.5763736263736263 0.7565972222222223 0.15604395604395604 0.19375
0 0.44835164835164837 0.5888888888888889 0.031868131868131866 0.020833333333333336
0 0.30851648351648353 0.4138888888888889 0.4928571428571429 0.6263888888888889
0 0.3151098901098901 0.4236111111111111 0.506043956043956 0.65
0 0.35714285714285715 0.4809027777777778 0.5043956043956044 0.63125
