0 0.11181318681318682 0.16111111111111112 0.06648351648351648 0.08333333333333334
0 0.12142857142857143 0.1701388888888889 0.12967032967032968 0.15416666666666667
0 0.21428571428571427 0.28750000000000003 0.256043956043956 0.33333333333333337
0 0.23351648351648352 0.3079861111111111 0.14835164835164835 0.18680555555555556
0 0.4576923076923077 0.5989583333333334 0.07362637362637363 0.09375
0 0.46785714285714286 0.6072916666666667 0.11263736263736264 0.14652777777777778
0 0.595054945054945 0.7690972222222222 0.027472527472527472 0.035416666666666666
0 0.5340659340659341 0.6934027777777778 0.12087912087912088 0.15763888888888888
0 0.2692307692307692 0.3572916666666667 0.1824175824175824 0.22847222222222224
0 0.2917582417582418 0.39131944444444444 0.1010989010989011 0.12569444444444444
0 0.4104395604395604 0.5326388888888889 0.2087912087912088 0.27083333333333337
0 0.30247252747252745 0.39305555555555555 0.41703296703296705 0.5263888888888889
0 0.45714285714285713 0.5972222222222222 0.5307692307692308 0.6791666666666667
0 0.43214285714285716 0.5684027777777778 0.5697802197802198 0.7145833333333333
0 0.47527472527472525 0.6229166666666667 0.7549450549450549 0.9750000000000001
0 0.5282967032967033 0.6885416666666667 0.7686813186813187 0.9729166666666667
0 0.28186813186813187 0.37604166666666666 0.43736263736263736 0.5673611111111111
0 0.3793956043956044 0.49097222222222225 0.4928571428571429 0.6277777777777778
0 0.4126373626373626 0.5402777777777777 0.5 0.638888888888889
0 0.6804945054945055 0.8746527777777778 0.16648351648351647 0.20208333333333334
0 0.7403846153846154 0.9500000000000001 0.30494505494505497 0.38472222222222224
0 0.6299450549450549 0.8118055555555556 0.1346153846153846 0.16666666666666669
0 0.6 0.7767361111111112 0.21318681318681318 0.28125
0 0.6489010989010989 0.8336805555555555 0.14395604395604394 0.18541666666666667
