0 0.2164835164835165 0.29756944444444444 0.16263736263736264 0.21458333333333335
0 0.19945054945054946 0.275 0.041758241758241756 0.06527777777777778
0 0.16675824175824175 0.23472222222222222 0.05879120879120879 0.08055555555555556
0 0.3771978021978022 0.5038194444444445 0.2906593406593407 0.37986111111111115
0 0.3730769230769231 0.4930555555555556 0.24505494505494504 0.3138888888888889
0 0.4282967032967033 0.5604166666666667 0.30494505494505497 0.36944444444444446
0 0.4989010989010989 0.6531250000000001 0.6868131868131868 0.8729166666666667
0 0.4804945054945055 0.6326388888888889 0.7664835164835165 0.9750000000000001
0 0.47912087912087914 0.63125 0.7736263736263737 0.9833333333333334
0 0.6489010989010989 0.8402777777777778 0.38351648351648354 0.5013888888888889
0 0.6351648351648351 0.8267361111111111 0.34835164835164834 0.4604166666666667
0 0.7247252747252747 0.9378472222222223 0.35934065934065934 0.4340277777777778
0 0.5101648351648351 0.6711805555555556 0.015934065934065933 0.021527777777777778
0 0.5222527472527473 0.6854166666666667 0.00934065934065934 0.001388888888888889
0 0.5777472527472527 0.75625 0.19065934065934065 0.22083333333333335
0 0.3629120879120879 0.48333333333333334 0.5038461538461538 0.625
0 0.30164835164835163 0.40868055555555555 0.4945054945054945 0.6256944444444444
0 0.31456043956043955 0.42291666666666666 0.5049450549450549 0.65
