0 0.2798828125 0.5159722222222223 0.033203125 0.04861111111111111
0 0.233203125 0.4340277777777778 0.026562500000000003 0.043055555555555555
0 0.23203125000000002 0.4329861111111111 0.05390625 0.11458333333333334
0 0.17148437500000002 0.3215277777777778 0.0171875 0.04166666666666667
0 0.181640625 0.33993055555555557 0.059375000000000004 0.11180555555555556
0 0.1484375 0.2798611111111111 0.08750000000000001 0.14722222222222223
0 0.347265625 0.63125 0.23515625 0.425
0 0.3484375 0.6399305555555556 0.22734375 0.41597222222222224
0 0.2873046875 0.529513888888889 0.401953125 0.7145833333333333
0 0.27480468750000003 0.5027777777777778 0.504296875 0.9013888888888889
0 0.2775390625 0.5128472222222222 0.504296875 0.90625
0 0.35625 0.6538194444444445 0.2609375 0.46319444444444446
0 0.43007812500000003 0.7836805555555556 0.18281250000000002 0.33125
0 0.4443359375 0.80625 0.223046875 0.40694444444444444
0 0.48378906250000003 0.8798611111111111 0.095703125 0.1763888888888889
0 0.5439453125 0.9857638888888889 0.086328125 0.1451388888888889
0 0.5470703125 0.9951388888888889 0.070703125 0.13055555555555556
0 0.5144531250000001 0.9381944444444444 0.40546875000000004 0.7125
0 0.5162109375 0.9437500000000001 0.516796875 0.9277777777777778
0 0.5181640625 0.9434027777777778 0.564453125 0.9951388888888889
0 0.5212890625000001 0.9437500000000001 0.443359375 0.7791666666666667
