0 0.1824175824175824 0.2545138888888889 0.08461538461538462 0.12152777777777778
0 0.17527472527472526 0.24479166666666669 0.001098901098901099 0.00625
0 0.18653846153846154 0.25833333333333336 0.11263736263736264 0.16111111111111112
0 0.3222527472527473 0.434375 0.3313186813186813 0.4326388888888889
0 0.36923076923076925 0.4840277777777778 0.34835164835164834 0.43472222222222223
0 0.4126373626373626 0.5434027777777778 0.2934065934065934 0.3784722222222222
0 0.5076923076923077 0.6618055555555555 0.6362637362637362 0.7861111111111111
0 0.5318681318681319 0.69375 0.7593406593406593 0.9375
0 0.43241758241758244 0.5690972222222223 0.7384615384615385 0.9493055555555556
0 0.6346153846153846 0.8222222222222223 0.1956043956043956 0.2388888888888889
0 0.7395604395604396 0.9576388888888889 0.367032967032967 0.4444444444444445
0 0.7428571428571429 0.9590277777777778 0.35274725274725277 0.425
0 0.5843406593406594 0.7649305555555556 0.17307692307692307 0.20347222222222222
0 0.5291208791208791 0.6961805555555556 0.2868131868131868 0.3576388888888889
0 0.4818681318681319 0.634375 0.26153846153846155 0.3451388888888889
0 0.3914835164835165 0.5197916666666667 0.41593406593406596 0.5437500000000001
0 0.4002747252747253 0.5319444444444444 0.32142857142857145 0.41250000000000003
0 0.2865384615384615 0.3840277777777778 0.4565934065934066 0.5944444444444444
