0 0.1565934065934066 0.2215277777777778 0.05934065934065934 0.06944444444444445
0 0.14807692307692308 0.2138888888888889 0.019230769230769232 0.022222222222222223
0 0.16565934065934065 0.23784722222222224 0.0456043956043956 0.052083333333333336
0 0.34065934065934067 0.4527777777777778 0.3879120879120879 0.5
0 0.425 0.5548611111111111 0.38846153846153847 0.48333333333333334
0 0.3840659340659341 0.5131944444444445 0.14065934065934066 0.1763888888888889
0 0.45796703296703295 0.5989583333333334 0.7565934065934066 0.9673611111111111
0 0.45082417582417583 0.5930555555555556 0.7565934065934066 0.9402777777777778
0 0.4370879120879121 0.576388888888889 0.75 0.9611111111111111
0 0.6315934065934066 0.820138888888889 0.30494505494505497 0.39305555555555555
0 0.7593406593406593 0.9881944444444445 0.2802197802197802 0.35000000000000003
0 0.7554945054945055 0.9850694444444444 0.24175824175824176 0.30486111111111114
0 0.5467032967032966 0.7177083333333334 0.25164835164835164 0.31319444444444444
0 0.5384615384615384 0.7086805555555555 0.26373626373626374 0.33263888888888893
0 0.5233516483516484 0.6895833333333333 0.2752747252747253 0.34444444444444444
0 0.3708791208791209 0.4947916666666667 0.5142857142857142 0.6368055555555556
0 0.3302197802197802 0.4416666666666667 0.41098901098901097 0.5208333333333334
0 0.32252747252747255 0.4354166666666667 0.24615384615384617 0.3111111111111111
