0 0.25137362637362637 0.3371527777777778 0.20934065934065935 0.2520833333333333
0 0.22527472527472528 0.3059027777777778 0.05054945054945055 0.06041666666666667
0 0.2184065934065934 0.3003472222222222 0.01703296703296703 0.02291666666666667
0 0.3925824175824176 0.5177083333333333 0.18296703296703296 0.23541666666666666
0 0.3620879120879121 0.47395833333333337 0.2021978021978022 0.2465277777777778
0 0.37362637362637363 0.49270833333333336 0.4054945054945055 0.4965277777777778
0 0.42994505494505497 0.5694444444444444 0.6796703296703297 0.8805555555555555
0 0.5379120879120879 0.6996527777777778 0.6186813186813187 0.7701388888888889
0 0.4785714285714286 0.6309027777777778 0.47912087912087914 0.5909722222222222
0 0.5557692307692308 0.7138888888888889 0.695054945054945 0.8736111111111111
0 0.5214285714285715 0.6704861111111111 0.7516483516483516 0.9479166666666667
0 0.5815934065934066 0.7472222222222222 0.6478021978021978 0.8138888888888889
0 0.5961538461538461 0.7708333333333334 0.3879120879120879 0.47361111111111115
0 0.7096153846153846 0.9135416666666667 0.4236263736263736 0.5270833333333333
0 0.7252747252747253 0.9361111111111111 0.43626373626373627 0.5388888888888889
0 0.7304945054945055 0.9409722222222222 0.37967032967032965 0.4861111111111111
0 0.6315934065934066 0.8152777777777778 0.1412087912087912 0.1638888888888889
0 0.7480769230769231 0.9579861111111111 0.3554945054945055 0.44930555555555557
0 0.5903846153846154 0.7642361111111111 0.019230769230769232 0.035416666666666666
0 0.5445054945054945 0.7107638888888889 0.03296703296703297 0.03125
0 0.5307692307692308 0.6930555555555555 0.023076923076923078 0.04166666666666667
0 0.46181318681318684 0.6034722222222223 0.02912087912087912 0.030555555555555558
0 0.4351648351648352 0.5690972222222223 0.35384615384615387 0.4604166666666667
0 0.40576923076923077 0.5305555555555556 0.27087912087912086 0.3597222222222222
0 0.3989010989010989 0.5246527777777777 0.3945054945054945 0.48541666666666666
0 0.27087912087912086 0.35347222222222224 0.38461538461538464 0.4916666666666667
