0 0.4693359375 0.8465277777777778 0.037109375 0.061111111111111116
0 0.4107421875 0.7399305555555555 0.487109375 0.8729166666666667
0 0.5390625 0.9694444444444444 0.30390625000000004 0.5361111111111111
0 0.548828125 0.982638888888889 0.31015625 0.5458333333333334
0 0.33242187500000003 0.5996527777777778 0.09375 0.16875
0 0.2361328125 0.43159722222222224 0.029296875 0.06319444444444444
0 0.49257812500000003 0.8878472222222222 0.07187500000000001 0.11875000000000001
0 0.49648437500000003 0.8909722222222223 0.07265625 0.12361111111111112
0 0.49238281250000004 0.8791666666666667 0.072265625 0.12916666666666668
0 0.1337890625 0.24930555555555556 0.12382812500000001 0.23194444444444445
0 0.21308593750000002 0.39166666666666666 0.069140625 0.12638888888888888
0 0.212890625 0.3861111111111111 0.07890625000000001 0.13472222222222222
0 0.2431640625 0.4430555555555556 0.037890625000000004 0.058333333333333334
0 0.33632812500000003 0.6059027777777778 0.09921875000000001 0.1701388888888889
0 0.5345703125 0.9611111111111111 0.30117187500000003 0.5277777777777778
0 0.38222656250000003 0.6916666666666667 0.121484375 0.225
0 0.427734375 0.7680555555555556 0.51953125 0.9305555555555556
0 0.546484375 0.9822916666666667 0.30234375 0.5368055555555555
0 0.19589843750000002 0.36319444444444443 0.082421875 0.1527777777777778
0 0.21601562500000002 0.39340277777777777 0.057031250000000006 0.10208333333333333
0 0.45722656250000004 0.8222222222222223 0.030859375 0.05
0 0.3904296875 0.7079861111111111 0.08476562500000001 0.14652777777777778
0 0.41523437500000004 0.7468750000000001 0.11953125 0.22013888888888888
0 0.30546875 0.5552083333333333 0.31484375000000003 0.5548611111111111
0 0.2599609375 0.47500000000000003 0.36367187500000003 0.6402777777777778
0 0.2677734375 0.4913194444444445 0.451953125 0.81875
0 0.4705078125 0.8458333333333333 0.5300781250000001 0.9527777777777778
0 0.4765625 0.8607638888888889 0.52109375 0.9187500000000001
0 0.46132812500000003 0.8381944444444445 0.45625000000000004 0.8138888888888889
0 0.4783203125 0.8631944444444445 0.408984375 0.7180555555555556
0 0.4794921875 0.8673611111111111 0.126953125 0.2138888888888889
