0 0.203125 0.3861111111111111 0.16875 0.3
0 0.20957031250000002 0.4017361111111111 0.193359375 0.3368055555555556
0 0.34511718750000003 0.6302083333333334 0.261328125 0.45625000000000004
0 0.2779296875 0.5208333333333334 0.21210937500000002 0.3791666666666667
0 0.282421875 0.5232638888888889 0.19140625 0.36180555555555555
0 0.23984375000000002 0.4552083333333333 0.06875 0.13402777777777777
0 0.3404296875 0.6326388888888889 0.370703125 0.6375000000000001
0 0.2666015625 0.4965277777777778 0.39492187500000003 0.7180555555555556
0 0.259375 0.48159722222222223 0.37890625 0.6895833333333333
0 0.4822265625 0.8829861111111111 0.071484375 0.10625
0 0.4451171875 0.8173611111111111 0.091015625 0.1638888888888889
0 0.4546875 0.8322916666666667 0.08281250000000001 0.16597222222222222
0 0.41914062500000004 0.7763888888888889 0.503125 0.8777777777777778
