0 0.17225274725274725 0.23923611111111112 0.12692307692307692 0.16180555555555556
0 0.18296703296703296 0.24618055555555557 0.13186813186813187 0.16736111111111113
0 0.18736263736263736 0.253125 0.05054945054945055 0.06458333333333334
0 0.24670329670329672 0.32743055555555556 0.0978021978021978 0.1326388888888889
0 0.2571428571428571 0.33819444444444446 0.18571428571428572 0.2263888888888889
0 0.36675824175824173 0.4791666666666667 0.20384615384615384 0.24583333333333335
0 0.31043956043956045 0.40694444444444444 0.4340659340659341 0.5583333333333333
0 0.4434065934065934 0.5756944444444445 0.5439560439560439 0.6833333333333333
0 0.4260989010989011 0.5545138888888889 0.6093406593406593 0.7645833333333334
0 0.49038461538461536 0.6364583333333333 0.7631868131868131 0.96875
0 0.47197802197802197 0.6097222222222223 0.7813186813186813 0.9972222222222222
0 0.5368131868131868 0.6920138888888889 0.765934065934066 0.9548611111111112
0 0.5464285714285714 0.7052083333333333 0.7412087912087912 0.9270833333333334
0 0.557967032967033 0.7204861111111112 0.7269230769230769 0.920138888888889
0 0.5535714285714286 0.7142361111111112 0.7148351648351648 0.9104166666666667
0 0.5648351648351648 0.7298611111111112 0.6626373626373626 0.8319444444444445
0 0.6975274725274725 0.8989583333333334 0.39175824175824175 0.4840277777777778
0 0.6673076923076923 0.8590277777777778 0.41923076923076924 0.5458333333333334
0 0.5901098901098901 0.7614583333333333 0.4043956043956044 0.5229166666666667
0 0.615934065934066 0.7934027777777778 0.23736263736263735 0.30486111111111114
0 0.618956043956044 0.7979166666666667 0.22582417582417583 0.29583333333333334
0 0.5755494505494505 0.7402777777777778 0.22252747252747251 0.27361111111111114
0 0.5656593406593406 0.7295138888888889 0.2763736263736264 0.3479166666666667
0 0.6126373626373627 0.7871527777777778 0.34065934065934067 0.44097222222222227
0 0.45906593406593404 0.5944444444444444 0.10714285714285714 0.1277777777777778
0 0.5513736263736264 0.7121527777777779 0.16428571428571428 0.19930555555555557
0 0.5557692307692308 0.7173611111111111 0.15 0.18472222222222223
0 0.4585164835164835 0.5927083333333334 0.18956043956043955 0.24930555555555556
0 0.33406593406593404 0.4413194444444445 0.49230769230769234 0.6145833333333334
0 0.3532967032967033 0.4635416666666667 0.5186813186813187 0.6548611111111111
0 0.2876373626373626 0.37777777777777777 0.2895604395604396 0.35694444444444445
0 0.5901098901098901 0.7611111111111112 0.2714285714285714 0.3375
