0 0.17774725274725275 0.24583333333333335 0.23901098901098902 0.2986111111111111
0 0.20274725274725275 0.27569444444444446 0.06813186813186813 0.10138888888888889
0 0.2230769230769231 0.30347222222222225 0.00989010989010989 0.0125
0 0.29285714285714287 0.39305555555555555 0.12307692307692308 0.1375
0 0.2774725274725275 0.3680555555555556 0.3879120879120879 0.5041666666666667
0 0.41208791208791207 0.5399305555555556 0.3065934065934066 0.39375
0 0.512087912087912 0.6687500000000001 0.4604395604395604 0.5875
0 0.5706043956043956 0.7468750000000001 0.7159340659340659 0.8854166666666667
0 0.5203296703296704 0.6822916666666667 0.7230769230769231 0.9215277777777778
0 0.6148351648351649 0.7947916666666667 0.17912087912087912 0.22986111111111113
0 0.628021978021978 0.8093750000000001 0.13736263736263737 0.16319444444444445
0 0.6420329670329671 0.828125 0.19505494505494506 0.2465277777777778
0 0.673901098901099 0.8690972222222223 0.17417582417582417 0.21875
0 0.6793956043956044 0.8829861111111111 0.1346153846153846 0.1798611111111111
0 0.551923076923077 0.7208333333333333 0.17747252747252748 0.22222222222222224
0 0.49038461538461536 0.6385416666666667 0.07967032967032966 0.10486111111111111
0 0.46785714285714286 0.6111111111111112 0.09945054945054944 0.13194444444444445
0 0.41593406593406596 0.5447916666666667 0.06813186813186813 0.07569444444444445
0 0.3332417582417582 0.44236111111111115 0.23351648351648352 0.29305555555555557
0 0.368956043956044 0.4857638888888889 0.2291208791208791 0.30069444444444443
0 0.4197802197802198 0.5489583333333333 0.4945054945054945 0.6145833333333334
