0 0.13681318681318683 0.18819444444444444 0.024175824175824177 0.043055555555555555
0 0.17445054945054944 0.23611111111111113 0.04010989010989011 0.0638888888888889
0 0.13434065934065934 0.18368055555555557 0.18186813186813186 0.2423611111111111
0 0.14835164835164835 0.2059027777777778 0.11318681318681319 0.1423611111111111
0 0.40824175824175823 0.5347222222222222 0.34615384615384615 0.4361111111111111
0 0.3456043956043956 0.4517361111111111 0.48131868131868133 0.59375
0 0.2662087912087912 0.3496527777777778 0.19285714285714287 0.25069444444444444
0 0.4392857142857143 0.5697916666666667 0.7115384615384616 0.9006944444444445
0 0.44285714285714284 0.5746527777777778 0.7208791208791209 0.9131944444444445
0 0.45357142857142857 0.5875 0.7752747252747253 0.9736111111111111
0 0.48434065934065934 0.6305555555555555 0.6049450549450549 0.763888888888889
0 0.5414835164835164 0.6975694444444445 0.6104395604395605 0.7673611111111112
0 0.521978021978022 0.6729166666666667 0.5307692307692308 0.6625
0 0.5807692307692308 0.7486111111111111 0.5967032967032967 0.7652777777777778
0 0.49230769230769234 0.6371527777777778 0.7703296703296704 0.9854166666666667
0 0.664010989010989 0.8572916666666667 0.19945054945054946 0.25069444444444444
0 0.6392857142857142 0.826388888888889 0.2368131868131868 0.2888888888888889
0 0.5862637362637363 0.7541666666666667 0.37252747252747254 0.46944444444444444
0 0.5706043956043956 0.732638888888889 0.3631868131868132 0.4513888888888889
0 0.570054945054945 0.7322916666666667 0.27087912087912086 0.34097222222222223
0 0.6291208791208791 0.8079861111111112 0.3879120879120879 0.4979166666666667
0 0.6664835164835164 0.8600694444444444 0.43956043956043955 0.5479166666666667
0 0.6840659340659341 0.8836805555555556 0.4186813186813187 0.5256944444444445
0 0.7005494505494505 0.9048611111111111 0.4186813186813187 0.5208333333333334
0 0.4879120879120879 0.6329861111111111 0.1043956043956044 0.14930555555555555
0 0.5156593406593406 0.6663194444444445 0.09175824175824175 0.10486111111111111
0 0.4403846153846154 0.5732638888888889 0.17967032967032967 0.23402777777777778
0 0.4098901098901099 0.5347222222222222 0.0945054945054945 0.12083333333333333
0 0.41098901098901097 0.5375 0.36813186813186816 0.4638888888888889
0 0.35192307692307695 0.46111111111111114 0.41703296703296705 0.5375
0 0.3557692307692308 0.4618055555555556 0.2521978021978022 0.3277777777777778
0 0.31785714285714284 0.4138888888888889 0.2664835164835165 0.33055555555555555
