0 0.15859375 0.2989583333333333 0.19765625 0.3576388888888889
0 0.15742187500000002 0.3 0.15781250000000002 0.2902777777777778
0 0.15546875000000002 0.2934027777777778 0.05 0.08263888888888889
0 0.1556640625 0.2934027777777778 0.026171875 0.03819444444444445
0 0.21875 0.40902777777777777 0.01015625 0.019444444444444445
0 0.2697265625 0.49722222222222223 0.121484375 0.2
0 0.2775390625 0.5104166666666667 0.11601562500000001 0.19166666666666668
0 0.34511718750000003 0.6336805555555556 0.17695312500000002 0.3090277777777778
0 0.3501953125 0.6447916666666667 0.294140625 0.5145833333333334
0 0.26992187500000003 0.5003472222222223 0.48046875 0.8631944444444445
0 0.2615234375 0.48368055555555556 0.462890625 0.8381944444444445
0 0.29609375 0.5430555555555556 0.403125 0.7055555555555556
0 0.343359375 0.63125 0.2578125 0.47500000000000003
0 0.4296875 0.7805555555555556 0.29531250000000003 0.5069444444444444
0 0.3970703125 0.7309027777777778 0.128515625 0.23402777777777778
0 0.50390625 0.9187500000000001 0.015625 0.02638888888888889
0 0.505859375 0.9187500000000001 0.01015625 0.001388888888888889
0 0.4626953125 0.84375 0.056640625 0.10694444444444445
0 0.46718750000000003 0.8538194444444445 0.49921875000000004 0.8895833333333334
0 0.47187500000000004 0.8586805555555556 0.47109375000000003 0.8159722222222222
0 0.46328125000000003 0.846875 0.4890625 0.8645833333333334
