0 0.1271978021978022 0.17777777777777778 0.018131868131868133 0.02638888888888889
0 0.11098901098901098 0.15937500000000002 0.09010989010989011 0.12430555555555556
0 0.24615384615384617 0.32881944444444444 0.05714285714285714 0.05763888888888889
0 0.1565934065934066 0.21597222222222223 0.2175824175824176 0.28055555555555556
0 0.20247252747252747 0.26493055555555556 0.057692307692307696 0.07430555555555556
0 0.1293956043956044 0.17569444444444446 0.13351648351648351 0.1736111111111111
0 0.2456043956043956 0.3197916666666667 0.017582417582417582 0.01875
0 0.2478021978021978 0.32395833333333335 0.03736263736263736 0.043750000000000004
0 0.20961538461538462 0.27395833333333336 0.008241758241758242 0.0076388888888888895
0 0.2 0.26180555555555557 0.016483516483516484 0.016666666666666666
0 0.2925824175824176 0.3819444444444445 0.30714285714285716 0.3944444444444445
0 0.33406593406593404 0.43993055555555555 0.44395604395604393 0.5604166666666667
0 0.40934065934065933 0.5378472222222223 0.2846153846153846 0.36458333333333337
0 0.5464285714285714 0.7100694444444444 0.5005494505494505 0.6354166666666667
0 0.5706043956043956 0.7388888888888889 0.5335164835164835 0.6847222222222222
0 0.43021978021978025 0.5618055555555556 0.5516483516483517 0.6902777777777778
0 0.428021978021978 0.5534722222222223 0.567032967032967 0.7111111111111111
0 0.42747252747252745 0.5527777777777778 0.621978021978022 0.7819444444444444
0 0.42142857142857143 0.5454861111111111 0.7054945054945055 0.8840277777777779
0 0.41895604395604397 0.5461805555555556 0.6917582417582417 0.8756944444444444
0 0.42554945054945054 0.5506944444444445 0.704945054945055 0.8986111111111111
0 0.4576923076923077 0.5927083333333334 0.7593406593406593 0.9645833333333333
0 0.49642857142857144 0.6413194444444444 0.7873626373626373 0.9979166666666667
0 0.47445054945054943 0.6107638888888889 0.7653846153846153 0.9659722222222222
0 0.525 0.6743055555555556 0.7478021978021978 0.9430555555555556
0 0.7230769230769231 0.9361111111111111 0.3758241758241758 0.4666666666666667
0 0.7096153846153846 0.9128472222222223 0.42032967032967034 0.5201388888888889
0 0.635989010989011 0.8163194444444445 0.43021978021978025 0.5409722222222222
0 0.6288461538461538 0.8104166666666667 0.40824175824175823 0.5027777777777778
0 0.6524725274725275 0.8416666666666667 0.1565934065934066 0.18611111111111112
0 0.6181318681318682 0.7930555555555556 0.17692307692307693 0.23055555555555557
0 0.6807692307692308 0.86875 0.34615384615384615 0.4361111111111111
0 0.6892857142857143 0.890625 0.16428571428571428 0.2076388888888889
0 0.6093406593406593 0.78125 0.15824175824175823 0.19861111111111113
0 0.5958791208791209 0.763888888888889 0.16758241758241757 0.20555555555555557
0 0.585989010989011 0.7538194444444445 0.17967032967032967 0.22708333333333333
0 0.7211538461538461 0.9343750000000001 0.18186813186813186 0.23541666666666666
0 0.5752747252747252 0.74375 0.10989010989010989 0.12361111111111112
0 0.5681318681318681 0.7302083333333333 0.12417582417582418 0.14930555555555555
0 0.4868131868131868 0.6326388888888889 0.20659340659340658 0.26666666666666666
0 0.4642857142857143 0.6100694444444444 0.2021978021978022 0.2590277777777778
0 0.43351648351648353 0.5642361111111112 0.10329670329670329 0.12152777777777778
0 0.3802197802197802 0.49270833333333336 0.29120879120879123 0.3784722222222222
0 0.26483516483516484 0.3472222222222222 0.37362637362637363 0.47361111111111115
0 0.4002747252747253 0.5253472222222222 0.3631868131868132 0.4798611111111111
0 0.3516483516483516 0.4635416666666667 0.5593406593406594 0.6923611111111111
