0 0.13543956043956043 0.18854166666666666 0.22032967032967032 0.29375
0 0.17087912087912088 0.2357638888888889 0.06263736263736264 0.06458333333333334
0 0.20412087912087912 0.275 0.09065934065934066 0.10416666666666667
0 0.21675824175824177 0.2847222222222222 0.14560439560439561 0.1875
0 0.40934065934065933 0.5423611111111112 0.25054945054945055 0.3194444444444445
0 0.39807692307692305 0.5253472222222222 0.2445054945054945 0.31736111111111115
0 0.2958791208791209 0.38993055555555556 0.37747252747252746 0.4798611111111111
0 0.5510989010989011 0.7197916666666667 0.1054945054945055 0.11597222222222223
0 0.4736263736263736 0.6114583333333333 0.006593406593406593 0.00625
0 0.4695054945054945 0.6121527777777778 0.14560439560439561 0.18541666666666667
0 0.5846153846153846 0.7607638888888889 0.11648351648351649 0.15069444444444444
0 0.5629120879120879 0.7329861111111111 0.19175824175824177 0.2326388888888889
0 0.3741758241758242 0.49756944444444445 0.34395604395604396 0.44236111111111115
0 0.33516483516483514 0.4430555555555556 0.44835164835164837 0.5736111111111112
0 0.3758241758241758 0.49583333333333335 0.5362637362637362 0.6722222222222223
0 0.2717032967032967 0.3541666666666667 0.3840659340659341 0.4916666666666667
0 0.3192307692307692 0.41423611111111114 0.2846153846153846 0.3548611111111111
0 0.4271978021978022 0.5642361111111112 0.5620879120879121 0.6923611111111111
0 0.4945054945054945 0.6486111111111111 0.46373626373626375 0.5819444444444445
0 0.5607142857142857 0.7329861111111111 0.7291208791208791 0.9381944444444444
0 0.5821428571428572 0.7479166666666667 0.6434065934065935 0.8069444444444445
0 0.5634615384615385 0.7236111111111111 0.6598901098901099 0.8291666666666667
0 0.6590659340659341 0.8517361111111111 0.17527472527472526 0.22013888888888888
0 0.6313186813186813 0.8142361111111112 0.14175824175824175 0.16319444444444445
0 0.6162087912087912 0.7944444444444445 0.18406593406593408 0.24166666666666667
0 0.6258241758241758 0.8111111111111111 0.2153846153846154 0.2777777777777778
0 0.5898351648351648 0.7649305555555556 0.3346153846153846 0.4104166666666667
