0 0.3101648351648352 0.4059027777777778 0.49835164835164836 0.6395833333333334
0 0.442032967032967 0.5767361111111111 0.13021978021978023 0.15625
0 0.47884615384615387 0.6194444444444445 0.17967032967032967 0.23750000000000002
0 0.5195054945054945 0.670138888888889 0.08516483516483517 0.11666666666666667
0 0.5313186813186813 0.6888888888888889 0.12087912087912088 0.16666666666666669
0 0.47087912087912087 0.6069444444444445 0.02967032967032967 0.04166666666666667
0 0.5810439560439561 0.7583333333333334 0.5467032967032966 0.7000000000000001
0 0.46813186813186813 0.609375 0.7582417582417582 0.9729166666666667
0 0.4826923076923077 0.625 0.46098901098901096 0.5958333333333333
0 0.6989010989010989 0.8968750000000001 0.15164835164835164 0.18680555555555556
0 0.6870879120879121 0.8850694444444445 0.15219780219780218 0.18958333333333335
0 0.5719780219780219 0.7340277777777778 0.6131868131868132 0.7708333333333334
0 0.4046703296703297 0.5298611111111111 0.22802197802197802 0.28750000000000003
0 0.4129120879120879 0.5392361111111111 0.3027472527472527 0.3993055555555556
0 0.4126373626373626 0.5347222222222222 0.3120879120879121 0.4041666666666667
0 0.33763736263736266 0.44375000000000003 0.38846153846153847 0.5013888888888889
0 0.6285714285714286 0.8093750000000001 0.13846153846153847 0.16180555555555556
0 0.6403846153846153 0.8239583333333333 0.16648351648351647 0.21875
0 0.6472527472527473 0.8326388888888889 0.16703296703296702 0.21666666666666667
0 0.25659340659340657 0.3375 0.20549450549450549 0.2625
0 0.257967032967033 0.3420138888888889 0.02912087912087912 0.04791666666666667
0 0.22747252747252747 0.29965277777777777 0.15494505494505495 0.20486111111111113
0 0.11703296703296703 0.1638888888888889 0.02857142857142857 0.02361111111111111
0 0.29285714285714287 0.3826388888888889 0.0978021978021978 0.11944444444444445
