0 0.21208791208791208 0.28611111111111115 0.2571428571428571 0.3111111111111111
0 0.19478021978021978 0.26284722222222223 0.15879120879120878 0.19930555555555557
0 0.19697802197802197 0.2607638888888889 0.1510989010989011 0.18541666666666667
0 0.21675824175824177 0.2899305555555556 0.1401098901098901 0.17152777777777778
0 0.25659340659340657 0.33784722222222224 0.1879120879120879 0.22708333333333333
0 0.3101648351648352 0.4079861111111111 0.4346153846153846 0.5604166666666667
0 0.3945054945054945 0.5142361111111111 0.20659340659340658 0.2715277777777778
0 0.4269230769230769 0.5545138888888889 0.6098901098901099 0.7590277777777779
0 0.4445054945054945 0.5777777777777778 0.545054945054945 0.6930555555555555
0 0.5156593406593406 0.6645833333333333 0.6543956043956044 0.8152777777777778
0 0.5362637362637362 0.6934027777777778 0.6043956043956044 0.7756944444444445
0 0.5662087912087912 0.7291666666666667 0.6917582417582417 0.8625
0 0.5546703296703297 0.7152777777777778 0.7357142857142858 0.9208333333333334
0 0.5260989010989011 0.6809027777777779 0.7576923076923077 0.9618055555555556
0 0.4717032967032967 0.6097222222222223 0.7840659340659341 0.9944444444444445
0 0.4318681318681319 0.5600694444444445 0.7054945054945055 0.8770833333333333
0 0.4260989010989011 0.5538194444444444 0.7521978021978022 0.9520833333333334
0 0.6986263736263736 0.9 0.39175824175824175 0.49583333333333335
0 0.7263736263736263 0.935763888888889 0.210989010989011 0.2673611111111111
0 0.5618131868131868 0.7260416666666667 0.2489010989010989 0.30625
0 0.5766483516483516 0.7423611111111111 0.22142857142857142 0.27083333333333337
0 0.6175824175824176 0.7965277777777778 0.12307692307692308 0.14444444444444446
0 0.5868131868131868 0.7534722222222222 0.15934065934065933 0.19305555555555556
0 0.5953296703296703 0.7670138888888889 0.27087912087912086 0.3479166666666667
0 0.610989010989011 0.7864583333333334 0.35274725274725277 0.44097222222222227
0 0.47637362637362635 0.6180555555555556 0.2164835164835165 0.2652777777777778
0 0.45989010989010987 0.59375 0.1879120879120879 0.24722222222222223
0 0.5002747252747253 0.6493055555555556 0.21813186813186813 0.2791666666666667
0 0.31895604395604393 0.41909722222222223 0.24670329670329672 0.3104166666666667
0 0.28736263736263734 0.375 0.2879120879120879 0.3541666666666667
0 0.41703296703296705 0.5427083333333333 0.4461538461538462 0.5756944444444445
0 0.47884615384615387 0.6215277777777778 0.09725274725274725 0.12916666666666668
0 0.5925824175824176 0.7652777777777778 0.30164835164835163 0.3666666666666667
