0 0.15631868131868132 0.22118055555555557 0.05989010989010989 0.07013888888888889
0 0.1478021978021978 0.21354166666666669 0.01868131868131868 0.02291666666666667
0 0.16648351648351647 0.23784722222222224 0.045054945054945054 0.052083333333333336
0 0.3700549450549451 0.4965277777777778 0.1489010989010989 0.18055555555555555
0 0.3315934065934066 0.44236111111111115 0.3741758241758242 0.4791666666666667
0 0.4247252747252747 0.55625 0.389010989010989 0.48333333333333334
0 0.45686813186813185 0.5989583333333334 0.7565934065934066 0.9659722222222222
0 0.45054945054945056 0.5923611111111111 0.7571428571428571 0.9402777777777778
0 0.43763736263736264 0.5756944444444445 0.7510989010989011 0.9625
0 0.7576923076923077 0.9836805555555556 0.2956043956043956 0.36597222222222225
0 0.7563186813186813 0.984375 0.2423076923076923 0.30347222222222225
0 0.6321428571428571 0.8190972222222223 0.30714285714285716 0.39375
0 0.5469780219780219 0.7184027777777778 0.2532967032967033 0.3145833333333333
0 0.535989010989011 0.7069444444444445 0.2620879120879121 0.33333333333333337
0 0.5217032967032967 0.6881944444444444 0.2752747252747253 0.34305555555555556
0 0.32664835164835165 0.4388888888888889 0.38846153846153847 0.5
0 0.3708791208791209 0.49444444444444446 0.5153846153846153 0.6375000000000001
0 0.3010989010989011 0.40729166666666666 0.26153846153846155 0.3215277777777778
