0 0.185989010989011 0.25659722222222225 0.18956043956043955 0.2534722222222222
0 0.4315934065934066 0.5673611111111111 0.506043956043956 0.6513888888888889
0 0.4593406593406593 0.6048611111111112 0.4230769230769231 0.5513888888888889
0 0.43653846153846154 0.5788194444444444 0.4774725274725275 0.6034722222222223
0 0.6107142857142858 0.7996527777777778 0.004945054945054945 0.015972222222222224
0 0.6167582417582418 0.80625 0.056593406593406594 0.08055555555555556
0 0.6274725274725275 0.8177083333333334 0.03626373626373627 0.06597222222222222
0 0.7085164835164836 0.9180555555555556 0.11483516483516483 0.15555555555555556
0 0.714010989010989 0.9239583333333333 0.08846153846153847 0.09375
0 0.7370879120879121 0.95625 0.06538461538461539 0.10277777777777779
0 0.4824175824175824 0.6326388888888889 0.7758241758241758 0.9875
0 0.4392857142857143 0.5826388888888889 0.6324175824175824 0.7902777777777779
0 0.4318681318681319 0.5739583333333333 0.6879120879120879 0.8840277777777779
0 0.3799450549450549 0.5052083333333334 0.3357142857142857 0.40347222222222223
0 0.3467032967032967 0.4621527777777778 0.16813186813186815 0.1951388888888889
0 0.22005494505494505 0.30659722222222224 0.06758241758241758 0.07986111111111112
0 0.16840659340659342 0.24340277777777777 0.08076923076923077 0.09791666666666667
0 0.39065934065934066 0.5208333333333334 0.23296703296703297 0.2888888888888889
