0 0.27115384615384613 0.3697916666666667 0.08296703296703296 0.09930555555555556
0 0.1901098901098901 0.2638888888888889 0.054945054945054944 0.0763888888888889
0 0.22857142857142856 0.3107638888888889 0.15714285714285714 0.1840277777777778
0 0.4107142857142857 0.5364583333333334 0.38186813186813184 0.4881944444444445
0 0.45274725274725275 0.5954861111111112 0.16483516483516483 0.22986111111111113
0 0.3403846153846154 0.4496527777777778 0.16758241758241757 0.21458333333333335
0 0.5587912087912088 0.7284722222222223 0.6934065934065934 0.8708333333333333
0 0.47692307692307695 0.6211805555555556 0.7824175824175824 0.9868055555555556
0 0.4458791208791209 0.584375 0.7532967032967033 0.9548611111111112
0 0.7384615384615385 0.9559027777777778 0.14285714285714285 0.18819444444444444
0 0.6958791208791208 0.8986111111111111 0.11923076923076924 0.1625
0 0.7016483516483516 0.9090277777777778 0.11428571428571428 0.15
0 0.5626373626373626 0.7333333333333334 0.26153846153846155 0.30972222222222223
0 0.5241758241758242 0.6854166666666667 0.2703296703296703 0.325
0 0.5137362637362637 0.6756944444444445 0.29010989010989013 0.3611111111111111
0 0.3868131868131868 0.5118055555555556 0.4593406593406593 0.5652777777777778
0 0.38076923076923075 0.5052083333333334 0.45274725274725275 0.5618055555555556
0 0.31373626373626373 0.4215277777777778 0.4725274725274725 0.6083333333333334
