0 0.21016483516483517 0.2871527777777778 0.128021978021978 0.17152777777777778
0 0.2879120879120879 0.390625 0.056043956043956046 0.06041666666666667
0 0.19807692307692307 0.27395833333333336 0.033516483516483515 0.06041666666666667
0 0.37362637362637363 0.4930555555555556 0.24725274725274726 0.31527777777777777
0 0.39175824175824175 0.5197916666666667 0.2956043956043956 0.3923611111111111
0 0.44752747252747255 0.584375 0.3335164835164835 0.43680555555555556
0 0.4870879120879121 0.6381944444444445 0.7818681318681319 0.9791666666666667
0 0.4612637362637363 0.6090277777777778 0.7445054945054945 0.9277777777777778
0 0.4563186813186813 0.5975694444444445 0.7510989010989011 0.96875
0 0.7255494505494505 0.9385416666666667 0.3576923076923077 0.4340277777777778
0 0.7285714285714285 0.9392361111111112 0.367032967032967 0.4534722222222222
0 0.7148351648351648 0.9270833333333334 0.321978021978022 0.39722222222222225
0 0.554945054945055 0.7253472222222223 0.005494505494505494 0.02847222222222222
0 0.5458791208791208 0.7159722222222222 0.0016483516483516484 0.02361111111111111
0 0.435989010989011 0.5770833333333334 0.1620879120879121 0.225
0 0.2925824175824176 0.39583333333333337 0.48406593406593407 0.6208333333333333
0 0.31236263736263736 0.4215277777777778 0.5027472527472527 0.6472222222222223
0 0.36648351648351646 0.48923611111111115 0.4967032967032967 0.61875
