0 0.3484375 0.6347222222222223 0.2234375 0.39722222222222225
0 0.3298828125 0.6065972222222222 0.225390625 0.4215277777777778
0 0.23593750000000002 0.43819444444444444 0.0546875 0.11666666666666667
0 0.225 0.41909722222222223 0.00390625 0.024305555555555556
0 0.28125 0.5222222222222223 0.078125 0.14166666666666666
0 0.17792968750000002 0.33194444444444443 0.033984375000000004 0.07083333333333333
0 0.1265625 0.24166666666666667 0.153125 0.26944444444444443
0 0.1337890625 0.25798611111111114 0.18085937500000002 0.32708333333333334
0 0.14375000000000002 0.2732638888888889 0.19843750000000002 0.36041666666666666
0 0.376953125 0.6881944444444444 0.15390625000000002 0.25972222222222224
0 0.35292968750000003 0.6447916666666667 0.25820312500000003 0.4743055555555556
0 0.393359375 0.7201388888888889 0.3171875 0.5680555555555555
0 0.24960937500000002 0.4607638888888889 0.434375 0.7673611111111112
0 0.28652343750000003 0.5260416666666667 0.41132812500000004 0.7243055555555555
0 0.351171875 0.6416666666666667 0.4140625 0.7291666666666667
0 0.516796875 0.9388888888888889 0.08203125 0.14166666666666666
0 0.46308593750000004 0.8475694444444445 0.028515625000000003 0.06875
0 0.45332031250000004 0.826388888888889 0.042578125 0.07222222222222223
0 0.4775390625 0.86875 0.441015625 0.7847222222222222
0 0.496875 0.9017361111111112 0.40625 0.7034722222222223
0 0.5109375 0.9274305555555555 0.38046875 0.6604166666666667
