0 0.3793956043956044 0.5045138888888889 0.2434065934065934 0.28958333333333336
0 0.3848901098901099 0.5097222222222222 0.21043956043956044 0.2625
0 0.31126373626373627 0.41770833333333335 0.27197802197802196 0.34652777777777777
0 0.44258241758241756 0.5822916666666667 0.6807692307692308 0.8673611111111111
0 0.5002747252747253 0.659375 0.5653846153846154 0.69375
0 0.5472527472527473 0.7288194444444445 0.5208791208791209 0.6756944444444445
0 0.521978021978022 0.6892361111111112 0.01868131868131868 0.029861111111111113
0 0.6142857142857143 0.8048611111111111 0.14395604395604394 0.18194444444444446
0 0.49038461538461536 0.6489583333333333 0.21923076923076923 0.2715277777777778
0 0.6318681318681318 0.8236111111111112 0.15934065934065933 0.18611111111111112
0 0.6796703296703297 0.8815972222222223 0.14395604395604394 0.19375
0 0.7167582417582418 0.9284722222222223 0.1401098901098901 0.17500000000000002
0 0.3486263736263736 0.46493055555555557 0.43351648351648353 0.5354166666666667
0 0.3505494505494505 0.4673611111111111 0.3648351648351648 0.44027777777777777
0 0.3568681318681319 0.4763888888888889 0.47087912087912087 0.5958333333333333
0 0.22637362637362637 0.31527777777777777 0.18021978021978022 0.2111111111111111
0 0.2403846153846154 0.3295138888888889 0.15989010989010988 0.18958333333333335
0 0.24615384615384617 0.3402777777777778 0.11978021978021978 0.14027777777777778
