0 0.2470703125 0.4618055555555556 0.07773437500000001 0.14305555555555557
0 0.19550781250000002 0.3770833333333333 0.20429687500000002 0.3527777777777778
0 0.16855468750000002 0.33090277777777777 0.121484375 0.21180555555555555
0 0.36875 0.6829861111111112 0.17578125 0.31319444444444444
0 0.27734375 0.5180555555555556 0.20468750000000002 0.3611111111111111
0 0.2705078125 0.5038194444444445 0.182421875 0.3201388888888889
0 0.30507812500000003 0.5649305555555556 0.43593750000000003 0.7590277777777779
0 0.3345703125 0.6180555555555556 0.36445312500000004 0.6680555555555556
0 0.291796875 0.5434027777777778 0.22812500000000002 0.4173611111111111
0 0.4126953125 0.759375 0.101953125 0.16319444444444445
0 0.467578125 0.8614583333333333 0.018750000000000003 0.025694444444444447
0 0.471484375 0.8638888888888889 0.07265625 0.11805555555555557
0 0.5470703125 0.9954861111111112 0.211328125 0.38680555555555557
