0 0.22910156250000002 0.43680555555555556 0.054296875 0.08472222222222223
0 0.205859375 0.3875 0.047656250000000004 0.06944444444444445
0 0.177734375 0.3385416666666667 0.022656250000000003 0.05763888888888889
0 0.2802734375 0.5211805555555555 0.148828125 0.24930555555555556
0 0.31757812500000004 0.5850694444444444 0.21171875 0.39513888888888893
0 0.36562500000000003 0.6729166666666667 0.22812500000000002 0.3875
0 0.26171875 0.4871527777777778 0.38906250000000003 0.7090277777777778
0 0.30078125 0.5590277777777778 0.18671875000000002 0.3513888888888889
0 0.258984375 0.4857638888888889 0.20390625 0.34097222222222223
0 0.405078125 0.7493055555555556 0.109375 0.22361111111111112
0 0.44648437500000004 0.821875 0.1421875 0.2743055555555556
0 0.48652343750000004 0.888888888888889 0.105859375 0.1736111111111111
0 0.465625 0.8548611111111112 0.51328125 0.9152777777777779
0 0.39960937500000004 0.7409722222222223 0.521875 0.8972222222222223
