0 0.17005494505494506 0.23958333333333334 0.012637362637362638 0.020833333333333336
0 0.21785714285714286 0.29930555555555555 0.13351648351648351 0.18611111111111112
0 0.21208791208791208 0.29131944444444446 0.14065934065934066 0.18819444444444444
0 0.3282967032967033 0.4392361111111111 0.3478021978021978 0.45625000000000004
0 0.435989010989011 0.5736111111111112 0.40714285714285714 0.5125000000000001
0 0.45164835164835165 0.5871527777777777 0.38461538461538464 0.4715277777777778
0 0.4337912087912088 0.5725694444444445 0.5785714285714286 0.7145833333333333
0 0.48516483516483516 0.6357638888888889 0.6846153846153846 0.857638888888889
0 0.4129120879120879 0.5444444444444445 0.6884615384615385 0.8833333333333334
0 0.639010989010989 0.8267361111111111 0.37142857142857144 0.4826388888888889
0 0.7535714285714286 0.9756944444444445 0.28186813186813187 0.3513888888888889
0 0.7120879120879121 0.9239583333333333 0.11538461538461539 0.15625
0 0.5574175824175824 0.7319444444444445 0.13351648351648351 0.16944444444444445
0 0.5079670329670329 0.6684027777777778 0.02032967032967033 0.02013888888888889
0 0.5247252747252747 0.6902777777777778 0.020879120879120878 0.01388888888888889
0 0.37445054945054945 0.4982638888888889 0.47527472527472525 0.5881944444444445
0 0.37637362637362637 0.5006944444444444 0.4879120879120879 0.6
0 0.3596153846153846 0.4795138888888889 0.5005494505494505 0.6201388888888889
