0 0.30683593750000004 0.5680555555555555 0.073046875 0.11944444444444445
0 0.22890625 0.4295138888888889 0.025781250000000002 0.04513888888888889
0 0.241015625 0.4486111111111111 0.03671875 0.08194444444444444
0 0.16074218750000002 0.3072916666666667 0.09726562500000001 0.17430555555555557
0 0.1697265625 0.31875000000000003 0.23007812500000002 0.42638888888888893
0 0.31269531250000004 0.578125 0.189453125 0.35208333333333336
0 0.30097656250000004 0.5590277777777778 0.17304687500000002 0.2972222222222222
0 0.41953125 0.7645833333333334 0.15703125 0.29305555555555557
0 0.3953125 0.7288194444444445 0.31015625 0.5395833333333333
0 0.3943359375 0.7246527777777778 0.361328125 0.6340277777777779
0 0.265234375 0.49375 0.3515625 0.6277777777777778
0 0.246875 0.4590277777777778 0.42265625 0.7527777777777778
0 0.26640625 0.4965277777777778 0.41875 0.763888888888889
0 0.44960937500000003 0.8243055555555556 0.015625 0.020833333333333336
0 0.43300781250000003 0.7930555555555556 0.0074218750000000005 0.008333333333333333
0 0.46914062500000003 0.8545138888888889 0.10546875 0.1701388888888889
0 0.516796875 0.9395833333333333 0.453125 0.7972222222222223
0 0.5320312500000001 0.9666666666666667 0.40546875000000004 0.7416666666666667
0 0.5361328125 0.9736111111111111 0.547265625 0.9750000000000001
