0 0.47774725274725277 0.6201388888888889 0.11593406593406594 0.1527777777777778
0 0.5005494505494505 0.6541666666666667 0.13626373626373625 0.16666666666666669
0 0.43214285714285716 0.5614583333333334 0.0016483516483516484 0.0020833333333333333
0 0.5928571428571429 0.763888888888889 0.03076923076923077 0.051388888888888894
0 0.3313186813186813 0.44201388888888893 0.21318681318681318 0.2590277777777778
0 0.3994505494505495 0.5222222222222223 0.310989010989011 0.4041666666666667
0 0.2664835164835165 0.3493055555555556 0.3747252747252747 0.46944444444444444
0 0.2903846153846154 0.37777777777777777 0.19175824175824177 0.23750000000000002
0 0.5362637362637362 0.7010416666666667 0.5087912087912088 0.6256944444444444
0 0.493956043956044 0.6444444444444445 0.7615384615384615 0.9708333333333333
0 0.4552197802197802 0.592013888888889 0.515934065934066 0.6409722222222223
0 0.435989010989011 0.5722222222222223 0.573076923076923 0.7236111111111111
0 0.47527472527472525 0.615625 0.4714285714285714 0.6020833333333333
0 0.6804945054945055 0.8739583333333334 0.1686813186813187 0.20347222222222222
0 0.7420329670329671 0.9538194444444444 0.28736263736263734 0.35625
0 0.6296703296703297 0.8104166666666667 0.13516483516483516 0.16666666666666669
0 0.6181318681318682 0.7982638888888889 0.25384615384615383 0.3076388888888889
0 0.2302197802197802 0.3024305555555556 0.24615384615384617 0.30486111111111114
0 0.23434065934065934 0.31354166666666666 0.23241758241758242 0.28541666666666665
0 0.23434065934065934 0.3145833333333333 0.2554945054945055 0.30833333333333335
0 0.2337912087912088 0.30972222222222223 0.1489010989010989 0.18611111111111112
0 0.16126373626373627 0.21840277777777778 0.05 0.07708333333333334
0 0.2865384615384615 0.3836805555555556 0.4137362637362637 0.5215277777777778
0 0.3027472527472527 0.3979166666666667 0.5032967032967033 0.6208333333333333
0 0.4107142857142857 0.5368055555555555 0.5027472527472527 0.638888888888889
