0 0.11730769230769231 0.1642361111111111 0.12472527472527473 0.16041666666666668
0 0.1184065934065934 0.1642361111111111 0.03901098901098901 0.05625
0 0.21868131868131868 0.2934027777777778 0.04725274725274725 0.05625
0 0.24285714285714285 0.3229166666666667 0.12197802197802197 0.1625
0 0.2563186813186813 0.33784722222222224 0.18736263736263736 0.23402777777777778
0 0.310989010989011 0.4083333333333333 0.4340659340659341 0.5597222222222222
0 0.4013736263736264 0.5243055555555556 0.3467032967032967 0.4291666666666667
0 0.44175824175824174 0.5753472222222222 0.5263736263736264 0.6576388888888889
0 0.4453296703296703 0.5756944444444445 0.5423076923076923 0.6902777777777778
0 0.42142857142857143 0.5479166666666667 0.6175824175824176 0.775
0 0.47802197802197804 0.6170138888888889 0.7835164835164835 0.9895833333333334
0 0.4445054945054945 0.5767361111111111 0.7582417582417582 0.9659722222222222
0 0.4225274725274725 0.5489583333333333 0.7307692307692307 0.9284722222222223
0 0.41620879120879123 0.5416666666666667 0.7225274725274725 0.9152777777777779
0 0.6986263736263736 0.8996527777777779 0.39285714285714285 0.47847222222222224
0 0.6958791208791208 0.8947916666666667 0.3697802197802198 0.4590277777777778
0 0.5601648351648352 0.7291666666666667 0.2653846153846154 0.33611111111111114
0 0.5758241758241758 0.74375 0.18681318681318682 0.22222222222222224
0 0.5774725274725274 0.7451388888888889 0.2076923076923077 0.2638888888888889
0 0.6195054945054945 0.8 0.11923076923076924 0.14305555555555557
0 0.5961538461538461 0.765625 0.15824175824175823 0.19097222222222224
0 0.614010989010989 0.7895833333333334 0.3489010989010989 0.4444444444444445
0 0.6164835164835165 0.7909722222222223 0.3813186813186813 0.47361111111111115
0 0.45796703296703295 0.5916666666666667 0.18956043956043955 0.24861111111111112
0 0.4524725274725275 0.5864583333333333 0.1445054945054945 0.19236111111111112
0 0.47884615384615387 0.6239583333333334 0.21483516483516482 0.2743055555555556
0 0.5019230769230769 0.6510416666666667 0.08846153846153847 0.11180555555555556
0 0.2662087912087912 0.35347222222222224 0.29615384615384616 0.3736111111111111
0 0.3354395604395604 0.4392361111111111 0.2478021978021978 0.3159722222222222
0 0.2876373626373626 0.3770833333333333 0.28186813186813187 0.3458333333333333
0 0.5923076923076923 0.7645833333333334 0.2813186813186813 0.35833333333333334
