0 0.20934065934065935 0.2885416666666667 0.13846153846153847 0.1826388888888889
0 0.1813186813186813 0.25381944444444443 0.11978021978021978 0.15486111111111112
0 0.16648351648351647 0.23472222222222222 0.07692307692307693 0.10972222222222222
0 0.4247252747252747 0.5552083333333333 0.3879120879120879 0.48958333333333337
0 0.3802197802197802 0.5020833333333333 0.3021978021978022 0.3888888888888889
0 0.364010989010989 0.4847222222222222 0.42032967032967034 0.5472222222222223
0 0.4868131868131868 0.6409722222222223 0.7857142857142857 0.9875
0 0.47445054945054943 0.623263888888889 0.7489010989010989 0.9479166666666667
0 0.46016483516483514 0.607638888888889 0.7774725274725275 0.9875
0 0.6777472527472528 0.8836805555555556 0.40934065934065933 0.5145833333333334
0 0.6436813186813187 0.83125 0.3456043956043956 0.4444444444444445
0 0.7543956043956044 0.9802083333333333 0.22527472527472528 0.29097222222222224
0 0.5791208791208792 0.7583333333333334 0.22087912087912087 0.2652777777777778
0 0.5601648351648352 0.7319444444444445 0.2653846153846154 0.31666666666666665
0 0.5260989010989011 0.6909722222222222 0.2752747252747253 0.34444444444444444
0 0.3730769230769231 0.49756944444444445 0.5197802197802198 0.6506944444444445
0 0.3532967032967033 0.4715277777777778 0.512087912087912 0.6430555555555556
0 0.2763736263736264 0.3729166666666667 0.34725274725274724 0.4291666666666667
