0 0.1267578125 0.24166666666666667 0.154296875 0.26805555555555555
0 0.13398437500000002 0.2569444444444445 0.18046875 0.3277777777777778
0 0.1443359375 0.2729166666666667 0.19882812500000002 0.3611111111111111
0 0.17343750000000002 0.328125 0.03671875 0.06180555555555556
0 0.22714843750000002 0.421875 0.005859375 0.02847222222222222
0 0.23593750000000002 0.4375 0.055468750000000004 0.11805555555555557
0 0.28125 0.5222222222222223 0.07734375 0.14027777777777778
0 0.34882812500000004 0.6347222222222223 0.22265625 0.39722222222222225
0 0.33046875000000003 0.6062500000000001 0.22812500000000002 0.41944444444444445
0 0.37832031250000003 0.6913194444444445 0.151171875 0.2520833333333333
0 0.3923828125 0.7197916666666667 0.31679687500000003 0.56875
0 0.35273437500000004 0.6458333333333334 0.25859375 0.47500000000000003
0 0.2857421875 0.5256944444444445 0.41054687500000003 0.725
0 0.24960937500000002 0.4604166666666667 0.434375 0.7680555555555556
0 0.3521484375 0.6430555555555556 0.41054687500000003 0.7319444444444445
0 0.516015625 0.9395833333333333 0.08203125 0.14027777777777778
0 0.4634765625 0.8493055555555555 0.032421875 0.06944444444444445
0 0.45058593750000003 0.8239583333333333 0.042578125 0.07291666666666667
0 0.476171875 0.867013888888889 0.4421875 0.78125
0 0.4966796875 0.9010416666666667 0.40664062500000003 0.7048611111111112
0 0.5107421875 0.9267361111111111 0.380859375 0.6590277777777778
0 0.466796875 0.8489583333333334 0.46328125000000003 0.8118055555555556
