0 0.29531250000000003 0.5402777777777777 0.06171875 0.1
0 0.28828125 0.5322916666666667 0.078125 0.12013888888888889
0 0.23007812500000002 0.4291666666666667 0.035937500000000004 0.04861111111111111
0 0.125390625 0.24131944444444445 0.10859375 0.18541666666666667
0 0.1318359375 0.24895833333333334 0.156640625 0.2868055555555556
0 0.1296875 0.24444444444444446 0.16562500000000002 0.3013888888888889
0 0.139453125 0.2604166666666667 0.19140625 0.34861111111111115
0 0.3505859375 0.6375000000000001 0.21992187500000002 0.3861111111111111
0 0.36562500000000003 0.6729166666666667 0.09062500000000001 0.16111111111111112
0 0.3765625 0.6875 0.15781250000000002 0.26805555555555555
0 0.36640625000000004 0.6687500000000001 0.30390625000000004 0.5513888888888889
0 0.42304687500000004 0.7697916666666667 0.321875 0.55625
0 0.5220703125 0.9500000000000001 0.086328125 0.15694444444444444
0 0.444921875 0.8135416666666667 0.09296875 0.16180555555555556
0 0.4685546875 0.8503472222222223 0.060546875 0.12013888888888889
0 0.28164062500000003 0.515625 0.40703125 0.7340277777777778
0 0.27480468750000003 0.5111111111111112 0.354296875 0.6375000000000001
0 0.295703125 0.5420138888888889 0.5242187500000001 0.9173611111111112
0 0.47773437500000004 0.8770833333333333 0.43593750000000003 0.7541666666666667
0 0.516796875 0.9392361111111112 0.3921875 0.6993055555555556
0 0.5212890625000001 0.9496527777777778 0.362890625 0.6520833333333333
0 0.533203125 0.9684027777777778 0.5625 0.9798611111111112
0 0.46894531250000004 0.8482638888888889 0.460546875 0.8076388888888889
0 0.29531250000000003 0.5402777777777777 0.06171875 0.1
0 0.28828125 0.5322916666666667 0.078125 0.12013888888888889
0 0.23007812500000002 0.4291666666666667 0.035937500000000004 0.04861111111111111
0 0.125390625 0.24131944444444445 0.10859375 0.18541666666666667
0 0.1318359375 0.24895833333333334 0.156640625 0.2868055555555556
0 0.1296875 0.24444444444444446 0.16562500000000002 0.3013888888888889
0 0.139453125 0.2604166666666667 0.19140625 0.34861111111111115
0 0.3505859375 0.6375000000000001 0.21992187500000002 0.3861111111111111
0 0.36562500000000003 0.6729166666666667 0.09062500000000001 0.16111111111111112
0 0.3765625 0.6875 0.15781250000000002 0.26805555555555555
0 0.36640625000000004 0.6687500000000001 0.30390625000000004 0.5513888888888889
0 0.42304687500000004 0.7697916666666667 0.321875 0.55625
0 0.5220703125 0.9500000000000001 0.086328125 0.15694444444444444
0 0.444921875 0.8135416666666667 0.09296875 0.16180555555555556
0 0.4685546875 0.8503472222222223 0.060546875 0.12013888888888889
0 0.28164062500000003 0.515625 0.40703125 0.7340277777777778
0 0.27480468750000003 0.5111111111111112 0.354296875 0.6375000000000001
0 0.295703125 0.5420138888888889 0.5242187500000001 0.9173611111111112
0 0.47773437500000004 0.8770833333333333 0.43593750000000003 0.7541666666666667
0 0.516796875 0.9392361111111112 0.3921875 0.6993055555555556
0 0.5212890625000001 0.9496527777777778 0.362890625 0.6520833333333333
0 0.533203125 0.9684027777777778 0.5625 0.9798611111111112
0 0.46894531250000004 0.8482638888888889 0.460546875 0.8076388888888889
