0 0.17912087912087912 0.24583333333333335 0.24395604395604395 0.30972222222222223
0 0.25164835164835164 0.33333333333333337 0.008791208791208791 0.005555555555555556
0 0.15027472527472527 0.20868055555555556 0.1489010989010989 0.18680555555555556
0 0.30714285714285716 0.4045138888888889 0.17802197802197803 0.2215277777777778
0 0.3862637362637363 0.5038194444444445 0.421978021978022 0.5284722222222222
0 0.27307692307692305 0.35694444444444445 0.18021978021978022 0.23611111111111113
0 0.5752747252747252 0.7423611111111111 0.5835164835164836 0.7472222222222222
0 0.5741758241758241 0.740625 0.5703296703296703 0.7256944444444444
0 0.5744505494505494 0.7416666666666667 0.6994505494505494 0.8736111111111111
0 0.4989010989010989 0.6486111111111111 0.6923076923076923 0.8652777777777778
0 0.5222527472527473 0.6739583333333333 0.7401098901098901 0.9284722222222223
0 0.4664835164835165 0.6024305555555556 0.5395604395604395 0.6743055555555556
0 0.4695054945054945 0.609375 0.7939560439560439 0.9965277777777778
0 0.4098901098901099 0.5336805555555556 0.676923076923077 0.86875
0 0.6445054945054945 0.8298611111111112 0.3120879120879121 0.3805555555555556
0 0.5870879120879121 0.7621527777777778 0.1631868131868132 0.19930555555555557
0 0.615934065934066 0.7979166666666667 0.13956043956043956 0.1638888888888889
0 0.6068681318681318 0.7829861111111112 0.4379120879120879 0.5590277777777778
0 0.6255494505494505 0.8079861111111112 0.43351648351648353 0.5604166666666667
0 0.5964285714285714 0.7659722222222223 0.2456043956043956 0.3125
0 0.6634615384615384 0.8510416666666667 0.21923076923076923 0.27847222222222223
0 0.5722527472527472 0.7489583333333334 0.11153846153846154 0.12708333333333333
0 0.5151098901098901 0.6687500000000001 0.0489010989010989 0.06527777777777778
0 0.4478021978021978 0.5809027777777778 0.16813186813186815 0.21875
0 0.2543956043956044 0.33819444444444446 0.35604395604395606 0.4527777777777778
0 0.3181318681318681 0.4138888888888889 0.24615384615384617 0.30972222222222223
0 0.3195054945054945 0.4131944444444445 0.25769230769230766 0.32083333333333336
0 0.3535714285714286 0.4607638888888889 0.5115384615384615 0.6493055555555556
