0 0.7321428571428571 0.9527777777777778 0.2478021978021978 0.3180555555555556
0 0.5898351648351648 0.7729166666666667 0.1434065934065934 0.18472222222222223
0 0.6021978021978022 0.7909722222222223 0.13516483516483516 0.17500000000000002
0 0.5997252747252747 0.7833333333333333 0.11373626373626373 0.13055555555555556
0 0.4164835164835165 0.546875 0.2549450549450549 0.32569444444444445
0 0.3728021978021978 0.496875 0.40934065934065933 0.5034722222222222
0 0.4478021978021978 0.5861111111111111 0.19230769230769232 0.25972222222222224
0 0.4409340659340659 0.5864583333333333 0.7247252747252747 0.9145833333333334
0 0.44505494505494503 0.5878472222222223 0.7494505494505495 0.96875
0 0.40192307692307694 0.5368055555555555 0.21483516483516482 0.27222222222222225
0 0.4368131868131868 0.5809027777777778 0.26263736263736265 0.3423611111111111
0 0.3271978021978022 0.43993055555555555 0.41593406593406596 0.5465277777777778
0 0.21593406593406594 0.2954861111111111 0.1076923076923077 0.14791666666666667
0 0.225 0.30833333333333335 0.04120879120879121 0.05694444444444444
0 0.2478021978021978 0.33958333333333335 0.017582417582417582 0.030555555555555558
