0 0.174609375 0.33090277777777777 0.2 0.3493055555555556
0 0.1673828125 0.31701388888888893 0.137109375 0.2590277777777778
0 0.1341796875 0.2621527777777778 0.075390625 0.12013888888888889
0 0.25429687500000003 0.47361111111111115 0.07421875 0.13055555555555556
0 0.28554687500000003 0.53125 0.06406250000000001 0.11944444444444445
0 0.328125 0.6006944444444444 0.2609375 0.4763888888888889
0 0.296875 0.5479166666666667 0.21796875000000002 0.4041666666666667
0 0.39179687500000004 0.7180555555555556 0.23828125 0.4305555555555556
0 0.37929687500000003 0.6965277777777779 0.1875 0.3125
0 0.4392578125 0.8003472222222222 0.263671875 0.4548611111111111
0 0.5236328125 0.9527777777777778 0.066796875 0.10972222222222222
0 0.5060546875 0.9215277777777778 0.013671875 0.03194444444444445
0 0.4646484375 0.8496527777777778 0.049609375000000004 0.09236111111111112
0 0.27871093750000003 0.5166666666666667 0.498828125 0.8847222222222223
0 0.244921875 0.4527777777777778 0.36796875 0.6416666666666667
0 0.2798828125 0.5166666666666667 0.39882812500000003 0.7083333333333334
0 0.5365234375 0.9756944444444445 0.499609375 0.8680555555555556
0 0.47734375 0.8697916666666667 0.48281250000000003 0.8381944444444445
0 0.48046875 0.8767361111111112 0.5281250000000001 0.95625
