0 0.17335164835164835 0.2423611111111111 0.05879120879120879 0.06944444444444445
0 0.19203296703296704 0.26875 0.13901098901098902 0.18055555555555555
0 0.25054945054945055 0.34375 0.14725274725274726 0.17500000000000002
0 0.41703296703296705 0.5472222222222223 0.37252747252747254 0.47222222222222227
0 0.42554945054945054 0.565625 0.4137362637362637 0.5090277777777777
0 0.4782967032967033 0.6260416666666667 0.32142857142857145 0.3993055555555556
0 0.5576923076923077 0.7302083333333333 0.6846153846153846 0.8548611111111112
0 0.5013736263736264 0.6611111111111111 0.695054945054945 0.8736111111111111
0 0.4818681318681319 0.6315972222222223 0.6758241758241759 0.8451388888888889
0 0.6807692307692308 0.8798611111111111 0.4 0.5111111111111112
0 0.6714285714285714 0.8756944444444444 0.4065934065934066 0.5236111111111111
0 0.6247252747252747 0.8152777777777778 0.26153846153846155 0.3263888888888889
0 0.5604395604395604 0.7322916666666667 0.00989010989010989 0.004861111111111111
0 0.593956043956044 0.7784722222222222 0.17252747252747253 0.2152777777777778
0 0.5873626373626374 0.7704861111111111 0.1912087912087912 0.23402777777777778
0 0.3931318681318681 0.5246527777777777 0.3994505494505495 0.5118055555555556
0 0.3497252747252747 0.46979166666666666 0.3565934065934066 0.46597222222222223
0 0.3118131868131868 0.4197916666666667 0.4445054945054945 0.5826388888888889
