0 0.278515625 0.5135416666666667 0.03828125 0.05902777777777778
0 0.238671875 0.44270833333333337 0.017968750000000002 0.03819444444444445
0 0.234765625 0.4413194444444445 0.057031250000000006 0.10069444444444445
0 0.1462890625 0.278125 0.079296875 0.13680555555555557
0 0.1517578125 0.28506944444444443 0.087109375 0.15763888888888888
0 0.18027343750000002 0.3357638888888889 0.055859375 0.10486111111111111
0 0.3486328125 0.6385416666666667 0.270703125 0.4965277777777778
0 0.34707031250000003 0.6329861111111111 0.233203125 0.4201388888888889
0 0.2736328125 0.5017361111111112 0.48085937500000003 0.8604166666666667
0 0.24277343750000002 0.44895833333333335 0.43398437500000003 0.7840277777777778
0 0.3091796875 0.5666666666666667 0.425390625 0.7722222222222223
0 0.35585937500000003 0.6527777777777778 0.2671875 0.47500000000000003
0 0.4244140625 0.7708333333333334 0.19648437500000002 0.33611111111111114
0 0.44355468750000004 0.8048611111111111 0.224609375 0.40694444444444444
0 0.482421875 0.878125 0.18359375 0.3368055555555556
0 0.48359375000000004 0.878125 0.1015625 0.19375
0 0.5359375000000001 0.9715277777777778 0.109375 0.18333333333333335
0 0.5052734375 0.9222222222222223 0.523828125 0.9222222222222223
0 0.5130859375 0.9329861111111112 0.555859375 0.9965277777777778
0 0.5220703125 0.9434027777777778 0.44960937500000003 0.8048611111111111
