0 0.28046875 0.5170138888888889 0.0078125 0.025694444444444447
0 0.2126953125 0.3982638888888889 0.010546875 0.0076388888888888895
0 0.178515625 0.3385416666666667 0.16562500000000002 0.30347222222222225
0 0.164453125 0.30868055555555557 0.21875 0.39375
0 0.1212890625 0.23506944444444444 0.099609375 0.16180555555555556
0 0.3291015625 0.6065972222222222 0.08945312500000001 0.14791666666666667
0 0.3544921875 0.6517361111111112 0.037890625000000004 0.07430555555555556
0 0.2755859375 0.5079861111111111 0.138671875 0.2326388888888889
0 0.3697265625 0.68125 0.191796875 0.3458333333333333
0 0.3728515625 0.6819444444444445 0.164453125 0.2763888888888889
0 0.34511718750000003 0.6319444444444444 0.265234375 0.45555555555555555
0 0.2697265625 0.49895833333333334 0.318359375 0.5520833333333334
0 0.26953125 0.4986111111111111 0.434375 0.7722222222222223
0 0.24082031250000002 0.45 0.419921875 0.763888888888889
0 0.5281250000000001 0.9618055555555556 0.07500000000000001 0.11944444444444445
0 0.46132812500000003 0.8406250000000001 0.02734375 0.06319444444444444
0 0.448046875 0.8190972222222223 0.140625 0.26458333333333334
0 0.5380859375 0.9774305555555556 0.498828125 0.8701388888888889
0 0.54609375 0.9927083333333334 0.40703125 0.7381944444444445
0 0.46718750000000003 0.8510416666666667 0.49062500000000003 0.8604166666666667
0 0.4705078125 0.8524305555555556 0.500390625 0.8965277777777778
0 0.421484375 0.76875 0.5375 0.9500000000000001
