0 0.16263736263736264 0.22708333333333333 0.054945054945054944 0.07083333333333333
0 0.1489010989010989 0.21423611111111113 0.021978021978021976 0.02847222222222222
0 0.19313186813186814 0.26944444444444443 0.12032967032967033 0.15833333333333333
0 0.3403846153846154 0.45381944444444444 0.3851648351648352 0.5006944444444444
0 0.39862637362637365 0.5256944444444445 0.2895604395604396 0.3597222222222222
0 0.4247252747252747 0.5545138888888889 0.389010989010989 0.48541666666666666
0 0.4785714285714286 0.6319444444444444 0.7857142857142857 0.9944444444444445
0 0.4793956043956044 0.6302083333333334 0.7642857142857142 0.982638888888889
0 0.45686813186813185 0.6020833333333333 0.7785714285714286 0.9833333333333334
0 0.6516483516483517 0.8423611111111111 0.3395604395604396 0.4388888888888889
0 0.7197802197802198 0.9361111111111111 0.13186813186813187 0.15833333333333333
0 0.7151098901098901 0.9281250000000001 0.11593406593406594 0.14791666666666667
0 0.5901098901098901 0.773263888888889 0.2 0.23958333333333334
0 0.5840659340659341 0.7659722222222223 0.1967032967032967 0.23611111111111113
0 0.5956043956043956 0.7815972222222223 0.17692307692307693 0.22569444444444445
0 0.3903846153846154 0.5177083333333333 0.3565934065934066 0.4673611111111111
0 0.2917582417582418 0.3944444444444445 0.4714285714285714 0.6097222222222223
0 0.3554945054945055 0.47881944444444446 0.24065934065934066 0.31319444444444444
