0 0.2693359375 0.496875 0.137109375 0.23680555555555557
0 0.26640625 0.49444444444444446 0.01953125 0.04027777777777778
0 0.21015625000000002 0.39583333333333337 0.022656250000000003 0.05
0 0.1650390625 0.30972222222222223 0.220703125 0.3888888888888889
0 0.177734375 0.33784722222222224 0.16953125000000002 0.31319444444444444
0 0.122265625 0.23472222222222222 0.09765625 0.15833333333333333
0 0.32050781250000004 0.5892361111111112 0.20039062500000002 0.37569444444444444
0 0.32441406250000004 0.5916666666666667 0.197265625 0.3652777777777778
0 0.369921875 0.6819444444444445 0.1875 0.35694444444444445
0 0.4087890625 0.7503472222222223 0.27382812500000003 0.49375
0 0.44257812500000004 0.8052083333333334 0.20078125000000002 0.3729166666666667
0 0.5265625 0.9593750000000001 0.053125000000000006 0.08402777777777778
0 0.4947265625 0.9059027777777778 0.10820312500000001 0.1951388888888889
0 0.48164062500000004 0.8809027777777778 0.018750000000000003 0.03819444444444445
0 0.2736328125 0.5041666666666667 0.316015625 0.5486111111111112
0 0.2607421875 0.4840277777777778 0.338671875 0.5916666666666667
0 0.276953125 0.5121527777777778 0.49453125000000003 0.89375
0 0.5380859375 0.9756944444444445 0.499609375 0.8680555555555556
0 0.468359375 0.8520833333333334 0.4890625 0.8541666666666667
0 0.46992187500000004 0.851388888888889 0.49921875000000004 0.8944444444444445
0 0.5421875 0.9833333333333334 0.3984375 0.7166666666666667
0 0.42226562500000003 0.7708333333333334 0.5390625 0.9541666666666667
