0 0.15302197802197803 0.21979166666666666 0.019230769230769232 0.027083333333333334
0 0.20934065934065935 0.28923611111111114 0.10989010989010989 0.16041666666666668
0 0.21510989010989012 0.2989583333333333 0.160989010989011 0.20347222222222222
0 0.3574175824175824 0.47708333333333336 0.10714285714285714 0.14166666666666666
0 0.35934065934065934 0.47708333333333336 0.25824175824175827 0.33055555555555555
0 0.30054945054945054 0.40902777777777777 0.2681318681318681 0.3402777777777778
0 0.4104395604395604 0.5440972222222222 0.6868131868131868 0.8729166666666667
0 0.4269230769230769 0.5649305555555556 0.6967032967032967 0.8993055555555556
0 0.521978021978022 0.6822916666666667 0.6934065934065934 0.8895833333333334
0 0.6664835164835164 0.8673611111111111 0.4043956043956044 0.5208333333333334
0 0.7516483516483516 0.978125 0.25824175824175827 0.3215277777777778
0 0.6925824175824176 0.8968750000000001 0.1565934065934066 0.18680555555555556
0 0.4582417582417582 0.6027777777777777 0.2879120879120879 0.34305555555555556
0 0.5043956043956044 0.6677083333333333 0.29120879120879123 0.36736111111111114
0 0.4247252747252747 0.5625 0.19230769230769232 0.2625
0 0.3423076923076923 0.46145833333333336 0.3626373626373626 0.4673611111111111
0 0.39093406593406593 0.5211805555555555 0.30824175824175826 0.4104166666666667
0 0.385989010989011 0.5142361111111111 0.28406593406593406 0.38680555555555557
