0 0.2445054945054945 0.32916666666666666 0.19230769230769232 0.22777777777777777
0 0.2478021978021978 0.3236111111111111 0.035164835164835165 0.04722222222222222
0 0.24532967032967032 0.3197916666666667 0.015934065934065933 0.017361111111111112
0 0.17472527472527472 0.23958333333333334 0.11318681318681319 0.13472222222222222
0 0.1815934065934066 0.23993055555555556 0.0510989010989011 0.06041666666666667
0 0.14203296703296703 0.19236111111111112 0.02912087912087912 0.029166666666666667
0 0.12335164835164836 0.171875 0.0016483516483516484 0.009027777777777779
0 0.11373626373626373 0.1625 0.017582417582417582 0.008333333333333333
0 0.2098901098901099 0.2743055555555556 0.007692307692307693 0.008333333333333333
0 0.2728021978021978 0.35833333333333334 0.1510989010989011 0.19166666666666668
0 0.3412087912087912 0.4482638888888889 0.12307692307692308 0.16180555555555556
0 0.2563186813186813 0.34270833333333334 0.3752747252747253 0.48958333333333337
0 0.42664835164835163 0.55625 0.5510989010989011 0.6861111111111111
0 0.43324175824175826 0.5618055555555556 0.5741758241758241 0.7333333333333334
0 0.42225274725274725 0.5496527777777778 0.5884615384615385 0.7340277777777778
0 0.41923076923076924 0.5434027777777778 0.610989010989011 0.7743055555555556
0 0.41593406593406596 0.5440972222222222 0.676923076923077 0.8520833333333334
0 0.4513736263736264 0.5868055555555556 0.6675824175824175 0.8375
0 0.4651098901098901 0.6013888888888889 0.7126373626373627 0.9097222222222222
0 0.46016483516483514 0.5972222222222222 0.762087912087912 0.9722222222222222
0 0.48928571428571427 0.6333333333333333 0.7445054945054945 0.9444444444444445
0 0.5263736263736264 0.6746527777777778 0.7461538461538462 0.9409722222222222
0 0.493956043956044 0.6329861111111111 0.7230769230769231 0.9118055555555555
0 0.5873626373626374 0.7649305555555556 0.6604395604395604 0.8215277777777779
0 0.5909340659340659 0.7628472222222222 0.41703296703296705 0.5381944444444444
0 0.5717032967032967 0.7368055555555556 0.3401098901098901 0.43472222222222223
0 0.5620879120879121 0.7354166666666667 0.2813186813186813 0.36388888888888893
0 0.576098901098901 0.7493055555555556 0.22142857142857142 0.2902777777777778
0 0.6208791208791209 0.8017361111111111 0.24175824175824176 0.31180555555555556
0 0.612912087912088 0.7857638888888889 0.1554945054945055 0.19791666666666669
0 0.6263736263736264 0.803125 0.421978021978022 0.5340277777777778
0 0.6164835164835165 0.7913194444444445 0.38351648351648354 0.4826388888888889
0 0.7052197802197803 0.9086805555555556 0.1478021978021978 0.19791666666666669
0 0.676923076923077 0.867013888888889 0.11978021978021978 0.15069444444444444
0 0.5019230769230769 0.6503472222222223 0.0456043956043956 0.04791666666666667
0 0.4868131868131868 0.6309027777777778 0.14065934065934066 0.16458333333333333
0 0.5016483516483516 0.6531250000000001 0.2087912087912088 0.26458333333333334
0 0.4582417582417582 0.596875 0.1934065934065934 0.2590277777777778
0 0.47802197802197804 0.6142361111111111 0.1 0.1326388888888889
0 0.4107142857142857 0.5364583333333334 0.33791208791208793 0.4465277777777778
0 0.37884615384615383 0.4913194444444445 0.3038461538461538 0.3854166666666667
0 0.3730769230769231 0.4840277777777778 0.2879120879120879 0.3680555555555556
0 0.3129120879120879 0.4079861111111111 0.2302197802197802 0.2826388888888889
0 0.40274725274725276 0.5246527777777777 0.44285714285714284 0.5520833333333334
0 0.29120879120879123 0.38784722222222223 0.5263736263736264 0.6465277777777778
