0 0.18763736263736264 0.2590277777777778 0.2478021978021978 0.3111111111111111
0 0.2510989010989011 0.33437500000000003 0.008791208791208791 0.0076388888888888895
0 0.15164835164835164 0.20659722222222224 0.14065934065934066 0.17708333333333334
0 0.12307692307692308 0.17152777777777778 0.027472527472527472 0.04583333333333334
0 0.30824175824175826 0.40243055555555557 0.17912087912087912 0.22291666666666668
0 0.27362637362637365 0.35694444444444445 0.17912087912087912 0.23472222222222222
0 0.3873626373626374 0.5076388888888889 0.4186813186813187 0.5291666666666667
0 0.4675824175824176 0.6027777777777777 0.5384615384615384 0.6763888888888889
0 0.570054945054945 0.7357638888888889 0.5752747252747252 0.7368055555555556
0 0.5744505494505494 0.7392361111111111 0.5697802197802198 0.7201388888888889
0 0.49835164835164836 0.6465277777777778 0.6934065934065934 0.8666666666666667
0 0.4695054945054945 0.6104166666666667 0.7961538461538461 0.9972222222222222
0 0.4107142857142857 0.5288194444444445 0.6543956043956044 0.8215277777777779
0 0.5741758241758241 0.7427083333333334 0.6989010989010989 0.8743055555555556
0 0.6269230769230769 0.8065972222222223 0.43626373626373627 0.5590277777777778
0 0.6134615384615385 0.790625 0.4532967032967033 0.56875
0 0.6486263736263737 0.8333333333333334 0.29725274725274725 0.36388888888888893
0 0.6618131868131868 0.8517361111111111 0.22252747252747251 0.2798611111111111
0 0.6162087912087912 0.7982638888888889 0.13791208791208792 0.16180555555555556
0 0.5832417582417583 0.757638888888889 0.17087912087912088 0.20972222222222223
0 0.5947802197802198 0.7673611111111112 0.2478021978021978 0.3111111111111111
0 0.5752747252747252 0.7413194444444444 0.12747252747252746 0.14930555555555555
0 0.5706043956043956 0.7454861111111112 0.12142857142857143 0.12986111111111112
0 0.514010989010989 0.6659722222222223 0.024725274725274724 0.034722222222222224
0 0.4489010989010989 0.5805555555555556 0.16813186813186815 0.22083333333333335
0 0.3543956043956044 0.46458333333333335 0.510989010989011 0.6513888888888889
0 0.3184065934065934 0.4152777777777778 0.24670329670329672 0.30972222222222223
0 0.3195054945054945 0.415625 0.2554945054945055 0.31875000000000003
0 0.2532967032967033 0.3392361111111111 0.35384615384615387 0.4534722222222222
