0 0.49642857142857144 0.6482638888888889 0.12032967032967033 0.14930555555555555
0 0.5214285714285715 0.6753472222222222 0.13516483516483516 0.16875
0 0.40384615384615385 0.5288194444444445 0.24065934065934066 0.3159722222222222
0 0.41016483516483515 0.5381944444444444 0.2291208791208791 0.3055555555555556
0 0.25934065934065936 0.3420138888888889 0.13736263736263737 0.17847222222222223
0 0.5258241758241758 0.6809027777777779 0.11758241758241758 0.1451388888888889
0 0.3302197802197802 0.43506944444444445 0.4307692307692308 0.5326388888888889
0 0.28846153846153844 0.3791666666666667 0.45494505494505494 0.5861111111111111
0 0.40906593406593406 0.5336805555555556 0.5082417582417582 0.6368055555555556
0 0.22857142857142856 0.30208333333333337 0.15164835164835164 0.2
0 0.2379120879120879 0.31736111111111115 0.23296703296703297 0.29583333333333334
0 0.16675824175824175 0.22847222222222224 0.056593406593406594 0.08472222222222223
0 0.1620879120879121 0.2215277777777778 0.054945054945054944 0.08055555555555556
0 0.5192307692307693 0.6746527777777778 0.45494505494505494 0.5881944444444445
0 0.5225274725274726 0.685763888888889 0.7648351648351648 0.9604166666666667
0 0.4596153846153846 0.6045138888888889 0.7565934065934066 0.9743055555555556
0 0.6936813186813187 0.8927083333333333 0.1565934065934066 0.19375
0 0.6486263736263737 0.8381944444444445 0.15 0.19166666666666668
0 0.5994505494505494 0.775 0.2076923076923077 0.25416666666666665
