0 0.11785714285714285 0.16875 0.14560439560439561 0.19444444444444445
0 0.14560439560439561 0.19583333333333333 0.08351648351648351 0.10833333333333334
0 0.17445054945054944 0.2388888888888889 0.22582417582417583 0.2916666666666667
0 0.20164835164835165 0.27222222222222225 0.06043956043956044 0.08055555555555556
0 0.18186813186813186 0.24861111111111112 0.08571428571428572 0.12222222222222223
0 0.24532967032967032 0.3197916666666667 0.01703296703296703 0.01875
0 0.24258241758241758 0.3267361111111111 0.317032967032967 0.40069444444444446
0 0.3354395604395604 0.4371527777777778 0.4137362637362637 0.53125
0 0.3516483516483516 0.46111111111111114 0.4142857142857143 0.5222222222222223
0 0.4519230769230769 0.5895833333333333 0.5192307692307693 0.6472222222222223
0 0.4348901098901099 0.5635416666666667 0.5928571428571429 0.7423611111111111
0 0.4247252747252747 0.5524305555555555 0.5769230769230769 0.7131944444444445
0 0.42445054945054944 0.5524305555555555 0.5928571428571429 0.7465277777777778
0 0.41620879120879123 0.5458333333333334 0.6104395604395605 0.763888888888889
0 0.5024725274725275 0.6454861111111111 0.7225274725274725 0.9145833333333334
0 0.5013736263736264 0.65 0.7862637362637362 0.9875
0 0.5115384615384615 0.6618055555555555 0.7824175824175824 0.9902777777777778
0 0.5 0.6427083333333333 0.7747252747252747 0.9854166666666667
0 0.4348901098901099 0.5621527777777778 0.7192307692307692 0.9187500000000001
0 0.41813186813186815 0.5427083333333333 0.6285714285714286 0.7993055555555556
0 0.5873626373626374 0.7597222222222223 0.6824175824175824 0.851388888888889
0 0.6892857142857143 0.8940972222222222 0.4445054945054945 0.5479166666666667
0 0.6403846153846153 0.8319444444444445 0.4664835164835165 0.5875
0 0.6774725274725275 0.8753472222222223 0.3978021978021978 0.50625
0 0.6 0.7697916666666667 0.42747252747252745 0.5493055555555556
0 0.5719780219780219 0.7354166666666667 0.3758241758241758 0.47222222222222227
0 0.6173076923076923 0.7923611111111112 0.43351648351648353 0.5513888888888889
0 0.6260989010989011 0.804513888888889 0.4225274725274725 0.5340277777777778
0 0.7052197802197803 0.90625 0.1357142857142857 0.18333333333333335
0 0.6596153846153846 0.8440972222222223 0.11593406593406594 0.13958333333333334
0 0.6489010989010989 0.8406250000000001 0.10989010989010989 0.13680555555555557
0 0.6126373626373627 0.7847222222222222 0.15604395604395604 0.19861111111111113
0 0.44642857142857145 0.5822916666666667 0.11263736263736264 0.15347222222222223
0 0.48653846153846153 0.625 0.12362637362637363 0.16111111111111112
0 0.5142857142857142 0.6631944444444444 0.09010989010989011 0.1125
0 0.5288461538461539 0.6868055555555556 0.17087912087912088 0.20277777777777778
0 0.48736263736263735 0.6322916666666667 0.2076923076923077 0.26458333333333334
0 0.42637362637362636 0.5534722222222223 0.15934065934065933 0.2013888888888889
0 0.37774725274725274 0.48923611111111115 0.25659340659340657 0.33263888888888893
0 0.36923076923076925 0.4795138888888889 0.2571428571428571 0.33125
0 0.37884615384615383 0.49236111111111114 0.30494505494505497 0.3861111111111111
0 0.2934065934065934 0.39131944444444444 0.4 0.5118055555555556
0 0.4137362637362637 0.5409722222222222 0.45274725274725275 0.5847222222222223
0 0.4024725274725275 0.5256944444444445 0.4434065934065934 0.55
