0 0.16016483516483515 0.22812500000000002 0.026923076923076925 0.03263888888888889
0 0.1697802197802198 0.2371527777777778 0.08241758241758242 0.11736111111111111
0 0.189010989010989 0.2652777777777778 0.189010989010989 0.24027777777777778
0 0.3557692307692308 0.46944444444444444 0.5038461538461538 0.6236111111111111
0 0.432967032967033 0.5711805555555556 0.3505494505494505 0.44930555555555557
0 0.4230769230769231 0.5590277777777778 0.34615384615384615 0.42638888888888893
0 0.6019230769230769 0.7861111111111111 0.2456043956043956 0.2902777777777778
0 0.618956043956044 0.8104166666666667 0.06428571428571428 0.08472222222222223
0 0.6142857142857143 0.8052083333333334 0.020879120879120878 0.02847222222222222
0 0.7678571428571429 0.9961805555555556 0.1686813186813187 0.22569444444444445
0 0.7747252747252747 1.0 0.2076923076923077 0.2625
0 0.24313186813186813 0.3315972222222222 0.20274725274725275 0.24930555555555556
0 0.26895604395604394 0.3607638888888889 0.18516483516483517 0.21875
0 0.37774725274725274 0.5027777777777778 0.3489010989010989 0.4277777777777778
0 0.4695054945054945 0.6197916666666667 0.6192307692307693 0.8020833333333334
0 0.5255494505494506 0.6843750000000001 0.7785714285714286 0.9729166666666667
0 0.5854395604395605 0.7690972222222222 0.6642857142857143 0.8423611111111111
