0 0.27773437500000003 0.5135416666666667 0.0328125 0.06597222222222222
0 0.23398437500000002 0.4357638888888889 0.0078125 0.013194444444444444
0 0.23496093750000002 0.4388888888888889 0.046484375 0.09722222222222222
0 0.2078125 0.38472222222222224 0.09765625 0.18611111111111112
0 0.18183593750000002 0.3392361111111111 0.057421875000000004 0.11458333333333334
0 0.148828125 0.2826388888888889 0.05625 0.11111111111111112
0 0.3474609375 0.6333333333333333 0.236328125 0.42638888888888893
0 0.349609375 0.6413194444444444 0.27187500000000003 0.49930555555555556
0 0.27187500000000003 0.4979166666666667 0.46328125000000003 0.8333333333333334
0 0.27187500000000003 0.5027777777777778 0.484375 0.8611111111111112
0 0.31328125 0.5756944444444445 0.5046875000000001 0.8805555555555555
0 0.358984375 0.6583333333333333 0.27421875 0.48750000000000004
0 0.4234375 0.7697916666666667 0.20546875 0.3506944444444445
0 0.44570312500000003 0.8097222222222222 0.22812500000000002 0.4152777777777778
0 0.4626953125 0.842013888888889 0.047265625000000006 0.10069444444444445
0 0.48164062500000004 0.8756944444444444 0.10078125 0.1902777777777778
0 0.5396484375 0.9791666666666667 0.08945312500000001 0.1527777777777778
0 0.5064453125 0.9246527777777778 0.5339843750000001 0.9368055555555556
0 0.4697265625 0.8597222222222223 0.47695312500000003 0.8583333333333334
0 0.5111328125 0.9239583333333333 0.44960937500000003 0.8104166666666667
