0 0.15576923076923077 0.21805555555555556 0.06098901098901099 0.06805555555555556
0 0.14752747252747253 0.21284722222222224 0.014835164835164835 0.017361111111111112
0 0.1673076923076923 0.23611111111111113 0.02032967032967033 0.020833333333333336
0 0.42417582417582417 0.5569444444444445 0.38351648351648354 0.4847222222222222
0 0.4664835164835165 0.6170138888888889 0.35824175824175825 0.44236111111111115
0 0.40686813186813187 0.5375 0.18406593406593408 0.23333333333333334
0 0.45714285714285713 0.6006944444444444 0.7648351648351648 0.9625
0 0.4513736263736264 0.5954861111111112 0.7456043956043956 0.9534722222222223
0 0.41016483516483515 0.5434027777777778 0.6653846153846154 0.8395833333333333
0 0.7299450549450549 0.9465277777777779 0.38846153846153847 0.47361111111111115
0 0.7365384615384616 0.95625 0.3587912087912088 0.4375
0 0.6428571428571429 0.8315972222222222 0.34615384615384615 0.4451388888888889
0 0.4634615384615385 0.6114583333333333 0.20714285714285716 0.27847222222222223
0 0.5225274725274726 0.6864583333333334 0.26153846153846155 0.3423611111111111
0 0.5076923076923077 0.6687500000000001 0.26593406593406593 0.3402777777777778
0 0.3456043956043956 0.4621527777777778 0.24725274725274726 0.30625
0 0.34697802197802197 0.46319444444444446 0.27307692307692305 0.35833333333333334
0 0.26456043956043956 0.3607638888888889 0.3983516483516483 0.5034722222222222
