0 0.1293956043956044 0.1892361111111111 0.10274725274725274 0.14375000000000002
0 0.20082417582417583 0.2815972222222222 0.19395604395604396 0.2451388888888889
0 0.16043956043956045 0.2295138888888889 0.02967032967032967 0.04097222222222222
0 0.24368131868131868 0.33090277777777777 0.26868131868131867 0.35625
0 0.25274725274725274 0.34618055555555555 0.34835164835164834 0.41458333333333336
0 0.26153846153846155 0.35555555555555557 0.16153846153846155 0.2111111111111111
0 0.4217032967032967 0.55625 0.3543956043956044 0.45
0 0.4236263736263736 0.5604166666666667 0.41208791208791207 0.5236111111111111
0 0.4307692307692308 0.5638888888888889 0.5263736263736264 0.6611111111111111
0 0.5620879120879121 0.7371527777777778 0.26703296703296703 0.3576388888888889
0 0.5722527472527472 0.7472222222222222 0.2653846153846154 0.33055555555555555
0 0.6233516483516484 0.8138888888888889 0.03241758241758242 0.059722222222222225
0 0.7587912087912088 0.9805555555555556 0.11868131868131868 0.16527777777777777
0 0.4725274725274725 0.6229166666666667 0.621978021978022 0.8041666666666667
0 0.5461538461538461 0.7118055555555556 0.7461538461538462 0.9263888888888889
0 0.582967032967033 0.7670138888888889 0.6901098901098901 0.8701388888888889
