0 0.28203125 0.5239583333333333 0.03125 0.06041666666666667
0 0.3181640625 0.5826388888888889 0.017578125 0.01388888888888889
0 0.21601562500000002 0.4041666666666667 0.004687500000000001 0.008333333333333333
0 0.1599609375 0.30069444444444443 0.178515625 0.31666666666666665
0 0.1654296875 0.31319444444444444 0.15976562500000002 0.2652777777777778
0 0.1142578125 0.22395833333333334 0.126953125 0.22291666666666668
0 0.15097656250000002 0.28645833333333337 0.051171875000000006 0.08541666666666667
0 0.326171875 0.5958333333333333 0.17421875 0.29583333333333334
0 0.3513671875 0.64375 0.09726562500000001 0.16527777777777777
0 0.3994140625 0.7350694444444444 0.209765625 0.36319444444444443
0 0.4861328125 0.8902777777777778 0.152734375 0.27361111111111114
0 0.4921875 0.8965277777777778 0.0859375 0.1388888888888889
0 0.4548828125 0.828125 0.030078125 0.06875
0 0.36328125 0.6666666666666667 0.29140625000000003 0.5125000000000001
0 0.3611328125 0.6614583333333334 0.296484375 0.5437500000000001
0 0.29609375 0.5437500000000001 0.40234375 0.7027777777777778
0 0.32753906250000003 0.6010416666666667 0.46601562500000004 0.8159722222222222
0 0.2947265625 0.5399305555555556 0.5183593750000001 0.920138888888889
0 0.509375 0.9319444444444445 0.5640625 1.0
0 0.480078125 0.8725694444444445 0.4625 0.8395833333333333
0 0.4921875 0.8961805555555555 0.43984375000000003 0.7743055555555556
0 0.5001953125 0.9090277777777778 0.429296875 0.7527777777777778
