0 0.19980468750000002 0.375 0.158984375 0.2652777777777778
0 0.1412109375 0.2711805555555556 0.07382812500000001 0.12569444444444444
0 0.160546875 0.30659722222222224 0.0390625 0.05625
0 0.3013671875 0.5534722222222223 0.09726562500000001 0.15833333333333333
0 0.2697265625 0.4979166666666667 0.062109375 0.125
0 0.2779296875 0.515625 0.07382812500000001 0.1076388888888889
0 0.32070312500000003 0.5875 0.11953125 0.19583333333333333
0 0.32343750000000004 0.5927083333333334 0.1234375 0.20208333333333334
0 0.35175781250000004 0.6444444444444445 0.215234375 0.3666666666666667
0 0.36054687500000004 0.6597222222222222 0.1859375 0.3138888888888889
0 0.4060546875 0.7434027777777779 0.125390625 0.24097222222222223
0 0.501171875 0.9131944444444445 0.017968750000000002 0.009722222222222222
0 0.4724609375 0.8614583333333333 0.047265625000000006 0.08402777777777778
0 0.459765625 0.8368055555555556 0.039843750000000004 0.08750000000000001
0 0.2583984375 0.4791666666666667 0.437109375 0.763888888888889
0 0.30078125 0.5548611111111111 0.5 0.8777777777777778
0 0.3046875 0.5590277777777778 0.5125000000000001 0.8958333333333334
0 0.48554687500000004 0.8819444444444445 0.4625 0.8027777777777778
