0 0.11758241758241758 0.16527777777777777 0.13076923076923078 0.17083333333333334
0 0.1184065934065934 0.16527777777777777 0.03791208791208791 0.05416666666666667
0 0.21895604395604396 0.29930555555555555 0.19505494505494506 0.23055555555555557
0 0.23901098901098902 0.31666666666666665 0.13186813186813187 0.15833333333333333
0 0.2549450549450549 0.3368055555555556 0.1835164835164835 0.23194444444444445
0 0.31126373626373627 0.4083333333333333 0.4357142857142857 0.5625
0 0.40384615384615385 0.5274305555555556 0.2692307692307692 0.34652777777777777
0 0.4258241758241758 0.5541666666666667 0.6131868131868132 0.763888888888889
0 0.44560439560439563 0.5760416666666667 0.5406593406593406 0.6881944444444444
0 0.5686813186813187 0.734375 0.6626373626373626 0.8270833333333334
0 0.521978021978022 0.6753472222222222 0.7791208791208791 0.9784722222222223
0 0.4774725274725275 0.6177083333333333 0.7835164835164835 0.9951388888888889
0 0.4239010989010989 0.5524305555555555 0.762087912087912 0.9493055555555556
0 0.4230769230769231 0.5503472222222222 0.7406593406593407 0.945138888888889
0 0.4228021978021978 0.5517361111111111 0.7302197802197802 0.9284722222222223
0 0.41620879120879123 0.5392361111111111 0.717032967032967 0.9131944444444445
0 0.7208791208791209 0.9309027777777779 0.2813186813186813 0.35347222222222224
0 0.6956043956043956 0.8958333333333334 0.37032967032967035 0.45833333333333337
0 0.6975274725274725 0.8989583333333334 0.39175824175824175 0.4840277777777778
0 0.6527472527472528 0.8423611111111111 0.45384615384615384 0.5708333333333333
0 0.664010989010989 0.8548611111111112 0.4357142857142857 0.5555555555555556
0 0.6134615384615385 0.790625 0.35 0.44930555555555557
0 0.5766483516483516 0.7434027777777779 0.20824175824175825 0.26875
0 0.5931318681318681 0.7645833333333334 0.1554945054945055 0.19722222222222224
0 0.6296703296703297 0.8090277777777778 0.27472527472527475 0.3513888888888889
0 0.2733516483516483 0.3611111111111111 0.28736263736263734 0.3611111111111111
0 0.28846153846153844 0.3770833333333333 0.2868131868131868 0.3527777777777778
0 0.3065934065934066 0.40347222222222223 0.2802197802197802 0.34444444444444444
0 0.45796703296703295 0.592013888888889 0.18956043956043955 0.2465277777777778
0 0.4835164835164835 0.6288194444444445 0.2175824175824176 0.28125
0 0.5472527472527473 0.7065972222222222 0.17032967032967034 0.20486111111111113
0 0.5560439560439561 0.7180555555555556 0.14945054945054945 0.19305555555555556
0 0.5934065934065934 0.763888888888889 0.2835164835164835 0.3611111111111111
