0 0.11565934065934066 0.16805555555555557 0.13901098901098902 0.16666666666666669
0 0.17967032967032967 0.24340277777777777 0.1043956043956044 0.11875000000000001
0 0.2587912087912088 0.34305555555555556 0.041758241758241756 0.05
0 0.11428571428571428 0.1590277777777778 0.014285714285714285 0.0125
0 0.16016483516483515 0.2152777777777778 0.08626373626373626 0.10138888888888889
0 0.24532967032967032 0.32048611111111114 0.01703296703296703 0.01875
0 0.23873626373626375 0.31180555555555556 0.036813186813186814 0.04861111111111111
0 0.3181318681318681 0.42083333333333334 0.1087912087912088 0.14305555555555557
0 0.27225274725274723 0.35659722222222223 0.18846153846153846 0.2451388888888889
0 0.39203296703296703 0.5131944444444445 0.4258241758241758 0.5319444444444444
0 0.4115384615384615 0.545138888888889 0.6846153846153846 0.8791666666666667
0 0.41813186813186815 0.5402777777777777 0.6483516483516484 0.8152777777777778
0 0.45906593406593404 0.59375 0.6818681318681319 0.8708333333333333
0 0.4348901098901099 0.5628472222222223 0.7324175824175824 0.9243055555555556
0 0.4771978021978022 0.6190972222222223 0.6148351648351649 0.7923611111111112
0 0.5148351648351648 0.6690972222222222 0.5747252747252747 0.7229166666666667
0 0.5854395604395605 0.757638888888889 0.6818681318681319 0.8486111111111111
0 0.5282967032967033 0.6871527777777778 0.493956043956044 0.6270833333333333
0 0.7096153846153846 0.9118055555555555 0.41593406593406596 0.5125000000000001
0 0.6997252747252747 0.9038194444444445 0.3478021978021978 0.42291666666666666
0 0.6456043956043956 0.8322916666666667 0.3901098901098901 0.48541666666666666
0 0.634065934065934 0.8128472222222223 0.4186813186813187 0.5284722222222222
0 0.6005494505494505 0.7736111111111111 0.2571428571428571 0.33194444444444443
0 0.615934065934066 0.7895833333333334 0.21978021978021978 0.2777777777777778
0 0.5747252747252747 0.7461805555555556 0.21978021978021978 0.2604166666666667
0 0.7285714285714285 0.9399305555555556 0.26153846153846155 0.3368055555555556
0 0.7368131868131869 0.9437500000000001 0.2824175824175824 0.3527777777777778
0 0.5681318681318681 0.7378472222222222 0.13296703296703297 0.15069444444444444
0 0.503021978021978 0.6552083333333334 0.21043956043956044 0.26875
0 0.4846153846153846 0.6277777777777778 0.2032967032967033 0.24722222222222223
0 0.4434065934065934 0.5791666666666667 0.17692307692307693 0.23194444444444445
0 0.439010989010989 0.5684027777777778 0.08131868131868132 0.10069444444444445
0 0.37967032967032965 0.4920138888888889 0.29120879120879123 0.37569444444444444
0 0.2793956043956044 0.3652777777777778 0.28516483516483515 0.3666666666666667
0 0.4046703296703297 0.53125 0.4510989010989011 0.5861111111111111
0 0.40082417582417584 0.5284722222222222 0.49065934065934064 0.6097222222222223
