0 0.15879120879120878 0.2267361111111111 0.04725274725274725 0.07291666666666667
0 0.19587912087912088 0.2746527777777778 0.07307692307692308 0.09097222222222223
0 0.16016483516483515 0.22743055555555555 0.09175824175824175 0.11736111111111111
0 0.30137362637362636 0.40347222222222223 0.2478021978021978 0.3013888888888889
0 0.30631868131868134 0.4083333333333333 0.29725274725274725 0.3805555555555556
0 0.4461538461538462 0.5944444444444444 0.2802197802197802 0.36388888888888893
0 0.49642857142857144 0.6510416666666667 0.5368131868131868 0.7006944444444445
0 0.5126373626373626 0.6715277777777778 0.7747252747252747 0.9847222222222223
0 0.5296703296703297 0.6909722222222222 0.7516483516483516 0.9666666666666667
0 0.7162087912087912 0.9270833333333334 0.11043956043956044 0.1375
0 0.710989010989011 0.9225694444444444 0.12087912087912088 0.15486111111111112
0 0.6631868131868132 0.8652777777777778 0.2175824175824176 0.2902777777777778
0 0.5717032967032967 0.7506944444444444 0.17307692307692307 0.20694444444444446
0 0.5697802197802198 0.7444444444444445 0.0945054945054945 0.12916666666666668
0 0.4401098901098901 0.5819444444444445 0.04285714285714286 0.03333333333333333
0 0.3208791208791209 0.42986111111111114 0.3813186813186813 0.5013888888888889
0 0.32005494505494503 0.43020833333333336 0.2489010989010989 0.31875000000000003
0 0.32857142857142857 0.4447916666666667 0.23846153846153847 0.3145833333333333
