0 0.12445054945054945 0.17673611111111112 0.12692307692307692 0.17847222222222223
0 0.21208791208791208 0.28125 0.25274725274725274 0.3277777777777778
0 0.18021978021978022 0.24375000000000002 0.025274725274725275 0.02777777777777778
0 0.20604395604395603 0.2767361111111111 0.06593406593406594 0.07986111111111112
0 0.2906593406593407 0.38298611111111114 0.4197802197802198 0.5229166666666667
0 0.2563186813186813 0.34131944444444445 0.428021978021978 0.5409722222222222
0 0.29010989010989013 0.3791666666666667 0.2846153846153846 0.3527777777777778
0 0.46098901098901096 0.5982638888888889 0.1967032967032967 0.25625000000000003
0 0.46181318681318684 0.5972222222222222 0.18736263736263736 0.2388888888888889
0 0.5041208791208791 0.6548611111111111 0.21703296703296704 0.28194444444444444
0 0.5277472527472528 0.6843750000000001 0.06758241758241758 0.07569444444444445
0 0.5681318681318681 0.7350694444444444 0.2923076923076923 0.3590277777777778
0 0.570054945054945 0.7336805555555556 0.2554945054945055 0.3229166666666667
0 0.5906593406593407 0.7614583333333333 0.2703296703296703 0.35347222222222224
0 0.6008241758241758 0.7725694444444444 0.30934065934065935 0.3826388888888889
0 0.612912087912088 0.7875 0.3401098901098901 0.44027777777777777
0 0.5994505494505494 0.7756944444444445 0.4021978021978022 0.49722222222222223
0 0.573076923076923 0.7375 0.3747252747252747 0.4777777777777778
0 0.6541208791208791 0.8402777777777778 0.4565934065934066 0.5666666666666667
0 0.6978021978021978 0.8986111111111111 0.3923076923076923 0.4791666666666667
0 0.7241758241758242 0.9302083333333334 0.3252747252747253 0.40069444444444446
0 0.7271978021978022 0.9395833333333333 0.30604395604395607 0.36944444444444446
0 0.6442307692307693 0.826388888888889 0.2774725274725275 0.34861111111111115
0 0.6186813186813187 0.7944444444444445 0.2032967032967033 0.2555555555555556
0 0.5642857142857143 0.7284722222222223 0.5879120879120879 0.7472222222222222
0 0.5178571428571429 0.6690972222222222 0.5675824175824176 0.7076388888888889
0 0.5475274725274726 0.7072916666666667 0.7137362637362638 0.9048611111111111
0 0.5431318681318681 0.703125 0.739010989010989 0.9326388888888889
0 0.4997252747252747 0.6472222222222223 0.7862637362637362 0.9930555555555556
0 0.4736263736263736 0.6145833333333334 0.7813186813186813 0.9833333333333334
0 0.4291208791208791 0.5548611111111111 0.7395604395604396 0.9388888888888889
0 0.45274725274725275 0.5815972222222222 0.7538461538461538 0.9548611111111112
0 0.41895604395604397 0.5437500000000001 0.7225274725274725 0.9194444444444445
0 0.40082417582417584 0.51875 0.6478021978021978 0.8125
0 0.43131868131868134 0.5625 0.521978021978022 0.6472222222222223
0 0.4458791208791209 0.5770833333333334 0.5423076923076923 0.6875
0 0.43653846153846154 0.5593750000000001 0.7291208791208791 0.9229166666666667
0 0.28598901098901097 0.3767361111111111 0.40714285714285714 0.5201388888888889
0 0.31126373626373627 0.4083333333333333 0.4357142857142857 0.5583333333333333
0 0.2563186813186813 0.3368055555555556 0.19065934065934065 0.23611111111111113
0 0.4054945054945055 0.5246527777777777 0.634065934065934 0.8034722222222223
