0 0.4288461538461538 0.5597222222222222 0.046703296703296704 0.05277777777777778
0 0.45274725274725275 0.5892361111111112 0.08901098901098901 0.10069444444444445
0 0.4673076923076923 0.6086805555555556 0.11483516483516483 0.1423611111111111
0 0.41620879120879123 0.5402777777777777 0.2675824175824176 0.3416666666666667
0 0.24093406593406594 0.32048611111111114 0.22142857142857142 0.28958333333333336
0 0.24093406593406594 0.32395833333333335 0.28186813186813187 0.3451388888888889
0 0.4282967032967033 0.5576388888888889 0.6917582417582417 0.8791666666666667
0 0.45384615384615384 0.5951388888888889 0.5989010989010989 0.7694444444444445
0 0.7063186813186814 0.9069444444444444 0.15219780219780218 0.2
0 0.6445054945054945 0.8298611111111112 0.16923076923076924 0.2138888888888889
0 0.7442307692307693 0.953125 0.3456043956043956 0.43819444444444444
0 0.5868131868131868 0.7614583333333333 0.6659340659340659 0.8243055555555556
0 0.593956043956044 0.7677083333333333 0.22857142857142856 0.27708333333333335
0 0.5876373626373627 0.759375 0.2423076923076923 0.31319444444444444
0 0.6285714285714286 0.8090277777777778 0.13846153846153847 0.1625
0 0.15604395604395604 0.21284722222222224 0.24615384615384617 0.31736111111111115
0 0.1565934065934066 0.21215277777777777 0.18681318681318682 0.2451388888888889
0 0.11016483516483516 0.15659722222222222 0.07417582417582418 0.10208333333333333
0 0.3159340659340659 0.41423611111111114 0.45384615384615384 0.5840277777777778
0 0.3195054945054945 0.42118055555555556 0.5192307692307693 0.6631944444444444
0 0.4392857142857143 0.5743055555555556 0.39395604395604394 0.49444444444444446
0 0.529945054945055 0.6836805555555556 0.12142857142857143 0.16458333333333333
0 0.21208791208791208 0.2826388888888889 0.01868131868131868 0.020833333333333336
0 0.22939560439560439 0.30347222222222225 0.02912087912087912 0.03888888888888889
