0 0.20054945054945056 0.2729166666666667 0.03296703296703297 0.0375
0 0.11730769230769231 0.16597222222222222 0.033516483516483515 0.030555555555555558
0 0.1346153846153846 0.19062500000000002 0.2087912087912088 0.2673611111111111
0 0.3401098901098901 0.45381944444444444 0.08681318681318681 0.1076388888888889
0 0.36043956043956044 0.47222222222222227 0.1010989010989011 0.11944444444444445
0 0.39478021978021977 0.5111111111111112 0.1412087912087912 0.18472222222222223
0 0.5692307692307692 0.7454861111111112 0.5065934065934066 0.6479166666666667
0 0.528021978021978 0.6888888888888889 0.4703296703296703 0.5902777777777778
0 0.5054945054945055 0.6645833333333333 0.46263736263736266 0.5736111111111112
0 0.6302197802197802 0.8128472222222223 0.3087912087912088 0.38958333333333334
0 0.621978021978022 0.8020833333333334 0.16813186813186815 0.2152777777777778
0 0.6285714285714286 0.8104166666666667 0.13956043956043956 0.16111111111111112
0 0.6585164835164835 0.851388888888889 0.1357142857142857 0.17083333333333334
0 0.6425824175824176 0.8267361111111111 0.19505494505494506 0.2451388888888889
0 0.5266483516483517 0.6822916666666667 0.0521978021978022 0.05902777777777778
0 0.5230769230769231 0.6868055555555556 0.023076923076923078 0.04166666666666667
0 0.5285714285714286 0.6864583333333334 0.12417582417582418 0.15347222222222223
0 0.43626373626373627 0.5697916666666667 0.001098901098901099 0.013194444444444444
0 0.38269230769230766 0.5 0.4258241758241758 0.5263888888888889
0 0.29945054945054944 0.3965277777777778 0.4857142857142857 0.6236111111111111
0 0.4208791208791209 0.5555555555555556 0.2978021978021978 0.38472222222222224
