0 0.253125 0.4756944444444445 0.03125 0.08055555555555556
0 0.248828125 0.4690972222222222 0.05390625 0.12152777777777778
0 0.19394531250000002 0.36597222222222225 0.197265625 0.37083333333333335
0 0.31464843750000004 0.5795138888888889 0.138671875 0.23402777777777778
0 0.37148437500000003 0.6805555555555556 0.2015625 0.34444444444444444
0 0.37128906250000004 0.6833333333333333 0.212890625 0.36388888888888893
0 0.33828125000000003 0.6239583333333334 0.38671875 0.7090277777777778
0 0.29375 0.5479166666666667 0.4421875 0.788888888888889
0 0.29238281250000003 0.5416666666666667 0.436328125 0.7763888888888889
0 0.515625 0.9447916666666667 0.041406250000000006 0.07847222222222222
0 0.48046875 0.8795138888888889 0.060937500000000006 0.08541666666666667
0 0.421484375 0.7763888888888889 0.11171875 0.2152777777777778
0 0.45937500000000003 0.8416666666666667 0.5437500000000001 0.951388888888889
