0 0.22335164835164836 0.30659722222222224 0.13681318681318683 0.1798611111111111
0 0.21236263736263736 0.290625 0.13681318681318683 0.1840277777777778
0 0.18269230769230768 0.2559027777777778 0.012637362637362638 0.0034722222222222225
0 0.32664835164835165 0.4378472222222222 0.19395604395604396 0.22708333333333333
0 0.4074175824175824 0.5375 0.30934065934065935 0.39583333333333337
0 0.43846153846153846 0.5739583333333333 0.36153846153846153 0.4590277777777778
0 0.4167582417582418 0.546875 0.6016483516483516 0.7506944444444444
0 0.42115384615384616 0.5559027777777777 0.606043956043956 0.7506944444444444
0 0.48214285714285715 0.6295138888888889 0.6104395604395605 0.7534722222222222
0 0.6832417582417583 0.8878472222222222 0.1423076923076923 0.16319444444444445
0 0.6296703296703297 0.8166666666666667 0.1978021978021978 0.22916666666666669
0 0.6181318681318682 0.8059027777777779 0.24615384615384617 0.30347222222222225
0 0.5387362637362637 0.7079861111111111 0.015934065934065933 0.0034722222222222225
0 0.45 0.5923611111111111 0.03406593406593406 0.019444444444444445
0 0.5711538461538461 0.7472222222222222 0.21593406593406594 0.2625
0 0.4024725274725275 0.5350694444444445 0.41483516483516486 0.5201388888888889
0 0.3983516483516483 0.5274305555555556 0.4186813186813187 0.5284722222222222
0 0.28324175824175823 0.38333333333333336 0.4620879120879121 0.6027777777777777
