0 0.23131868131868133 0.3121527777777778 0.22087912087912087 0.2729166666666667
0 0.24065934065934066 0.3194444444444445 0.08351648351648351 0.1125
0 0.1925824175824176 0.26180555555555557 0.056593406593406594 0.075
0 0.11401098901098901 0.1607638888888889 0.019230769230769232 0.024305555555555556
0 0.2554945054945055 0.3357638888888889 0.1934065934065934 0.23541666666666666
0 0.31153846153846154 0.40729166666666666 0.4340659340659341 0.5604166666666667
0 0.3252747252747253 0.42638888888888893 0.45604395604395603 0.5805555555555556
0 0.4445054945054945 0.5753472222222222 0.5417582417582417 0.6840277777777778
0 0.428021978021978 0.5569444444444445 0.5648351648351648 0.7069444444444445
0 0.43214285714285716 0.5628472222222223 0.6324175824175824 0.8131944444444444
0 0.42032967032967034 0.5461805555555556 0.6373626373626373 0.8118055555555556
0 0.5008241758241758 0.6506944444444445 0.6192307692307693 0.7722222222222223
0 0.5271978021978022 0.6843750000000001 0.7532967032967033 0.945138888888889
0 0.539010989010989 0.6996527777777778 0.756043956043956 0.9534722222222223
0 0.47445054945054943 0.6135416666666667 0.7807692307692308 0.9868055555555556
0 0.49945054945054945 0.646875 0.7351648351648352 0.9326388888888889
0 0.6983516483516483 0.9 0.3923076923076923 0.48888888888888893
0 0.6277472527472527 0.8131944444444444 0.4510989010989011 0.5819444444444445
0 0.5997252747252747 0.7736111111111111 0.3983516483516483 0.5125000000000001
0 0.6255494505494505 0.8027777777777778 0.40714285714285714 0.5180555555555556
0 0.5895604395604396 0.7621527777777778 0.26153846153846155 0.32708333333333334
0 0.5651098901098901 0.7295138888888889 0.2587912087912088 0.3215277777777778
0 0.5956043956043956 0.76875 0.13626373626373625 0.1763888888888889
0 0.6252747252747253 0.8052083333333334 0.11758241758241758 0.14375000000000002
0 0.45384615384615384 0.5871527777777777 0.2 0.26319444444444445
0 0.4898351648351648 0.6336805555555556 0.08186813186813187 0.11180555555555556
0 0.5079670329670329 0.6569444444444444 0.08956043956043956 0.12222222222222223
0 0.26895604395604394 0.35555555555555557 0.3994505494505495 0.5097222222222222
0 0.2563186813186813 0.3392361111111111 0.3741758241758242 0.4756944444444445
0 0.28846153846153844 0.37743055555555555 0.289010989010989 0.3548611111111111
