0 0.2775390625 0.5114583333333333 0.032421875 0.04791666666666667
0 0.23359375000000002 0.43506944444444445 0.02109375 0.03958333333333333
0 0.23164062500000002 0.4329861111111111 0.0578125 0.11875000000000001
0 0.141015625 0.26666666666666666 0.19921875 0.3652777777777778
0 0.1458984375 0.2767361111111111 0.08164062500000001 0.1326388888888889
0 0.1791015625 0.3354166666666667 0.055078125000000006 0.10555555555555556
0 0.3486328125 0.6347222222222223 0.230859375 0.41805555555555557
0 0.3501953125 0.6409722222222223 0.26992187500000003 0.4930555555555556
0 0.27265625 0.5 0.4859375 0.8694444444444445
0 0.2935546875 0.5420138888888889 0.5300781250000001 0.9409722222222222
0 0.2912109375 0.5336805555555556 0.536328125 0.9548611111111112
0 0.44550781250000004 0.8076388888888889 0.23007812500000002 0.41805555555555557
0 0.43046875 0.7854166666666667 0.18828125 0.33194444444444443
0 0.3560546875 0.6531250000000001 0.258984375 0.4604166666666667
0 0.47500000000000003 0.865625 0.03515625 0.06041666666666667
0 0.48261718750000004 0.8777777777777778 0.094140625 0.17222222222222222
0 0.5404296875 0.9802083333333333 0.095703125 0.15625
0 0.5150390625 0.9420138888888889 0.519140625 0.93125
0 0.491015625 0.8916666666666667 0.521875 0.9458333333333334
0 0.5177734375 0.9409722222222222 0.567578125 0.9972222222222222
0 0.520703125 0.9420138888888889 0.45 0.8076388888888889
