0 0.2824175824175824 0.38298611111111114 0.0912087912087912 0.1076388888888889
0 0.15164835164835164 0.21736111111111112 0.006593406593406593 0.002777777777777778
0 0.27912087912087913 0.3763888888888889 0.05824175824175824 0.07222222222222223
0 0.31043956043956045 0.41458333333333336 0.19230769230769232 0.2555555555555556
0 0.34175824175824177 0.4482638888888889 0.21428571428571427 0.26458333333333334
0 0.45164835164835165 0.6 0.2868131868131868 0.35694444444444445
0 0.4574175824175824 0.5996527777777778 0.7082417582417583 0.8840277777777779
0 0.5596153846153846 0.7315972222222222 0.6137362637362638 0.7868055555555555
0 0.5620879120879121 0.7347222222222223 0.6274725274725275 0.8013888888888889
0 0.7524725274725275 0.9777777777777779 0.22472527472527473 0.2888888888888889
0 0.7593406593406593 0.9802083333333333 0.24725274725274726 0.29930555555555555
0 0.7035714285714286 0.9118055555555555 0.10494505494505495 0.14305555555555557
0 0.5480769230769231 0.7163194444444445 0.2598901098901099 0.30625
0 0.5692307692307692 0.7461805555555556 0.13186813186813187 0.15347222222222223
0 0.5719780219780219 0.7503472222222223 0.17802197802197803 0.20902777777777778
0 0.2813186813186813 0.3809027777777778 0.27472527472527475 0.3284722222222222
0 0.39368131868131867 0.5222222222222223 0.32362637362637364 0.4277777777777778
0 0.35027472527472525 0.46805555555555556 0.39615384615384613 0.5083333333333333
