0 0.4755494505494505 0.6190972222222223 0.11483516483516483 0.14930555555555555
0 0.4898351648351648 0.6340277777777779 0.06428571428571428 0.08194444444444444
0 0.5785714285714286 0.7465277777777778 0.001098901098901099 0.008333333333333333
0 0.4818681318681319 0.6246527777777778 0.11758241758241758 0.14375000000000002
0 0.5626373626373626 0.7267361111111111 0.1879120879120879 0.23680555555555557
0 0.26456043956043956 0.3524305555555556 0.30164835164835163 0.3701388888888889
0 0.328021978021978 0.43159722222222224 0.2802197802197802 0.36319444444444443
0 0.26565934065934066 0.3458333333333333 0.17307692307692307 0.22361111111111112
0 0.24670329670329672 0.32534722222222223 0.27582417582417584 0.35347222222222224
0 0.4502747252747253 0.5861111111111111 0.5027472527472527 0.6263888888888889
0 0.4620879120879121 0.6041666666666667 0.6868131868131868 0.8777777777777778
0 0.5739010989010989 0.7475694444444445 0.6851648351648352 0.8798611111111111
0 0.4747252747252747 0.6197916666666667 0.5945054945054945 0.74375
0 0.4401098901098901 0.5701388888888889 0.6307692307692307 0.8013888888888889
0 0.6857142857142857 0.8784722222222222 0.16923076923076924 0.20555555555555557
0 0.6615384615384615 0.8506944444444445 0.15054945054945054 0.17916666666666667
0 0.6464285714285715 0.8333333333333334 0.1532967032967033 0.18888888888888888
0 0.6335164835164835 0.8135416666666667 0.12857142857142856 0.1701388888888889
0 0.6752747252747253 0.8659722222222223 0.15604395604395604 0.20416666666666666
0 0.4043956043956044 0.5260416666666667 0.5142857142857142 0.6576388888888889
0 0.30631868131868134 0.40555555555555556 0.3489010989010989 0.4569444444444445
0 0.2854395604395604 0.378125 0.3445054945054945 0.4201388888888889
0 0.23104395604395606 0.30833333333333335 0.21593406593406594 0.28194444444444444
0 0.21071428571428572 0.2829861111111111 0.10054945054945055 0.13819444444444445
0 0.22802197802197802 0.3041666666666667 0.031868131868131866 0.02777777777777778
0 0.17802197802197803 0.23750000000000002 0.1824175824175824 0.22916666666666669
0 0.23846153846153847 0.31145833333333334 0.15714285714285714 0.19375
