0 0.2598901098901099 0.34097222222222223 0.34285714285714286 0.4361111111111111
0 0.29917582417582417 0.3961805555555556 0.23131868131868133 0.3090277777777778
0 0.260989010989011 0.353125 0.12747252747252746 0.17847222222222223
0 0.3222527472527473 0.42118055555555556 0.21483516483516482 0.2715277777777778
0 0.44642857142857145 0.5805555555555556 0.6148351648351649 0.7652777777777778
0 0.43626373626373627 0.5666666666666667 0.5483516483516484 0.7055555555555556
0 0.5510989010989011 0.7177083333333334 0.7142857142857143 0.8895833333333334
0 0.5706043956043956 0.74375 0.717032967032967 0.8875000000000001
0 0.6291208791208791 0.8111111111111111 0.13626373626373625 0.16666666666666669
0 0.6002747252747253 0.7753472222222223 0.21263736263736263 0.2673611111111111
0 0.6854395604395604 0.8788194444444445 0.17087912087912088 0.20625000000000002
0 0.7420329670329671 0.9555555555555556 0.3269230769230769 0.4013888888888889
0 0.5964285714285714 0.7704861111111111 0.07307692307692308 0.10208333333333333
0 0.582967032967033 0.7524305555555556 0.15494505494505495 0.19236111111111112
0 0.5456043956043956 0.709375 0.21318681318681318 0.2729166666666667
0 0.5340659340659341 0.69375 0.13846153846153847 0.16666666666666669
0 0.37362637362637363 0.4920138888888889 0.4703296703296703 0.5895833333333333
0 0.2925824175824176 0.39131944444444444 0.47087912087912087 0.6090277777777778
0 0.4 0.521875 0.5153846153846153 0.6451388888888889
0 0.2239010989010989 0.30173611111111115 0.03901098901098901 0.04097222222222222
0 0.23351648351648352 0.3079861111111111 0.13296703296703297 0.17291666666666666
0 0.2239010989010989 0.30104166666666665 0.25659340659340657 0.31736111111111115
0 0.18983516483516483 0.2534722222222222 0.2796703296703297 0.3458333333333333
0 0.14175824175824175 0.19861111111111113 0.2175824175824176 0.29305555555555557
0 0.512087912087912 0.6583333333333333 0.03956043956043956 0.051388888888888894
0 0.4472527472527473 0.5840277777777778 0.5461538461538461 0.6930555555555555
0 0.5582417582417583 0.7208333333333333 0.07582417582417582 0.1
0 0.4291208791208791 0.5527777777777778 0.5956043956043956 0.7555555555555555
