0 0.3154296875 0.5746527777777778 0.023046875 0.029861111111111113
0 0.2666015625 0.4930555555555556 0.009765625 0.025
0 0.2158203125 0.4017361111111111 0.0074218750000000005 0.01875
0 0.15156250000000002 0.2857638888888889 0.051562500000000004 0.08541666666666667
0 0.16035156250000002 0.30104166666666665 0.169921875 0.2923611111111111
0 0.16562500000000002 0.3128472222222222 0.15859375 0.26458333333333334
0 0.3251953125 0.5954861111111112 0.172265625 0.29097222222222224
0 0.35859375000000004 0.65625 0.28984375 0.5319444444444444
0 0.39882812500000003 0.7329861111111111 0.2078125 0.36041666666666666
0 0.3767578125 0.6864583333333334 0.132421875 0.22013888888888888
0 0.295703125 0.5465277777777778 0.5242187500000001 0.9222222222222223
0 0.29628906250000003 0.5430555555555556 0.401953125 0.7027777777777778
0 0.34609375000000003 0.63125 0.384375 0.6972222222222223
0 0.52734375 0.9572916666666667 0.0890625 0.13958333333333334
0 0.49160156250000003 0.8968750000000001 0.08554687500000001 0.13958333333333334
0 0.4546875 0.8267361111111111 0.030468750000000003 0.07013888888888889
0 0.48281250000000003 0.875 0.4546875 0.7916666666666667
0 0.49648437500000003 0.9038194444444445 0.44062500000000004 0.7756944444444445
0 0.5437500000000001 0.9885416666666667 0.5632812500000001 0.9993055555555556
0 0.5482421875 0.9965277777777778 0.551953125 0.9861111111111112
