0 0.27884615384615385 0.378125 0.05879120879120879 0.06875
0 0.28324175824175823 0.3836805555555556 0.07967032967032966 0.09097222222222223
0 0.15137362637362636 0.21736111111111112 0.006043956043956044 0.005555555555555556
0 0.31263736263736264 0.4173611111111111 0.1989010989010989 0.25972222222222224
0 0.34093406593406594 0.44895833333333335 0.21373626373626373 0.26458333333333334
0 0.4510989010989011 0.6 0.289010989010989 0.35833333333333334
0 0.5596153846153846 0.7333333333333334 0.6126373626373627 0.788888888888889
0 0.5612637362637363 0.7361111111111112 0.6258241758241758 0.8013888888888889
0 0.45384615384615384 0.5954861111111112 0.7142857142857143 0.8895833333333334
0 0.703021978021978 0.9145833333333334 0.10384615384615385 0.14583333333333334
0 0.7524725274725275 0.9770833333333334 0.21593406593406594 0.2833333333333333
0 0.7596153846153846 0.9819444444444445 0.2478021978021978 0.2986111111111111
0 0.5697802197802198 0.7465277777777778 0.13076923076923078 0.15416666666666667
0 0.5714285714285714 0.7506944444444444 0.17802197802197803 0.20972222222222223
0 0.5456043956043956 0.7135416666666667 0.26373626373626374 0.3104166666666667
0 0.3505494505494505 0.46770833333333334 0.3945054945054945 0.50625
0 0.3925824175824176 0.5215277777777778 0.32362637362637364 0.425
0 0.27994505494505495 0.38298611111111114 0.2763736263736264 0.3284722222222222
