0 0.12142857142857143 0.1763888888888889 0.016483516483516484 0.005555555555555556
0 0.20576923076923076 0.2670138888888889 0.013736263736263736 0.017361111111111112
0 0.20851648351648353 0.2920138888888889 0.025824175824175823 0.03680555555555556
0 0.20027472527472528 0.28055555555555556 0.19835164835164834 0.24027777777777778
0 0.4258241758241758 0.5638888888888889 0.4747252747252747 0.5902777777777778
0 0.4521978021978022 0.5944444444444444 0.49340659340659343 0.6097222222222223
0 0.4607142857142857 0.6065972222222222 0.4928571428571429 0.61875
0 0.6002747252747253 0.7836805555555556 0.2412087912087912 0.2923611111111111
0 0.6137362637362638 0.8 0.2164835164835165 0.28055555555555556
0 0.7148351648351648 0.9243055555555556 0.06153846153846154 0.09166666666666667
0 0.6445054945054945 0.8416666666666667 0.25384615384615383 0.3277777777777778
0 0.6299450549450549 0.8225694444444445 0.16758241758241757 0.19097222222222224
0 0.48324175824175825 0.6385416666666667 0.5928571428571429 0.7590277777777779
0 0.5835164835164836 0.765625 0.6648351648351648 0.8451388888888889
0 0.47637362637362635 0.6253472222222223 0.7923076923076923 0.9881944444444445
0 0.2741758241758242 0.37118055555555557 0.27582417582417584 0.34097222222222223
0 0.2958791208791209 0.40034722222222224 0.40274725274725276 0.5090277777777777
0 0.27005494505494504 0.36597222222222225 0.13351648351648351 0.1486111111111111
