0 0.2620879120879121 0.35625 0.12087912087912088 0.13194444444444445
0 0.27362637362637365 0.36909722222222224 0.023076923076923078 0.011805555555555555
0 0.16373626373626374 0.2309027777777778 0.024175824175824177 0.02291666666666667
0 0.37225274725274726 0.4885416666666667 0.41813186813186815 0.5340277777777778
0 0.42664835164835163 0.565625 0.40824175824175823 0.5118055555555556
0 0.44258241758241756 0.578125 0.36428571428571427 0.4479166666666667
0 0.5458791208791208 0.7121527777777779 0.5785714285714286 0.7451388888888889
0 0.4879120879120879 0.6361111111111112 0.6857142857142857 0.8847222222222223
0 0.4208791208791209 0.5541666666666667 0.7 0.9041666666666667
0 0.7543956043956044 0.9770833333333334 0.21428571428571427 0.2777777777777778
0 0.721978021978022 0.9315972222222223 0.2021978021978022 0.26180555555555557
0 0.7321428571428571 0.9489583333333333 0.14560439560439561 0.20208333333333334
0 0.5659340659340659 0.7371527777777778 0.22967032967032966 0.2729166666666667
0 0.4697802197802198 0.6194444444444445 0.00989010989010989 0.006944444444444445
0 0.47307692307692306 0.6239583333333334 0.001098901098901099 0.014583333333333334
0 0.3901098901098901 0.5170138888888889 0.4604395604395604 0.5659722222222222
0 0.40054945054945057 0.529513888888889 0.4197802197802198 0.5173611111111112
0 0.3892857142857143 0.5184027777777778 0.41923076923076924 0.5145833333333334
