0 0.4554945054945055 0.5909722222222222 0.1945054945054945 0.23611111111111113
0 0.4956043956043956 0.6423611111111112 0.1043956043956044 0.11944444444444445
0 0.42005494505494506 0.5458333333333334 0.05 0.0763888888888889
0 0.44148351648351647 0.5704861111111111 0.08846153846153847 0.11875000000000001
0 0.567032967032967 0.7291666666666667 0.26263736263736265 0.33472222222222225
0 0.5923076923076923 0.763888888888889 0.25274725274725274 0.3263888888888889
0 0.6200549450549451 0.795138888888889 0.19835164835164834 0.2513888888888889
0 0.6436813186813187 0.8236111111111112 0.2774725274725275 0.3472222222222222
0 0.6225274725274725 0.7975694444444444 0.34175824175824177 0.43680555555555556
0 0.6013736263736263 0.7760416666666667 0.39725274725274723 0.5118055555555556
0 0.6252747252747253 0.8079861111111112 0.42747252747252745 0.5215277777777778
0 0.6263736263736264 0.8038194444444444 0.4032967032967033 0.5131944444444445
0 0.6923076923076923 0.8899305555555556 0.378021978021978 0.47708333333333336
0 0.698076923076923 0.8986111111111111 0.39175824175824175 0.4847222222222222
0 0.7206043956043956 0.9253472222222222 0.20384615384615384 0.26875
0 0.49862637362637363 0.6461805555555555 0.7840659340659341 0.9923611111111111
0 0.5258241758241758 0.6802083333333334 0.7208791208791209 0.9034722222222222
0 0.4645604395604396 0.6006944444444444 0.49175824175824173 0.6125
0 0.41785714285714287 0.5420138888888889 0.5532967032967033 0.6895833333333333
0 0.44642857142857145 0.5746527777777778 0.5423076923076923 0.6868055555555556
0 0.44175824175824174 0.5736111111111112 0.6131868131868132 0.7736111111111111
0 0.4010989010989011 0.5180555555555556 0.6472527472527473 0.8125
0 0.41593406593406596 0.5388888888888889 0.7120879120879121 0.9083333333333333
0 0.4236263736263736 0.5472222222222223 0.7208791208791209 0.9097222222222222
0 0.42445054945054944 0.5493055555555556 0.7291208791208791 0.9152777777777779
0 0.4739010989010989 0.6142361111111111 0.7796703296703297 0.9854166666666667
0 0.4087912087912088 0.5267361111111112 0.6296703296703297 0.7993055555555556
0 0.4348901098901099 0.5572916666666667 0.7269230769230769 0.9187500000000001
0 0.42967032967032964 0.5534722222222223 0.7417582417582418 0.9319444444444445
0 0.453021978021978 0.58125 0.7532967032967033 0.9527777777777778
0 0.31126373626373627 0.4083333333333333 0.43351648351648353 0.5555555555555556
0 0.2357142857142857 0.31354166666666666 0.31978021978021975 0.4048611111111111
0 0.257967032967033 0.33819444444444446 0.19065934065934065 0.23194444444444445
0 0.246978021978022 0.3260416666666667 0.1412087912087912 0.16875
0 0.2612637362637363 0.3451388888888889 0.13131868131868132 0.15694444444444444
0 0.22582417582417583 0.30069444444444443 0.05714285714285714 0.06666666666666667
0 0.39203296703296703 0.5100694444444445 0.5324175824175824 0.6659722222222223
0 0.2876373626373626 0.375 0.28186813186813187 0.34861111111111115
0 0.27664835164835166 0.3666666666666667 0.2796703296703297 0.34861111111111115
0 0.24395604395604395 0.3260416666666667 0.21428571428571427 0.2673611111111111
0 0.5681318681318681 0.7319444444444445 0.2175824175824176 0.27222222222222225
0 0.4054945054945055 0.5333333333333333 0.45054945054945056 0.5569444444444445
