0 0.25 0.33333333333333337 0.18681318681318682 0.22222222222222224
0 0.2184065934065934 0.2947916666666667 0.008241758241758242 0.0006944444444444445
0 0.17197802197802198 0.23541666666666666 0.07032967032967033 0.08194444444444444
0 0.24203296703296703 0.32743055555555556 0.26868131868131867 0.3340277777777778
0 0.3991758241758242 0.5263888888888889 0.3554945054945055 0.44722222222222224
0 0.4513736263736264 0.592013888888889 0.5214285714285715 0.6534722222222222
0 0.554945054945055 0.7246527777777778 0.4868131868131868 0.59375
0 0.5304945054945055 0.6965277777777779 0.7796703296703297 0.9750000000000001
0 0.6285714285714286 0.8118055555555556 0.13846153846153847 0.15972222222222224
0 0.6156593406593407 0.7972222222222223 0.17967032967032967 0.2125
0 0.7332417582417582 0.9454861111111111 0.21263736263736263 0.27708333333333335
0 0.6420329670329671 0.8277777777777778 0.19615384615384615 0.24444444444444446
0 0.5895604395604396 0.7670138888888889 0.04065934065934066 0.05486111111111111
0 0.545054945054945 0.7059027777777778 0.11758241758241758 0.13541666666666669
0 0.4206043956043956 0.5517361111111111 0.09945054945054944 0.12291666666666667
0 0.31895604395604393 0.42256944444444444 0.3686813186813187 0.4756944444444445
0 0.3445054945054945 0.45763888888888893 0.36813186813186816 0.4625
0 0.33186813186813185 0.43680555555555556 0.5406593406593406 0.6777777777777778
0 0.5200549450549451 0.6763888888888889 0.08186813186813187 0.09166666666666667
