0 0.2732421875 0.5038194444444445 0.023828125000000002 0.05902777777777778
0 0.22910156250000002 0.4260416666666667 0.023046875 0.03680555555555556
0 0.22890625 0.4239583333333333 0.041406250000000006 0.09097222222222223
0 0.177734375 0.3357638888888889 0.12890625 0.23541666666666666
0 0.1791015625 0.33229166666666665 0.031640625 0.06875
0 0.17792968750000002 0.33333333333333337 0.053515625000000004 0.10416666666666667
0 0.346484375 0.6319444444444444 0.23828125 0.4291666666666667
0 0.38613281250000003 0.70625 0.219140625 0.4041666666666667
0 0.27187500000000003 0.4982638888888889 0.45078125 0.8048611111111111
0 0.270703125 0.5017361111111112 0.4859375 0.857638888888889
0 0.251953125 0.4666666666666667 0.35234375 0.6125
0 0.3580078125 0.6572916666666667 0.278515625 0.49930555555555556
0 0.41816406250000004 0.7618055555555556 0.205078125 0.3513888888888889
0 0.4423828125 0.8048611111111111 0.21835937500000002 0.4
0 0.4814453125 0.8746527777777778 0.094140625 0.1798611111111111
0 0.4392578125 0.7993055555555556 0.056640625 0.08472222222222223
0 0.53828125 0.9760416666666667 0.0859375 0.13958333333333334
0 0.46425781250000003 0.8416666666666667 0.456640625 0.8013888888888889
0 0.46718750000000003 0.8520833333333334 0.45078125 0.7944444444444445
0 0.5091796875 0.9291666666666667 0.527734375 0.9277777777777778
0 0.503515625 0.9107638888888889 0.43203125000000003 0.7715277777777778
