0 0.20247252747252747 0.28229166666666666 0.1445054945054945 0.17291666666666666
0 0.16950549450549451 0.23750000000000002 0.014835164835164835 0.019444444444444445
0 0.18214285714285713 0.2513888888888889 0.10054945054945055 0.1486111111111111
0 0.371978021978022 0.49756944444444445 0.13406593406593406 0.16319444444444445
0 0.4392857142857143 0.5722222222222223 0.3620879120879121 0.44583333333333336
0 0.435989010989011 0.5739583333333333 0.40934065934065933 0.5159722222222223
0 0.47417582417582416 0.6215277777777778 0.5252747252747253 0.6611111111111111
0 0.43434065934065935 0.5729166666666667 0.5785714285714286 0.7138888888888889
0 0.4357142857142857 0.5732638888888889 0.7329670329670329 0.9423611111111111
0 0.6296703296703297 0.8145833333333333 0.1945054945054945 0.22916666666666669
0 0.7483516483516484 0.9697916666666667 0.289010989010989 0.36875
0 0.7123626373626374 0.9229166666666667 0.11593406593406594 0.15694444444444444
0 0.567032967032967 0.7392361111111111 0.027472527472527472 0.05347222222222223
0 0.5612637362637363 0.7340277777777778 0.019230769230769232 0.029166666666666667
0 0.5112637362637362 0.6704861111111111 0.019230769230769232 0.01875
0 0.3799450549450549 0.5027777777777778 0.47527472527472525 0.5916666666666667
0 0.3747252747252747 0.4996527777777778 0.4846153846153846 0.6090277777777778
0 0.35302197802197804 0.47222222222222227 0.5027472527472527 0.6277777777777778
