0 0.12884615384615383 0.18541666666666667 0.09725274725274725 0.13055555555555556
0 0.16126373626373627 0.23055555555555557 0.02912087912087912 0.04027777777777778
0 0.2445054945054945 0.33819444444444446 0.0945054945054945 0.12916666666666668
0 0.421978021978022 0.5569444444444445 0.34505494505494505 0.4444444444444445
0 0.432967032967033 0.5704861111111111 0.4868131868131868 0.6118055555555556
0 0.38159340659340657 0.5072916666666667 0.5807692307692308 0.7381944444444445
0 0.2631868131868132 0.3576388888888889 0.16593406593406593 0.20694444444444446
0 0.2846153846153846 0.3805555555555556 0.12087912087912088 0.1388888888888889
0 0.6236263736263736 0.8142361111111112 0.03296703296703297 0.05763888888888889
0 0.7598901098901099 0.9815972222222222 0.11978021978021978 0.16458333333333333
0 0.47087912087912087 0.6225694444444445 0.6208791208791209 0.8048611111111111
0 0.5464285714285714 0.7111111111111111 0.7456043956043956 0.9263888888888889
0 0.573076923076923 0.7520833333333333 0.7417582417582418 0.925
0 0.6019230769230769 0.7885416666666667 0.25 0.3076388888888889
0 0.6093406593406593 0.7961805555555556 0.23186813186813188 0.2965277777777778
0 0.24093406593406594 0.3336805555555556 0.30054945054945054 0.38680555555555557
