0 0.2892578125 0.5302083333333334 0.078515625 0.12430555555555556
0 0.2328125 0.434375 0.05078125 0.08541666666666667
0 0.21406250000000002 0.3982638888888889 0.0234375 0.05625
0 0.1361328125 0.26145833333333335 0.068359375 0.1076388888888889
0 0.12714843750000002 0.24131944444444445 0.102734375 0.19097222222222224
0 0.12070312500000001 0.22986111111111113 0.12109375 0.2263888888888889
0 0.1203125 0.22812500000000002 0.13359375 0.24375000000000002
0 0.3501953125 0.6371527777777778 0.22382812500000002 0.3979166666666667
0 0.347265625 0.6395833333333334 0.10390625 0.18472222222222223
0 0.278515625 0.5118055555555556 0.4078125 0.7291666666666667
0 0.2837890625 0.5201388888888889 0.516015625 0.9291666666666667
0 0.30605468750000003 0.5649305555555556 0.308203125 0.5631944444444444
0 0.357421875 0.6538194444444445 0.19375 0.3284722222222222
0 0.3642578125 0.6687500000000001 0.296484375 0.5333333333333333
0 0.4078125 0.7444444444444445 0.29375 0.5333333333333333
0 0.5001953125 0.9072916666666667 0.09335937500000001 0.1826388888888889
0 0.46914062500000003 0.8545138888888889 0.07265625 0.12708333333333333
0 0.44570312500000003 0.8111111111111111 0.13593750000000002 0.25416666666666665
0 0.544921875 0.9906250000000001 0.40234375 0.7340277777777778
0 0.4890625 0.8951388888888889 0.41640625000000003 0.7416666666666667
0 0.46328125000000003 0.8447916666666667 0.48984375 0.8923611111111112
0 0.494140625 0.9006944444444445 0.534375 0.9319444444444445
0 0.4859375 0.878125 0.45 0.7909722222222223
0 0.2892578125 0.5302083333333334 0.078515625 0.12430555555555556
0 0.2328125 0.434375 0.05078125 0.08541666666666667
0 0.21406250000000002 0.3982638888888889 0.0234375 0.05625
0 0.1361328125 0.26145833333333335 0.068359375 0.1076388888888889
0 0.12714843750000002 0.24131944444444445 0.102734375 0.19097222222222224
0 0.12070312500000001 0.22986111111111113 0.12109375 0.2263888888888889
0 0.1203125 0.22812500000000002 0.13359375 0.24375000000000002
0 0.3501953125 0.6371527777777778 0.22382812500000002 0.3979166666666667
0 0.347265625 0.6395833333333334 0.10390625 0.18472222222222223
0 0.278515625 0.5118055555555556 0.4078125 0.7291666666666667
0 0.2837890625 0.5201388888888889 0.516015625 0.9291666666666667
0 0.30605468750000003 0.5649305555555556 0.308203125 0.5631944444444444
0 0.357421875 0.6538194444444445 0.19375 0.3284722222222222
0 0.3642578125 0.6687500000000001 0.296484375 0.5333333333333333
0 0.4078125 0.7444444444444445 0.29375 0.5333333333333333
0 0.5001953125 0.9072916666666667 0.09335937500000001 0.1826388888888889
0 0.46914062500000003 0.8545138888888889 0.07265625 0.12708333333333333
0 0.44570312500000003 0.8111111111111111 0.13593750000000002 0.25416666666666665
0 0.544921875 0.9906250000000001 0.40234375 0.7340277777777778
0 0.4890625 0.8951388888888889 0.41640625000000003 0.7416666666666667
0 0.46328125000000003 0.8447916666666667 0.48984375 0.8923611111111112
0 0.494140625 0.9006944444444445 0.534375 0.9319444444444445
0 0.4859375 0.878125 0.45 0.7909722222222223
