0 0.4835164835164835 0.6295138888888889 0.11208791208791209 0.15208333333333335
0 0.40906593406593406 0.5385416666666667 0.22032967032967032 0.28125
0 0.4087912087912088 0.5329861111111112 0.24285714285714285 0.30486111111111114
0 0.2692307692307692 0.35555555555555557 0.24505494505494504 0.31527777777777777
0 0.4392857142857143 0.5701388888888889 0.39395604395604394 0.4902777777777778
0 0.3436813186813187 0.4517361111111111 0.5379120879120879 0.6715277777777778
0 0.3508241758241758 0.45659722222222227 0.5346153846153846 0.6673611111111112
0 0.20824175824175825 0.2795138888888889 0.2681318681318681 0.34652777777777777
0 0.2164835164835165 0.28923611111111114 0.17032967032967034 0.20347222222222222
0 0.2271978021978022 0.3003472222222222 0.1543956043956044 0.20486111111111113
0 0.15412087912087913 0.21215277777777777 0.043406593406593405 0.04236111111111111
0 0.42032967032967034 0.5479166666666667 0.6098901098901099 0.775
0 0.45467032967032966 0.5958333333333333 0.4928571428571429 0.6083333333333334
0 0.6978021978021978 0.8940972222222222 0.15714285714285714 0.18958333333333335
0 0.6585164835164835 0.8461805555555556 0.1510989010989011 0.18958333333333335
0 0.6225274725274725 0.8034722222222223 0.17032967032967034 0.20277777777777778
0 0.6467032967032967 0.8309027777777778 0.16703296703296702 0.20625000000000002
0 0.4807692307692308 0.6267361111111112 0.7648351648351648 0.95625
0 0.5043956043956044 0.6475694444444444 0.7406593406593407 0.9409722222222222
