0 0.16840659340659342 0.23645833333333335 0.09945054945054944 0.11736111111111111
0 0.1879120879120879 0.26319444444444445 0.13846153846153847 0.17777777777777778
0 0.19972527472527474 0.27395833333333336 0.128021978021978 0.15208333333333335
0 0.3587912087912088 0.47673611111111114 0.3868131868131868 0.4729166666666667
0 0.42417582417582417 0.5541666666666667 0.3901098901098901 0.4916666666666667
0 0.4739010989010989 0.6204861111111112 0.3302197802197802 0.42430555555555555
0 0.4774725274725275 0.6253472222222223 0.7483516483516484 0.9368055555555556
0 0.47087912087912087 0.6177083333333333 0.7472527472527473 0.93125
0 0.41923076923076924 0.5524305555555555 0.7164835164835165 0.9187500000000001
0 0.6494505494505495 0.8416666666666667 0.3362637362637363 0.425
0 0.6744505494505495 0.8777777777777778 0.28626373626373625 0.3611111111111111
0 0.7065934065934066 0.9180555555555556 0.11098901098901098 0.14027777777777778
0 0.5906593406593407 0.7722222222222223 0.05274725274725275 0.04861111111111111
0 0.5505494505494506 0.7208333333333333 0.12747252747252746 0.17500000000000002
0 0.4991758241758242 0.6569444444444444 0.19175824175824177 0.24027777777777778
0 0.3524725274725275 0.47326388888888893 0.5137362637362637 0.6409722222222223
0 0.35192307692307695 0.4690972222222222 0.5027472527472527 0.6326388888888889
0 0.2684065934065934 0.3635416666666667 0.3554945054945055 0.45625000000000004
