0 0.4693359375 0.8465277777777778 0.037109375 0.061111111111111116
0 0.4107421875 0.7399305555555555 0.487109375 0.8729166666666667
0 0.5486328125000001 0.9815972222222222 0.30976562500000004 0.545138888888889
0 0.2734375 0.4979166666666667 0.38593750000000004 0.6958333333333334
0 0.148828125 0.2760416666666667 0.1625 0.30069444444444443
0 0.33144531250000003 0.5989583333333334 0.094140625 0.16875
0 0.390625 0.7059027777777778 0.07421875 0.1423611111111111
0 0.3826171875 0.6923611111111111 0.12617187500000002 0.2263888888888889
0 0.355078125 0.638888888888889 0.13046875 0.22361111111111112
0 0.26953125 0.4951388888888889 0.45546875000000003 0.8236111111111112
0 0.2951171875 0.5368055555555555 0.342578125 0.6180555555555556
0 0.4341796875 0.7826388888888889 0.086328125 0.1625
0 0.4576171875 0.8267361111111111 0.13007812500000002 0.2465277777777778
0 0.49648437500000003 0.8927083333333333 0.07187500000000001 0.12708333333333333
0 0.3357421875 0.6069444444444445 0.099609375 0.17222222222222222
0 0.237109375 0.434375 0.02890625 0.06041666666666667
0 0.24335937500000002 0.4444444444444445 0.032031250000000004 0.058333333333333334
0 0.21640625000000002 0.3927083333333333 0.057031250000000006 0.10486111111111111
0 0.21445312500000002 0.390625 0.07109375 0.12430555555555556
0 0.17011718750000002 0.3145833333333333 0.069140625 0.13194444444444445
0 0.429296875 0.7715277777777778 0.52265625 0.9375
0 0.455078125 0.8243055555555556 0.43828125 0.763888888888889
0 0.4654296875 0.8381944444444445 0.48164062500000004 0.85
0 0.466796875 0.8406250000000001 0.48671875000000003 0.8645833333333334
0 0.53515625 0.9593750000000001 0.30234375 0.53125
0 0.5388671875000001 0.9701388888888889 0.304296875 0.5375
