0 0.4991758241758242 0.6472222222222223 0.12472527472527473 0.1625
0 0.41346153846153844 0.5409722222222222 0.23901098901098902 0.29305555555555557
0 0.41346153846153844 0.540625 0.2598901098901099 0.3229166666666667
0 0.4574175824175824 0.5958333333333333 0.6258241758241758 0.7930555555555556
0 0.4258241758241758 0.5604166666666667 0.7087912087912088 0.8958333333333334
0 0.43543956043956045 0.5756944444444445 0.7269230769230769 0.9208333333333334
0 0.6870879120879121 0.8812500000000001 0.1697802197802198 0.20694444444444446
0 0.6689560439560439 0.8618055555555556 0.1346153846153846 0.1763888888888889
0 0.5978021978021978 0.7729166666666667 0.07582417582417582 0.10277777777777779
0 0.510989010989011 0.6611111111111111 0.22637362637362637 0.29305555555555557
0 0.5233516483516484 0.6791666666666667 0.12472527472527473 0.16527777777777777
0 0.7403846153846154 0.953125 0.2357142857142857 0.30486111111111114
0 0.19945054945054946 0.26666666666666666 0.2692307692307692 0.35000000000000003
0 0.2302197802197802 0.3038194444444445 0.14835164835164835 0.18541666666666667
0 0.1489010989010989 0.20520833333333335 0.24505494505494504 0.3145833333333333
0 0.1574175824175824 0.21493055555555557 0.007142857142857143 0.017361111111111112
0 0.185989010989011 0.24791666666666667 0.13351648351648351 0.1625
0 0.3708791208791209 0.4829861111111111 0.5142857142857142 0.6576388888888889
0 0.37142857142857144 0.48784722222222227 0.5098901098901099 0.6576388888888889
0 0.35494505494505496 0.4621527777777778 0.5439560439560439 0.6798611111111111
0 0.42967032967032964 0.5579861111111112 0.46373626373626375 0.5770833333333334
0 0.43434065934065935 0.560763888888889 0.45989010989010987 0.5784722222222223
0 0.5681318681318681 0.7288194444444445 0.6043956043956044 0.757638888888889
