0 0.2478021978021978 0.3298611111111111 0.07912087912087912 0.11527777777777778
0 0.175 0.23506944444444444 0.006043956043956044 0.015972222222222224
0 0.1914835164835165 0.25520833333333337 0.24010989010989012 0.29375
0 0.3142857142857143 0.4121527777777778 0.34835164835164834 0.4451388888888889
0 0.3354395604395604 0.44062500000000004 0.24010989010989012 0.30208333333333337
0 0.26483516483516484 0.34895833333333337 0.3153846153846154 0.4076388888888889
0 0.4156593406593407 0.540625 0.019230769230769232 0.014583333333333334
0 0.4796703296703297 0.6222222222222222 0.17912087912087912 0.21944444444444444
0 0.5348901098901099 0.690625 0.17527472527472526 0.21180555555555555
0 0.4208791208791209 0.5437500000000001 0.08681318681318681 0.11805555555555557
0 0.2392857142857143 0.31527777777777777 0.2456043956043956 0.3055555555555556
0 0.2703296703296703 0.35347222222222224 0.1934065934065934 0.23750000000000002
0 0.35027472527472525 0.45937500000000003 0.13021978021978023 0.16319444444444445
0 0.4074175824175824 0.5291666666666667 0.6862637362637363 0.8597222222222223
0 0.40824175824175823 0.5291666666666667 0.6714285714285714 0.8375
0 0.41098901098901097 0.5305555555555556 0.6571428571428571 0.8236111111111112
0 0.4153846153846154 0.5371527777777778 0.6582417582417582 0.8229166666666667
0 0.44835164835164837 0.5809027777777778 0.5824175824175825 0.7312500000000001
0 0.45384615384615384 0.5868055555555556 0.5186813186813187 0.6472222222222223
0 0.5175824175824176 0.6725694444444444 0.5054945054945055 0.6451388888888889
0 0.5645604395604396 0.7319444444444445 0.548901098901099 0.7069444444444445
0 0.5744505494505494 0.7420138888888889 0.7071428571428572 0.8840277777777779
0 0.5123626373626373 0.6631944444444444 0.7873626373626373 1.0
0 0.4796703296703297 0.6204861111111112 0.5593406593406594 0.6979166666666667
0 0.5980769230769231 0.7729166666666667 0.1686813186813187 0.20277777777777778
0 0.564010989010989 0.7361111111111112 0.32142857142857145 0.40555555555555556
0 0.5983516483516483 0.773263888888889 0.34725274725274724 0.42986111111111114
0 0.7326923076923076 0.9409722222222222 0.2653846153846154 0.33611111111111114
0 0.731043956043956 0.9427083333333334 0.28406593406593406 0.3715277777777778
0 0.6362637362637362 0.8197916666666667 0.2945054945054945 0.3770833333333333
0 0.5854395604395605 0.75625 0.21043956043956044 0.2625
0 0.5835164835164836 0.7506944444444444 0.31978021978021975 0.41111111111111115
0 0.6667582417582417 0.8565972222222222 0.45879120879120877 0.5784722222222223
