0 0.19423076923076923 0.26458333333333334 0.160989010989011 0.20277777777777778
0 0.21208791208791208 0.28506944444444443 0.007692307692307693 0.027083333333333334
0 0.26043956043956046 0.34895833333333337 0.13736263736263737 0.17152777777777778
0 0.2895604395604396 0.384375 0.1 0.11180555555555556
0 0.3326923076923077 0.4416666666666667 0.29395604395604397 0.3597222222222222
0 0.32967032967032966 0.4329861111111111 0.35714285714285715 0.45625000000000004
0 0.49615384615384617 0.6458333333333334 0.4736263736263736 0.6013888888888889
0 0.5335164835164835 0.7010416666666667 0.46923076923076923 0.6048611111111112
0 0.5843406593406594 0.7666666666666667 0.6467032967032967 0.8125
0 0.5914835164835165 0.7666666666666667 0.2521978021978022 0.31527777777777777
0 0.6326923076923077 0.815625 0.1467032967032967 0.1701388888888889
0 0.6689560439560439 0.8635416666666667 0.21483516483516482 0.2701388888888889
0 0.65 0.8388888888888889 0.24835164835164836 0.32083333333333336
0 0.43131868131868134 0.5635416666666667 0.13626373626373625 0.1798611111111111
0 0.5164835164835165 0.6684027777777778 0.015384615384615385 0.03125
0 0.5497252747252748 0.7131944444444445 0.13021978021978023 0.1625
0 0.49532967032967035 0.6461805555555555 0.04230769230769231 0.050694444444444445
0 0.3821428571428571 0.503125 0.328021978021978 0.4340277777777778
0 0.4315934065934066 0.5600694444444445 0.4104395604395604 0.5104166666666667
0 0.34313186813186813 0.45381944444444444 0.4357142857142857 0.5423611111111112
