0 0.414010989010989 0.5413194444444445 0.2379120879120879 0.29097222222222224
0 0.41346153846153844 0.540625 0.2598901098901099 0.3229166666666667
0 0.4967032967032967 0.6458333333333334 0.12197802197802197 0.15972222222222224
0 0.5230769230769231 0.6777777777777778 0.12527472527472527 0.1625
0 0.5967032967032967 0.7725694444444444 0.07802197802197802 0.10347222222222223
0 0.5142857142857142 0.6638888888888889 0.22527472527472528 0.2888888888888889
0 0.35521978021978023 0.46319444444444446 0.5445054945054945 0.6847222222222222
0 0.37225274725274726 0.4840277777777778 0.5181318681318682 0.6583333333333333
0 0.3708791208791209 0.48750000000000004 0.5076923076923077 0.6569444444444444
0 0.4291208791208791 0.5559027777777777 0.46593406593406594 0.5798611111111112
0 0.43131868131868134 0.5614583333333334 0.46153846153846156 0.5770833333333334
0 0.7401098901098901 0.9520833333333334 0.23516483516483516 0.3027777777777778
0 0.6868131868131868 0.8805555555555555 0.17032967032967034 0.20694444444444446
0 0.670054945054945 0.8614583333333333 0.13351648351648351 0.1798611111111111
0 0.5678571428571428 0.7295138888888889 0.6049450549450549 0.757638888888889
0 0.45796703296703295 0.5972222222222222 0.6258241758241758 0.7944444444444445
0 0.435989010989011 0.5756944444444445 0.7291208791208791 0.9208333333333334
0 0.42527472527472526 0.5597222222222222 0.7087912087912088 0.8944444444444445
0 0.23049450549450548 0.3038194444444445 0.1467032967032967 0.18541666666666667
0 0.1585164835164835 0.2170138888888889 0.008241758241758242 0.021527777777777778
0 0.19945054945054946 0.2677083333333333 0.2703296703296703 0.3506944444444445
