0 0.15631868131868132 0.21909722222222222 0.057692307692307696 0.06736111111111111
0 0.14862637362637363 0.21284722222222224 0.01703296703296703 0.02013888888888889
0 0.16593406593406593 0.2357638888888889 0.031868131868131866 0.03680555555555556
0 0.3252747252747253 0.4326388888888889 0.23846153846153847 0.2986111111111111
0 0.4247252747252747 0.5569444444444445 0.38461538461538464 0.48333333333333334
0 0.47445054945054943 0.6263888888888889 0.2796703296703297 0.3527777777777778
0 0.41016483516483515 0.5427083333333333 0.65 0.8215277777777779
0 0.45274725274725275 0.5954861111111112 0.7549450549450549 0.9409722222222222
0 0.4563186813186813 0.5993055555555555 0.762087912087912 0.9666666666666667
0 0.6271978021978022 0.815625 0.3148351648351648 0.40208333333333335
0 0.6895604395604396 0.898263888888889 0.11318681318681319 0.13680555555555557
0 0.7505494505494505 0.9746527777777778 0.31758241758241756 0.3965277777777778
0 0.5255494505494506 0.6895833333333333 0.2653846153846154 0.3402777777777778
0 0.5096153846153846 0.6715277777777778 0.26868131868131867 0.3416666666666667
0 0.47087912087912087 0.6180555555555556 0.22527472527472528 0.3013888888888889
0 0.3618131868131868 0.4857638888888889 0.3192307692307692 0.40347222222222223
0 0.3041208791208791 0.409375 0.5093406593406593 0.6520833333333333
0 0.2914835164835165 0.3923611111111111 0.49065934065934064 0.6402777777777778
