0 0.11895604395604395 0.17152777777777778 0.08846153846153847 0.1277777777777778
0 0.21895604395604396 0.28784722222222225 0.010439560439560439 0.02013888888888889
0 0.21428571428571427 0.28645833333333337 0.05714285714285714 0.05763888888888889
0 0.24862637362637363 0.33611111111111114 0.002747252747252747 0.002777777777777778
0 0.22994505494505493 0.3079861111111111 0.2291208791208791 0.2743055555555556
0 0.39175824175824175 0.5128472222222222 0.17692307692307693 0.24097222222222223
0 0.3293956043956044 0.4322916666666667 0.10604395604395604 0.1326388888888889
0 0.27692307692307694 0.3635416666666667 0.29120879120879123 0.36180555555555555
0 0.5543956043956044 0.7163194444444445 0.5307692307692308 0.6826388888888889
0 0.5129120879120879 0.6680555555555556 0.4807692307692308 0.6138888888888889
0 0.5662087912087912 0.7329861111111111 0.6214285714285714 0.7868055555555555
0 0.5631868131868132 0.7246527777777778 0.6153846153846154 0.7840277777777778
0 0.43763736263736264 0.5680555555555555 0.5510989010989011 0.6833333333333333
0 0.43846153846153846 0.571875 0.7307692307692307 0.9368055555555556
0 0.47445054945054943 0.6159722222222223 0.7763736263736264 0.9875
0 0.5755494505494505 0.7454861111111112 0.3686813186813187 0.46597222222222223
0 0.570054945054945 0.7385416666666667 0.3587912087912088 0.45069444444444445
0 0.6972527472527472 0.8986111111111111 0.42857142857142855 0.5305555555555556
0 0.6777472527472528 0.875 0.1434065934065934 0.1875
0 0.6607142857142857 0.857638888888889 0.128021978021978 0.16944444444444445
0 0.4052197802197802 0.5309027777777778 0.0016483516483516484 0.0076388888888888895
0 0.4052197802197802 0.53125 0.019230769230769232 0.019444444444444445
0 0.5282967032967033 0.6822916666666667 0.028021978021978023 0.02847222222222222
0 0.40384615384615385 0.5329861111111112 0.32967032967032966 0.44097222222222227
0 0.3739010989010989 0.49097222222222225 0.30494505494505497 0.4
0 0.37884615384615383 0.4899305555555556 0.30054945054945054 0.38819444444444445
0 0.37637362637362637 0.48923611111111115 0.2868131868131868 0.3701388888888889
0 0.26456043956043956 0.35000000000000003 0.3027472527472527 0.39166666666666666
0 0.4967032967032967 0.6479166666666667 0.18571428571428572 0.24166666666666667
0 0.7173076923076923 0.9184027777777778 0.2489010989010989 0.31736111111111115
