0 0.15467032967032968 0.21666666666666667 0.13021978021978023 0.18333333333333335
0 0.210989010989011 0.2920138888888889 0.07472527472527472 0.07986111111111112
0 0.22747252747252747 0.31666666666666665 0.16043956043956045 0.18472222222222223
0 0.2714285714285714 0.3652777777777778 0.2175824175824176 0.2833333333333333
0 0.3032967032967033 0.4048611111111111 0.25934065934065936 0.34444444444444444
0 0.3510989010989011 0.4652777777777778 0.2857142857142857 0.3791666666666667
0 0.4357142857142857 0.5774305555555556 0.6021978021978022 0.7784722222222222
0 0.4480769230769231 0.5875 0.695054945054945 0.8791666666666667
0 0.4774725274725275 0.6340277777777779 0.7604395604395604 0.976388888888889
0 0.6744505494505495 0.8743055555555556 0.3434065934065934 0.44722222222222224
0 0.35302197802197804 0.46979166666666666 0.40054945054945057 0.5243055555555556
0 0.39065934065934066 0.5208333333333334 0.34065934065934067 0.4375
0 0.4175824175824176 0.5538194444444444 0.5340659340659341 0.6743055555555556
0 0.48104395604395606 0.6361111111111112 0.1565934065934066 0.20277777777777778
0 0.5527472527472528 0.7302083333333333 0.020879120879120878 0.024305555555555556
0 0.6101648351648352 0.7986111111111112 0.1565934065934066 0.1736111111111111
0 0.6777472527472528 0.8833333333333334 0.08296703296703296 0.10694444444444445
0 0.7392857142857143 0.9569444444444445 0.20274725274725275 0.2569444444444445
