0 0.19296875000000002 0.3625 0.14375000000000002 0.26944444444444443
0 0.13886718750000002 0.2635416666666667 0.075390625 0.11875000000000001
0 0.129296875 0.24930555555555556 0.09843750000000001 0.1638888888888889
0 0.30410156250000003 0.5618055555555556 0.005859375 0.02361111111111111
0 0.3064453125 0.5666666666666667 0.021484375 0.059722222222222225
0 0.31562500000000004 0.5753472222222222 0.065625 0.10347222222222223
0 0.34121093750000003 0.6260416666666667 0.094140625 0.18819444444444444
0 0.3779296875 0.6892361111111112 0.054296875 0.10902777777777778
0 0.359375 0.6635416666666667 0.1953125 0.33819444444444446
0 0.33437500000000003 0.6111111111111112 0.24140625000000002 0.4305555555555556
0 0.4107421875 0.75 0.34804687500000003 0.6013888888888889
0 0.5111328125 0.9274305555555555 0.0074218750000000005 0.024305555555555556
0 0.5224609375 0.9506944444444445 0.027734375000000002 0.07083333333333333
0 0.471484375 0.8614583333333333 0.045312500000000006 0.08263888888888889
0 0.2505859375 0.4652777777777778 0.43867187500000004 0.7652777777777778
0 0.2986328125 0.5475694444444444 0.494921875 0.8701388888888889
0 0.30410156250000003 0.5583333333333333 0.512890625 0.8972222222222223
0 0.538671875 0.978125 0.5015625 0.8715277777777778
0 0.5001953125 0.9111111111111111 0.456640625 0.7986111111111112
0 0.468359375 0.8541666666666667 0.4890625 0.8569444444444445
0 0.4244140625 0.7774305555555556 0.544921875 0.9673611111111111
