0 0.47884615384615387 0.6225694444444445 0.12252747252747252 0.15486111111111112
0 0.5376373626373626 0.6979166666666667 0.12692307692307692 0.15416666666666667
0 0.41785714285714287 0.5434027777777778 0.043406593406593405 0.043750000000000004
0 0.3090659340659341 0.4100694444444445 0.08736263736263736 0.10347222222222223
0 0.39807692307692305 0.5190972222222222 0.33791208791208793 0.41875
0 0.3395604395604396 0.44027777777777777 0.10659340659340659 0.13333333333333333
0 0.33983516483516485 0.44201388888888893 0.43131868131868134 0.5395833333333333
0 0.45576923076923076 0.5913194444444445 0.5148351648351648 0.6423611111111112
0 0.45879120879120877 0.5916666666666667 0.4989010989010989 0.6277777777777778
0 0.4412087912087912 0.5715277777777777 0.5626373626373626 0.7222222222222222
0 0.5458791208791208 0.7121527777777779 0.6203296703296703 0.7701388888888889
0 0.5560439560439561 0.7270833333333334 0.7417582417582418 0.9222222222222223
0 0.7442307692307693 0.9541666666666667 0.30054945054945054 0.3875
0 0.6807692307692308 0.8736111111111111 0.16923076923076924 0.20416666666666666
0 0.6513736263736264 0.8371527777777779 0.13241758241758242 0.17291666666666666
0 0.6535714285714286 0.8406250000000001 0.1445054945054945 0.1840277777777778
0 0.6299450549450549 0.810763888888889 0.1357142857142857 0.16736111111111113
0 0.28983516483516486 0.3875 0.4137362637362637 0.5263888888888889
0 0.4024725274725275 0.5243055555555556 0.5192307692307693 0.6555555555555556
0 0.4032967032967033 0.5277777777777778 0.4978021978021978 0.6263888888888889
0 0.24175824175824176 0.3260416666666667 0.12637362637362637 0.16458333333333333
0 0.23351648351648352 0.3072916666666667 0.14835164835164835 0.18541666666666667
0 0.2456043956043956 0.32743055555555556 0.21978021978021978 0.26875
0 0.20274725274725275 0.27569444444444446 0.2681318681318681 0.33472222222222225
0 0.2173076923076923 0.2868055555555556 0.2631868131868132 0.33611111111111114
0 0.5953296703296703 0.7701388888888889 0.03131868131868132 0.04166666666666667
