0 0.20686813186813185 0.2847222222222222 0.05549450549450549 0.05277777777777778
0 0.1686813186813187 0.23506944444444444 0.05384615384615385 0.06597222222222222
0 0.22115384615384615 0.3024305555555556 0.18076923076923077 0.21875
0 0.4513736263736264 0.5972222222222222 0.30934065934065935 0.3736111111111111
0 0.31675824175824174 0.4201388888888889 0.2620879120879121 0.3180555555555556
0 0.4368131868131868 0.5746527777777778 0.5582417582417583 0.6909722222222222
0 0.4510989010989011 0.5947916666666667 0.5362637362637362 0.670138888888889
0 0.5370879120879121 0.6996527777777778 0.7510989010989011 0.93125
0 0.7186813186813187 0.9309027777777779 0.3912087912087912 0.4756944444444445
0 0.6381868131868131 0.8256944444444445 0.3675824175824176 0.4791666666666667
0 0.7543956043956044 0.9861111111111112 0.22747252747252747 0.28194444444444444
0 0.510989010989011 0.671875 0.002197802197802198 0.004861111111111111
0 0.5217032967032967 0.6871527777777778 0.03461538461538462 0.04930555555555556
0 0.43653846153846154 0.5784722222222223 0.05879120879120879 0.05
0 0.3357142857142857 0.4496527777777778 0.32967032967032966 0.3923611111111111
0 0.32142857142857145 0.4329861111111111 0.3120879120879121 0.3979166666666667
0 0.257967032967033 0.3524305555555556 0.3631868131868132 0.4618055555555556
0 0.43736263736263736 0.5774305555555556 0.16593406593406593 0.22291666666666668
