0 0.3103515625 0.5697916666666667 0.016015625000000002 0.014583333333333334
0 0.21054687500000002 0.3947916666666667 0.0054687500000000005 0.00625
0 0.2623046875 0.48368055555555556 0.121484375 0.20069444444444445
0 0.18867187500000002 0.35000000000000003 0.049218750000000006 0.1
0 0.14863281250000002 0.28194444444444444 0.046484375 0.08333333333333334
0 0.12382812500000001 0.234375 0.109375 0.19930555555555557
0 0.13125 0.2503472222222222 0.07734375 0.12430555555555556
0 0.35371093750000004 0.6416666666666667 0.21835937500000002 0.39583333333333337
0 0.3279296875 0.6020833333333333 0.138671875 0.225
0 0.31074218750000004 0.5694444444444444 0.30195312500000004 0.5541666666666667
0 0.27968750000000003 0.5107638888888889 0.40625 0.732638888888889
0 0.270703125 0.5003472222222223 0.42500000000000004 0.7604166666666667
0 0.36328125 0.6663194444444445 0.2859375 0.5131944444444445
0 0.46210937500000004 0.8406250000000001 0.028125 0.05625
0 0.471484375 0.8590277777777778 0.08515625 0.14722222222222223
0 0.512890625 0.93125 0.1234375 0.20555555555555557
0 0.43867187500000004 0.796875 0.2078125 0.3854166666666667
0 0.4412109375 0.8017361111111111 0.203515625 0.37430555555555556
0 0.5255859375 0.9541666666666667 0.392578125 0.7152777777777778
0 0.512109375 0.9375 0.384375 0.6722222222222223
0 0.5091796875 0.921875 0.42617187500000003 0.7645833333333334
0 0.3103515625 0.5697916666666667 0.016015625000000002 0.014583333333333334
0 0.21054687500000002 0.3947916666666667 0.0054687500000000005 0.00625
0 0.2623046875 0.48368055555555556 0.121484375 0.20069444444444445
0 0.18867187500000002 0.35000000000000003 0.049218750000000006 0.1
0 0.14863281250000002 0.28194444444444444 0.046484375 0.08333333333333334
0 0.12382812500000001 0.234375 0.109375 0.19930555555555557
0 0.13125 0.2503472222222222 0.07734375 0.12430555555555556
0 0.35371093750000004 0.6416666666666667 0.21835937500000002 0.39583333333333337
0 0.3279296875 0.6020833333333333 0.138671875 0.225
0 0.31074218750000004 0.5694444444444444 0.30195312500000004 0.5541666666666667
0 0.27968750000000003 0.5107638888888889 0.40625 0.732638888888889
0 0.270703125 0.5003472222222223 0.42500000000000004 0.7604166666666667
0 0.36328125 0.6663194444444445 0.2859375 0.5131944444444445
0 0.46210937500000004 0.8406250000000001 0.028125 0.05625
0 0.471484375 0.8590277777777778 0.08515625 0.14722222222222223
0 0.512890625 0.93125 0.1234375 0.20555555555555557
0 0.43867187500000004 0.796875 0.2078125 0.3854166666666667
0 0.4412109375 0.8017361111111111 0.203515625 0.37430555555555556
0 0.5255859375 0.9541666666666667 0.392578125 0.7152777777777778
0 0.512109375 0.9375 0.384375 0.6722222222222223
0 0.5091796875 0.921875 0.42617187500000003 0.7645833333333334
