0 0.13296703296703297 0.184375 0.010989010989010988 0.02291666666666667
0 0.19285714285714287 0.2625 0.03296703296703297 0.05
0 0.23186813186813188 0.30625 0.13956043956043956 0.17777777777777778
0 0.22142857142857142 0.29444444444444445 0.26263736263736265 0.32916666666666666
0 0.22472527472527473 0.30173611111111115 0.25384615384615383 0.31875000000000003
0 0.3401098901098901 0.45034722222222223 0.42527472527472526 0.5493055555555556
0 0.3821428571428571 0.5006944444444444 0.17747252747252748 0.23611111111111113
0 0.4153846153846154 0.5402777777777777 0.2813186813186813 0.35694444444444445
0 0.32967032967032966 0.4288194444444445 0.4318681318681319 0.5395833333333333
0 0.5557692307692308 0.7222222222222222 0.7532967032967033 0.9333333333333333
0 0.576098901098901 0.7520833333333333 0.7016483516483516 0.8638888888888889
0 0.4277472527472527 0.5565972222222223 0.5620879120879121 0.6979166666666667
0 0.44258241758241756 0.5805555555555556 0.5357142857142857 0.6625
0 0.48928571428571427 0.6322916666666667 0.47307692307692306 0.59375
0 0.4574175824175824 0.5961805555555556 0.08956043956043956 0.12986111111111112
0 0.5848901098901099 0.7597222222222223 0.11153846153846154 0.13333333333333333
0 0.5914835164835165 0.76875 0.08076923076923077 0.10694444444444445
0 0.5953296703296703 0.7670138888888889 0.0543956043956044 0.06597222222222222
0 0.6857142857142857 0.8812500000000001 0.17142857142857143 0.20416666666666666
0 0.7387362637362638 0.9510416666666667 0.3357142857142857 0.4326388888888889
0 0.6296703296703297 0.8128472222222223 0.13846153846153847 0.16736111111111113
0 0.6631868131868132 0.8569444444444445 0.13296703296703297 0.16805555555555557
0 0.6510989010989011 0.8371527777777779 0.15714285714285714 0.19930555555555557
0 0.310989010989011 0.40381944444444445 0.5054945054945055 0.6423611111111112
0 0.30851648351648353 0.4104166666666667 0.49615384615384617 0.6402777777777778
0 0.3362637362637363 0.4413194444444445 0.46703296703296704 0.5784722222222223
