0 0.2956043956043956 0.3923611111111111 0.24835164835164836 0.30833333333333335
0 0.3395604395604396 0.4430555555555556 0.23626373626373626 0.30833333333333335
0 0.3184065934065934 0.4149305555555556 0.2642857142857143 0.3298611111111111
0 0.24972527472527473 0.33229166666666665 0.3467032967032967 0.4256944444444445
0 0.2063186813186813 0.278125 0.24010989010989012 0.3145833333333333
0 0.25769230769230766 0.34826388888888893 0.12967032967032968 0.16875
0 0.14313186813186812 0.19618055555555555 0.03131868131868132 0.04930555555555556
0 0.17774725274725275 0.24409722222222224 0.12912087912087913 0.17430555555555557
0 0.24203296703296703 0.321875 0.2478021978021978 0.3145833333333333
0 0.2651098901098901 0.34895833333333337 0.19065934065934065 0.24791666666666667
0 0.41236263736263734 0.5375 0.28406593406593406 0.36944444444444446
0 0.4368131868131868 0.5684027777777778 0.5395604395604395 0.6673611111111112
0 0.45274725274725275 0.5888888888888889 0.6714285714285714 0.8527777777777779
0 0.4804945054945055 0.6201388888888889 0.5521978021978022 0.701388888888889
0 0.5343406593406593 0.6934027777777778 0.5082417582417582 0.6465277777777778
0 0.5689560439560439 0.7364583333333333 0.7346153846153847 0.9243055555555556
0 0.5766483516483516 0.7454861111111112 0.6972527472527472 0.8798611111111111
0 0.5142857142857142 0.6652777777777779 0.7879120879120879 0.9986111111111111
0 0.4115384615384615 0.5322916666666667 0.6571428571428571 0.8256944444444445
0 0.4153846153846154 0.5357638888888889 0.6604395604395604 0.8284722222222223
0 0.4156593406593407 0.5427083333333333 0.7005494505494505 0.8965277777777778
0 0.570054945054945 0.7385416666666667 0.2653846153846154 0.34097222222222223
0 0.6587912087912088 0.8458333333333333 0.26373626373626374 0.3236111111111111
0 0.6373626373626373 0.8197916666666667 0.16263736263736264 0.21041666666666667
0 0.7167582417582418 0.9253472222222222 0.31043956043956045 0.37986111111111115
0 0.7085164835164836 0.9100694444444445 0.4137362637362637 0.5090277777777777
0 0.7288461538461538 0.940625 0.260989010989011 0.3354166666666667
0 0.734065934065934 0.9440972222222223 0.2681318681318681 0.3368055555555556
0 0.47774725274725277 0.6170138888888889 0.1554945054945055 0.19375
0 0.4804945054945055 0.6229166666666667 0.17197802197802198 0.20555555555555557
0 0.41346153846153844 0.5361111111111111 0.11593406593406594 0.15833333333333333
0 0.4126373626373626 0.5381944444444444 0.07252747252747253 0.08194444444444444
