0 0.1728021978021978 0.24131944444444445 0.12582417582417582 0.17569444444444446
0 0.16923076923076924 0.23472222222222222 0.10329670329670329 0.14305555555555557
0 0.16703296703296702 0.23541666666666666 0.08241758241758242 0.11527777777777778
0 0.42527472527472526 0.5565972222222223 0.389010989010989 0.4881944444444445
0 0.4 0.5277777777777778 0.23076923076923078 0.29583333333333334
0 0.38571428571428573 0.5152777777777778 0.14505494505494507 0.18055555555555555
0 0.4758241758241758 0.625 0.7637362637362637 0.9680555555555556
0 0.4582417582417582 0.6041666666666667 0.7648351648351648 0.9722222222222222
0 0.4307692307692308 0.5677083333333334 0.5769230769230769 0.7145833333333333
0 0.6519230769230769 0.8430555555555556 0.3148351648351648 0.39722222222222225
0 0.6472527472527473 0.8444444444444444 0.2043956043956044 0.2569444444444445
0 0.7585164835164835 0.9861111111111112 0.20494505494505494 0.25833333333333336
0 0.525 0.6892361111111112 0.26868131868131867 0.3354166666666667
0 0.4758241758241758 0.628125 0.21208791208791208 0.2701388888888889
0 0.46181318681318684 0.6107638888888889 0.15879120879120878 0.19097222222222224
0 0.33296703296703295 0.4434027777777778 0.38351648351648354 0.47847222222222224
0 0.3315934065934066 0.44270833333333337 0.5027472527472527 0.6451388888888889
0 0.2848901098901099 0.38472222222222224 0.48846153846153845 0.5972222222222222
