0 0.337890625 0.6170138888888889 0.22578125000000002 0.40069444444444446
0 0.30507812500000003 0.5628472222222223 0.19843750000000002 0.3715277777777778
0 0.2869140625 0.5291666666666667 0.012890625000000001 0.016666666666666666
0 0.2376953125 0.44236111111111115 0.005078125 0.030555555555555558
0 0.153125 0.2881944444444445 0.22890625 0.41111111111111115
0 0.128515625 0.24409722222222224 0.11796875000000001 0.20069444444444445
0 0.1322265625 0.25 0.174609375 0.3013888888888889
0 0.37890625 0.6923611111111111 0.18359375 0.3111111111111111
0 0.393359375 0.7243055555555555 0.321875 0.5597222222222222
0 0.3384765625 0.61875 0.244140625 0.44583333333333336
0 0.2947265625 0.5447916666666667 0.521484375 0.9229166666666667
0 0.28750000000000003 0.5288194444444445 0.4109375 0.7243055555555555
0 0.2373046875 0.4416666666666667 0.40664062500000003 0.7166666666666667
0 0.4390625 0.8027777777777778 0.1203125 0.23194444444444445
0 0.5162109375 0.940625 0.080078125 0.14930555555555555
0 0.4783203125 0.8694444444444445 0.061328125000000004 0.09305555555555556
0 0.4859375 0.884375 0.44609375 0.7965277777777778
0 0.48281250000000003 0.8791666666666667 0.44296875 0.7694444444444445
0 0.47480468750000004 0.8638888888888889 0.455859375 0.7944444444444445
