0 0.210989010989011 0.2888888888888889 0.11208791208791209 0.15972222222222224
0 0.15357142857142858 0.21909722222222222 0.010439560439560439 0.017361111111111112
0 0.21895604395604396 0.3024305555555556 0.15989010989010988 0.20069444444444445
0 0.35796703296703297 0.47708333333333336 0.10604395604395604 0.14305555555555557
0 0.30164835164835163 0.4083333333333333 0.26153846153846155 0.33194444444444443
0 0.35906593406593407 0.4760416666666667 0.2543956043956044 0.32708333333333334
0 0.4269230769230769 0.5663194444444445 0.6967032967032967 0.8979166666666667
0 0.40934065934065933 0.5427083333333333 0.6824175824175824 0.8673611111111111
0 0.5195054945054945 0.6798611111111111 0.6906593406593406 0.8875000000000001
0 0.6659340659340659 0.8663194444444445 0.4032967032967033 0.5173611111111112
0 0.7508241758241758 0.9767361111111111 0.2664835164835165 0.3354166666666667
0 0.6914835164835165 0.8958333333333334 0.1576923076923077 0.18472222222222223
0 0.5013736263736264 0.6625 0.2895604395604396 0.36944444444444446
0 0.45796703296703295 0.6048611111111112 0.28846153846153844 0.34444444444444444
0 0.4258241758241758 0.5621527777777778 0.1945054945054945 0.2590277777777778
0 0.34203296703296704 0.46111111111111114 0.3631868131868132 0.4666666666666667
0 0.38543956043956046 0.5125000000000001 0.28626373626373625 0.38333333333333336
0 0.3923076923076923 0.5211805555555555 0.3076923076923077 0.4118055555555556
