0 0.24972527472527473 0.33611111111111114 0.22142857142857142 0.28055555555555556
0 0.24093406593406594 0.3236111111111111 0.22692307692307692 0.2833333333333333
0 0.12967032967032968 0.18229166666666669 0.2 0.26319444444444445
0 0.4137362637362637 0.5434027777777778 0.2956043956043956 0.37986111111111115
0 0.3978021978021978 0.5215277777777778 0.16153846153846155 0.19444444444444445
0 0.35302197802197804 0.4621527777777778 0.17307692307692307 0.22569444444444445
0 0.26978021978021977 0.35173611111111114 0.15714285714285714 0.20486111111111113
0 0.23076923076923078 0.30520833333333336 0.14505494505494507 0.17569444444444446
0 0.1728021978021978 0.2357638888888889 0.03131868131868132 0.03402777777777778
0 0.5228021978021978 0.6854166666666667 0.5818681318681319 0.7208333333333333
0 0.446978021978022 0.5850694444444444 0.5071428571428571 0.6201388888888889
0 0.5642857142857143 0.7319444444444445 0.4989010989010989 0.638888888888889
0 0.42939560439560437 0.5663194444444445 0.5642857142857143 0.7090277777777778
0 0.4478021978021978 0.5875 0.5241758241758242 0.6666666666666667
0 0.7398351648351649 0.9548611111111112 0.2423076923076923 0.3
0 0.7008241758241758 0.9041666666666667 0.1576923076923077 0.20972222222222223
0 0.6862637362637363 0.8829861111111111 0.17032967032967034 0.2076388888888889
0 0.6516483516483517 0.8409722222222222 0.14175824175824175 0.18472222222222223
0 0.6277472527472527 0.810763888888889 0.1412087912087912 0.16041666666666668
0 0.49752747252747254 0.65 0.13131868131868132 0.16527777777777777
0 0.5942307692307692 0.771875 0.04230769230769231 0.05902777777777778
0 0.4956043956043956 0.6465277777777778 0.03406593406593406 0.04166666666666667
0 0.4725274725274725 0.6125 0.023076923076923078 0.04166666666666667
0 0.3486263736263736 0.4638888888888889 0.5236263736263737 0.6736111111111112
0 0.3791208791208791 0.5006944444444444 0.5021978021978022 0.65
0 0.4368131868131868 0.5725694444444445 0.16483516483516483 0.21875
