0 0.20027472527472528 0.2760416666666667 0.09725274725274725 0.13541666666666669
0 0.19807692307692307 0.2715277777777778 0.07857142857142857 0.11805555555555557
0 0.2423076923076923 0.33194444444444443 0.041758241758241756 0.04722222222222222
0 0.3983516483516483 0.5375 0.21428571428571427 0.2763888888888889
0 0.36428571428571427 0.4902777777777778 0.34945054945054943 0.44027777777777777
0 0.3373626373626374 0.45243055555555556 0.20659340659340658 0.2423611111111111
0 0.4945054945054945 0.6524305555555556 0.12967032967032968 0.18125
0 0.5054945054945055 0.665625 0.08241758241758242 0.09930555555555556
0 0.3557692307692308 0.47187500000000004 0.17747252747252748 0.2076388888888889
0 0.41346153846153844 0.5461805555555556 0.3313186813186813 0.4173611111111111
0 0.4046703296703297 0.5388888888888889 0.4554945054945055 0.5680555555555555
0 0.6063186813186813 0.7927083333333333 0.057692307692307696 0.08125
0 0.7291208791208791 0.9472222222222223 0.31648351648351647 0.38333333333333336
0 0.7239010989010989 0.9381944444444444 0.4653846153846154 0.5847222222222223
0 0.7313186813186813 0.9506944444444445 0.4747252747252747 0.5916666666666667
0 0.5527472527472528 0.7201388888888889 0.5857142857142857 0.7569444444444444
0 0.4379120879120879 0.5819444444444445 0.7142857142857143 0.9111111111111111
