0 0.7329670329670329 0.9500000000000001 0.38351648351648354 0.4930555555555556
0 0.6505494505494506 0.8479166666666667 0.2868131868131868 0.33472222222222225
0 0.6489010989010989 0.8465277777777778 0.3802197802197802 0.48333333333333334
0 0.5247252747252747 0.6902777777777778 0.7615384615384615 0.9708333333333333
0 0.44478021978021975 0.5864583333333333 0.7401098901098901 0.9395833333333333
0 0.5744505494505494 0.7513888888888889 0.0038461538461538464 0.018055555555555557
0 0.4824175824175824 0.6378472222222222 0.1758241758241758 0.21180555555555555
0 0.45384615384615384 0.5996527777777778 0.12747252747252746 0.1826388888888889
0 0.42994505494505497 0.5711805555555556 0.2521978021978022 0.33819444444444446
0 0.40054945054945057 0.5322916666666667 0.2681318681318681 0.3340277777777778
0 0.3107142857142857 0.4204861111111111 0.39505494505494504 0.5201388888888889
0 0.2989010989010989 0.40208333333333335 0.03956043956043956 0.044444444444444446
0 0.2571428571428571 0.35173611111111114 0.010989010989010988 0.011805555555555555
0 0.4032967032967033 0.5319444444444444 0.1989010989010989 0.2555555555555556
0 0.38571428571428573 0.513888888888889 0.4098901098901099 0.5041666666666667
0 0.3771978021978022 0.4979166666666667 0.4225274725274725 0.525
0 0.20137362637362638 0.278125 0.08186813186813187 0.12013888888888889
