0 0.16181318681318682 0.22812500000000002 0.0489010989010989 0.06319444444444444
0 0.15054945054945054 0.215625 0.03736263736263736 0.052083333333333336
0 0.20494505494505494 0.2847222222222222 0.13076923076923078 0.16527777777777777
0 0.4736263736263736 0.6267361111111112 0.26593406593406593 0.33958333333333335
0 0.39725274725274723 0.5263888888888889 0.2868131868131868 0.35694444444444445
0 0.4239010989010989 0.5548611111111111 0.3851648351648352 0.48194444444444445
0 0.46813186813186813 0.6135416666666667 0.7648351648351648 0.9784722222222223
0 0.46291208791208793 0.6055555555555556 0.7785714285714286 0.9875
0 0.4697802197802198 0.6163194444444444 0.789010989010989 0.9951388888888889
0 0.34285714285714286 0.46284722222222224 0.24285714285714285 0.3090277777777778
0 0.310989010989011 0.41909722222222223 0.44835164835164837 0.5826388888888889
0 0.3771978021978022 0.5003472222222223 0.48296703296703297 0.6104166666666667
0 0.5472527472527473 0.7180555555555556 0.27472527472527475 0.33333333333333337
0 0.5758241758241758 0.7555555555555555 0.22417582417582418 0.27222222222222225
0 0.5870879120879121 0.7694444444444445 0.16758241758241757 0.20833333333333334
0 0.7043956043956044 0.9159722222222223 0.12197802197802197 0.15
0 0.7021978021978021 0.913888888888889 0.11208791208791209 0.14027777777777778
0 0.6574175824175824 0.846875 0.3631868131868132 0.4701388888888889
