0 0.4714285714285714 0.6121527777777778 0.07582417582417582 0.11041666666666668
0 0.40494505494505495 0.5309027777777778 0.19230769230769232 0.23680555555555557
0 0.4153846153846154 0.540625 0.24395604395604395 0.31875000000000003
0 0.4013736263736264 0.5236111111111111 0.22362637362637364 0.29305555555555557
0 0.5274725274725275 0.6819444444444445 0.11758241758241758 0.1486111111111111
0 0.5593406593406594 0.7256944444444444 0.0912087912087912 0.11944444444444445
0 0.5925824175824176 0.7670138888888889 0.10164835164835165 0.12708333333333333
0 0.6362637362637362 0.8194444444444445 0.33406593406593404 0.4083333333333333
0 0.6873626373626374 0.8812500000000001 0.16923076923076924 0.20694444444444446
0 0.7412087912087912 0.9503472222222222 0.23956043956043957 0.2965277777777778
0 0.5887362637362638 0.7670138888888889 0.5708791208791208 0.7159722222222222
0 0.5428571428571428 0.7045138888888889 0.4714285714285714 0.6006944444444444
0 0.5480769230769231 0.7118055555555556 0.7554945054945055 0.9402777777777778
0 0.11153846153846154 0.16006944444444446 0.1076923076923077 0.1451388888888889
0 0.19038461538461537 0.2586805555555556 0.08186813186813187 0.10902777777777778
0 0.2043956043956044 0.27395833333333336 0.2692307692307692 0.33263888888888893
0 0.22857142857142856 0.30104166666666665 0.1824175824175824 0.22291666666666668
0 0.22967032967032966 0.3024305555555556 0.14835164835164835 0.18958333333333335
0 0.30934065934065935 0.40625 0.4472527472527473 0.5583333333333333
0 0.31978021978021975 0.41805555555555557 0.4307692307692308 0.5541666666666667
0 0.36648351648351646 0.48125 0.5274725274725275 0.675
