0 0.1662087912087912 0.23472222222222222 0.03791208791208791 0.04861111111111111
0 0.18214285714285713 0.2545138888888889 0.06208791208791209 0.08958333333333333
0 0.24203296703296703 0.3315972222222222 0.11153846153846154 0.14375000000000002
0 0.42994505494505497 0.5635416666666667 0.2796703296703297 0.36458333333333337
0 0.40686813186813187 0.5319444444444444 0.3598901098901099 0.44722222222222224
0 0.34285714285714286 0.4572916666666667 0.3824175824175824 0.50625
0 0.4554945054945055 0.6 0.5428571428571428 0.675
0 0.4186813186813187 0.5524305555555555 0.6681318681318681 0.8590277777777778
0 0.4524725274725275 0.5951388888888889 0.606043956043956 0.7805555555555556
0 0.6881868131868132 0.8954861111111111 0.11593406593406594 0.14375000000000002
0 0.7076923076923077 0.9177083333333333 0.3923076923076923 0.48680555555555555
0 0.6780219780219781 0.8760416666666667 0.3791208791208791 0.4729166666666667
0 0.5200549450549451 0.6843750000000001 0.0016483516483516484 0.0006944444444444445
0 0.4686813186813187 0.6197916666666667 0.015384615384615385 0.0020833333333333333
0 0.5296703296703297 0.6979166666666667 0.06813186813186813 0.08194444444444444
0 0.3925824175824176 0.5201388888888889 0.40824175824175823 0.4986111111111111
0 0.3758241758241758 0.4982638888888889 0.46263736263736266 0.5673611111111111
0 0.3332417582417582 0.4479166666666667 0.5005494505494505 0.6277777777777778
