0 0.4532967032967033 0.5881944444444445 0.1 0.11944444444444445
0 0.30054945054945054 0.3993055555555556 0.4087912087912088 0.5361111111111111
0 0.3184065934065934 0.42118055555555556 0.1423076923076923 0.17847222222222223
0 0.39725274725274723 0.5149305555555556 0.26703296703296703 0.33958333333333335
0 0.5813186813186814 0.7534722222222222 0.006593406593406593 0.018055555555555557
0 0.5923076923076923 0.7694444444444445 0.0032967032967032967 0.016666666666666666
0 0.5983516483516483 0.771875 0.04725274725274725 0.06458333333333334
0 0.6846153846153846 0.8795138888888889 0.16813186813186815 0.20486111111111113
0 0.6582417582417582 0.8451388888888889 0.12527472527472527 0.1638888888888889
0 0.7387362637362638 0.9479166666666667 0.3324175824175824 0.43333333333333335
0 0.6307692307692307 0.8118055555555556 0.13516483516483516 0.16666666666666669
0 0.5664835164835165 0.7395833333333334 0.5384615384615384 0.6791666666666667
0 0.4552197802197802 0.5902777777777778 0.582967032967033 0.75
0 0.4673076923076923 0.6090277777777778 0.7412087912087912 0.9222222222222223
0 0.3021978021978022 0.39548611111111115 0.4912087912087912 0.63125
0 0.30357142857142855 0.4 0.48296703296703297 0.6236111111111111
0 0.2947802197802198 0.38958333333333334 0.4774725274725275 0.5944444444444444
0 0.2282967032967033 0.30625 0.2631868131868132 0.325
0 0.214010989010989 0.28645833333333337 0.2664835164835165 0.32430555555555557
0 0.23296703296703297 0.30659722222222224 0.13516483516483516 0.17569444444444446
0 0.14835164835164835 0.20347222222222222 0.17142857142857143 0.20972222222222223
0 0.1458791208791209 0.19444444444444445 0.03021978021978022 0.043055555555555555
