0 0.289010989010989 0.3888888888888889 0.0956043956043956 0.1
0 0.24807692307692308 0.3402777777777778 0.07417582417582418 0.08194444444444444
0 0.1934065934065934 0.26805555555555555 0.14615384615384616 0.19444444444444445
0 0.3728021978021978 0.4934027777777778 0.2445054945054945 0.3145833333333333
0 0.43324175824175826 0.5715277777777777 0.37967032967032965 0.45416666666666666
0 0.43021978021978025 0.5625 0.321978021978022 0.39583333333333337
0 0.4085164835164835 0.5388888888888889 0.6642857142857143 0.8527777777777779
0 0.4697802197802198 0.6177083333333333 0.7824175824175824 0.9784722222222223
0 0.5175824175824176 0.6795138888888889 0.7648351648351648 0.9756944444444445
0 0.6403846153846153 0.8319444444444445 0.3708791208791209 0.4861111111111111
0 0.692032967032967 0.8930555555555556 0.42032967032967034 0.5152777777777778
0 0.728021978021978 0.9434027777777778 0.36153846153846153 0.4395833333333333
0 0.4381868131868132 0.5777777777777778 0.09285714285714286 0.09583333333333334
0 0.4623626373626374 0.6086805555555556 0.13021978021978023 0.1840277777777778
0 0.5763736263736263 0.7538194444444445 0.15164835164835164 0.16736111111111113
0 0.3535714285714286 0.46979166666666666 0.4950549450549451 0.6104166666666667
0 0.34313186813186813 0.4607638888888889 0.5027472527472527 0.6409722222222223
0 0.33681318681318684 0.4513888888888889 0.5065934065934066 0.6569444444444444
