0 0.48296703296703297 0.6309027777777778 0.12857142857142856 0.1590277777777778
0 0.5178571428571429 0.6722222222222223 0.12912087912087913 0.15694444444444444
0 0.5082417582417582 0.659375 0.13406593406593406 0.16041666666666668
0 0.4717032967032967 0.6111111111111112 0.03021978021978022 0.04027777777777778
0 0.35604395604395606 0.46770833333333334 0.2549450549450549 0.30486111111111114
0 0.32884615384615384 0.43645833333333334 0.08296703296703296 0.09930555555555556
0 0.503021978021978 0.6555555555555556 0.582967032967033 0.7569444444444444
0 0.4230769230769231 0.5579861111111112 0.676923076923077 0.8604166666666667
0 0.514010989010989 0.670138888888889 0.4565934065934066 0.5805555555555556
0 0.6445054945054945 0.8288194444444444 0.18021978021978022 0.22291666666666668
0 0.6285714285714286 0.8086805555555556 0.13736263736263737 0.16319444444444445
0 0.6467032967032967 0.8336805555555555 0.16263736263736264 0.19791666666666669
0 0.6590659340659341 0.8510416666666667 0.14560439560439561 0.16736111111111113
0 0.7068681318681319 0.9059027777777778 0.1532967032967033 0.20486111111111113
0 0.39807692307692305 0.5229166666666667 0.32582417582417583 0.4152777777777778
0 0.33873626373626375 0.4444444444444445 0.3752747252747253 0.48333333333333334
0 0.34587912087912087 0.4510416666666667 0.4532967032967033 0.5798611111111112
0 0.24395604395604395 0.3284722222222222 0.22417582417582418 0.27361111111111114
0 0.21620879120879122 0.2916666666666667 0.26868131868131867 0.35000000000000003
0 0.189010989010989 0.25625000000000003 0.016483516483516484 0.011111111111111112
