0 0.20192307692307693 0.28194444444444444 0.1445054945054945 0.17222222222222222
0 0.1574175824175824 0.22361111111111112 0.015934065934065933 0.019444444444444445
0 0.17005494505494506 0.23854166666666668 0.00934065934065934 0.02291666666666667
0 0.43763736263736264 0.5708333333333333 0.371978021978022 0.47361111111111115
0 0.4351648351648352 0.5729166666666667 0.4087912087912088 0.5125000000000001
0 0.33873626373626375 0.4552083333333333 0.1686813186813187 0.19375
0 0.4947802197802198 0.6489583333333333 0.5291208791208791 0.68125
0 0.43434065934065935 0.5725694444444445 0.5785714285714286 0.7145833333333333
0 0.4326923076923077 0.5715277777777777 0.7313186813186813 0.9416666666666667
0 0.7120879120879121 0.9239583333333333 0.11538461538461539 0.15763888888888888
0 0.7535714285714286 0.9770833333333334 0.28406593406593406 0.3472222222222222
0 0.6200549450549451 0.8027777777777778 0.23461538461538461 0.2791666666666667
0 0.5087912087912088 0.6684027777777778 0.01978021978021978 0.021527777777777778
0 0.5645604395604396 0.7409722222222223 0.053296703296703295 0.0638888888888889
0 0.5560439560439561 0.7295138888888889 0.025274725274725275 0.04652777777777778
0 0.3771978021978022 0.5024305555555556 0.47527472527472525 0.5909722222222222
0 0.3741758241758242 0.5 0.4857142857142857 0.6055555555555556
0 0.35521978021978023 0.4746527777777778 0.5027472527472527 0.6270833333333333
