0 0.2357421875 0.43819444444444444 0.055078125000000006 0.11527777777777778
0 0.2177734375 0.4059027777777778 0.003515625 0.0020833333333333333
0 0.2814453125 0.5236111111111111 0.078515625 0.14027777777777778
0 0.193359375 0.3614583333333333 0.06796875000000001 0.13680555555555557
0 0.14453125 0.2729166666666667 0.19765625 0.3611111111111111
0 0.13398437500000002 0.25798611111111114 0.18046875 0.32569444444444445
0 0.126953125 0.24270833333333333 0.1546875 0.2701388888888889
0 0.3484375 0.6329861111111111 0.22265625 0.3965277777777778
0 0.3326171875 0.6097222222222223 0.219140625 0.3791666666666667
0 0.370703125 0.6763888888888889 0.16328125000000002 0.27222222222222225
0 0.353125 0.6454861111111111 0.25859375 0.4756944444444445
0 0.3931640625 0.7208333333333333 0.31679687500000003 0.5694444444444444
0 0.4517578125 0.8239583333333333 0.044140625 0.06736111111111111
0 0.46210937500000004 0.8440972222222223 0.021875000000000002 0.06041666666666667
0 0.5162109375 0.9388888888888889 0.08164062500000001 0.14166666666666666
0 0.3505859375 0.6399305555555556 0.42617187500000003 0.7451388888888889
0 0.28671875 0.5260416666666667 0.4109375 0.7243055555555555
0 0.2490234375 0.4600694444444445 0.43398437500000003 0.7659722222222223
0 0.474609375 0.8673611111111111 0.44609375 0.7833333333333333
0 0.4970703125 0.9017361111111112 0.405859375 0.7034722222222223
0 0.5111328125 0.9267361111111111 0.38007812500000004 0.6576388888888889
