0 0.13021978021978023 0.1892361111111111 0.1043956043956044 0.14375000000000002
0 0.19697802197802197 0.27743055555555557 0.19395604395604396 0.25069444444444444
0 0.15879120879120878 0.2309027777777778 0.020879120879120878 0.03819444444444445
0 0.260989010989011 0.35520833333333335 0.16043956043956045 0.2076388888888889
0 0.24175824175824176 0.3298611111111111 0.2725274725274725 0.3625
0 0.2541208791208791 0.34618055555555555 0.3148351648351648 0.42430555555555555
0 0.42225274725274725 0.5586805555555556 0.39285714285714285 0.5020833333333333
0 0.421978021978022 0.5555555555555556 0.35604395604395606 0.4486111111111111
0 0.42939560439560437 0.5673611111111111 0.528021978021978 0.6611111111111111
0 0.564010989010989 0.7399305555555555 0.27087912087912086 0.3479166666666667
0 0.575 0.7517361111111112 0.2675824175824176 0.3298611111111111
0 0.6239010989010989 0.815625 0.033516483516483515 0.05902777777777778
0 0.7587912087912088 0.9809027777777778 0.11538461538461539 0.16180555555555556
0 0.5826923076923077 0.7677083333333333 0.6840659340659341 0.8618055555555556
0 0.5456043956043956 0.7121527777777779 0.7472527472527473 0.9270833333333334
0 0.47225274725274724 0.623263888888889 0.6203296703296703 0.8034722222222223
