0 0.19862637362637361 0.27395833333333336 0.03241758241758242 0.06180555555555556
0 0.22582417582417583 0.3090277777777778 0.038461538461538464 0.06527777777777778
0 0.22884615384615384 0.3138888888888889 0.1357142857142857 0.1736111111111111
0 0.3956043956043956 0.5274305555555556 0.2978021978021978 0.38819444444444445
0 0.37335164835164836 0.4930555555555556 0.2456043956043956 0.31527777777777777
0 0.4442307692307692 0.5788194444444444 0.32472527472527474 0.4215277777777778
0 0.45686813186813185 0.5979166666666667 0.7489010989010989 0.9652777777777778
0 0.45576923076923076 0.6006944444444444 0.7489010989010989 0.9388888888888889
0 0.46895604395604396 0.6159722222222223 0.7126373626373627 0.8958333333333334
0 0.7252747252747253 0.940625 0.34505494505494505 0.42847222222222225
0 0.7318681318681318 0.946875 0.32967032967032966 0.41597222222222224
0 0.714010989010989 0.9284722222222223 0.29945054945054944 0.3875
0 0.554945054945055 0.7243055555555555 0.007692307692307693 0.029166666666666667
0 0.5453296703296703 0.7159722222222222 0.0038461538461538464 0.025
0 0.45906593406593404 0.6048611111111112 0.20934065934065935 0.28055555555555556
0 0.2923076923076923 0.3965277777777778 0.4846153846153846 0.6222222222222222
0 0.3129120879120879 0.4222222222222222 0.5027472527472527 0.6458333333333334
0 0.36730769230769234 0.49062500000000003 0.49725274725274726 0.6145833333333334
