0 0.13626373626373625 0.18680555555555556 0.023076923076923078 0.043055555555555555
0 0.17417582417582417 0.23611111111111113 0.03956043956043956 0.0625
0 0.14862637362637363 0.20659722222222224 0.11263736263736264 0.13680555555555557
0 0.1346153846153846 0.184375 0.18461538461538463 0.24375000000000002
0 0.26675824175824175 0.34826388888888893 0.19395604395604396 0.25069444444444444
0 0.34395604395604396 0.44895833333333335 0.48131868131868133 0.5993055555555555
0 0.40796703296703296 0.534375 0.3489010989010989 0.44097222222222227
0 0.4824175824175824 0.628125 0.6043956043956044 0.7659722222222223
0 0.5412087912087912 0.6982638888888889 0.6120879120879121 0.7659722222222223
0 0.5214285714285715 0.6711805555555556 0.5318681318681319 0.6631944444444444
0 0.4936813186813187 0.6392361111111111 0.7763736263736264 0.9895833333333334
0 0.4398351648351648 0.56875 0.7115384615384616 0.9
0 0.44258241758241756 0.5756944444444445 0.7192307692307692 0.9069444444444444
0 0.41236263736263734 0.5364583333333334 0.6653846153846154 0.8298611111111112
0 0.45467032967032966 0.5875 0.7774725274725275 0.9750000000000001
0 0.4107142857142857 0.5315972222222223 0.6576923076923077 0.8229166666666667
0 0.512087912087912 0.6628472222222223 0.0956043956043956 0.11041666666666668
0 0.4912087912087912 0.634375 0.11428571428571428 0.15625
0 0.4107142857142857 0.5333333333333333 0.09395604395604396 0.11944444444444445
0 0.6387362637362637 0.8246527777777778 0.2368131868131868 0.28958333333333336
0 0.6648351648351648 0.8572916666666667 0.43956043956043955 0.5506944444444445
0 0.6832417582417583 0.8809027777777778 0.42032967032967034 0.5256944444444445
0 0.7008241758241758 0.9065972222222223 0.42032967032967034 0.51875
0 0.5857142857142857 0.753125 0.37362637362637363 0.4701388888888889
0 0.5706043956043956 0.7336805555555556 0.3631868131868132 0.44930555555555557
0 0.5703296703296703 0.732638888888889 0.27362637362637365 0.3402777777777778
0 0.6271978021978022 0.8041666666666667 0.18296703296703296 0.225
0 0.639010989010989 0.8194444444444445 0.16373626373626374 0.20694444444444446
0 0.6659340659340659 0.8559027777777778 0.2032967032967033 0.25625000000000003
0 0.35302197802197804 0.4625 0.42142857142857143 0.5444444444444445
0 0.3543956043956044 0.45972222222222225 0.25054945054945055 0.325
0 0.4096153846153846 0.5402777777777777 0.3631868131868132 0.45833333333333337
