0 0.1434065934065934 0.20243055555555556 0.14175824175824175 0.1840277777777778
0 0.1620879120879121 0.23368055555555556 0.1945054945054945 0.2326388888888889
0 0.18434065934065935 0.2604166666666667 0.010439560439560439 0.006944444444444445
0 0.2934065934065934 0.39722222222222225 0.3923076923076923 0.5013888888888889
0 0.31895604395604393 0.43159722222222224 0.4104395604395604 0.50625
0 0.37884615384615383 0.5038194444444445 0.3412087912087912 0.4326388888888889
0 0.47692307692307695 0.6305555555555555 0.5637362637362637 0.7277777777777779
0 0.5376373626373626 0.7003472222222222 0.7851648351648352 0.9784722222222223
0 0.5475274725274726 0.717013888888889 0.782967032967033 0.96875
0 0.493956043956044 0.6479166666666667 0.041758241758241756 0.03333333333333333
0 0.5035714285714286 0.6625 0.018131868131868133 0.002777777777777778
0 0.5214285714285715 0.6899305555555556 0.23296703296703297 0.3159722222222222
0 0.45576923076923076 0.6003472222222223 0.4818681318681319 0.5993055555555555
0 0.43846153846153846 0.5822916666666667 0.521978021978022 0.6673611111111112
0 0.34615384615384615 0.46493055555555557 0.36923076923076925 0.4548611111111111
0 0.6516483516483517 0.8489583333333334 0.2175824175824176 0.2715277777777778
0 0.6629120879120879 0.8611111111111112 0.30714285714285716 0.4083333333333333
0 0.7642857142857142 0.9864583333333333 0.13516483516483516 0.15763888888888888
