0 0.17967032967032967 0.253125 0.027472527472527472 0.025694444444444447
0 0.18076923076923077 0.2548611111111111 0.05274725274725275 0.05416666666666667
0 0.21456043956043955 0.30104166666666665 0.10384615384615385 0.14097222222222222
0 0.3467032967032967 0.46944444444444444 0.2076923076923077 0.2777777777777778
0 0.4137362637362637 0.5534722222222223 0.1989010989010989 0.26944444444444443
0 0.3730769230769231 0.49895833333333334 0.31758241758241756 0.3909722222222222
0 0.3799450549450549 0.5006944444444444 0.1346153846153846 0.18611111111111112
0 0.4543956043956044 0.5986111111111111 0.2164835164835165 0.2833333333333333
0 0.46483516483516485 0.6107638888888889 0.35824175824175825 0.45069444444444445
0 0.5156593406593406 0.6815972222222223 0.19505494505494506 0.2576388888888889
0 0.5502747252747253 0.7211805555555556 0.21373626373626373 0.2576388888888889
0 0.5662087912087912 0.7440972222222223 0.19615384615384615 0.23541666666666666
0 0.6472527472527473 0.8465277777777778 0.3879120879120879 0.4930555555555556
0 0.6574175824175824 0.8552083333333333 0.4291208791208791 0.5548611111111111
0 0.5802197802197803 0.7597222222222223 0.7945054945054945 0.9791666666666667
0 0.4442307692307692 0.5850694444444444 0.7071428571428572 0.8951388888888889
0 0.44835164835164837 0.5944444444444444 0.7582417582417582 0.9569444444444445
