0 0.20741758241758243 0.2899305555555556 0.11703296703296703 0.15486111111111112
0 0.17554945054945054 0.24375000000000002 0.0016483516483516484 0.006944444444444445
0 0.21043956043956044 0.2899305555555556 0.14725274725274726 0.17569444444444446
0 0.3241758241758242 0.43472222222222223 0.32967032967032966 0.43194444444444446
0 0.3708791208791209 0.4861111111111111 0.34615384615384615 0.4361111111111111
0 0.41346153846153844 0.5413194444444445 0.29395604395604397 0.3729166666666667
0 0.5074175824175824 0.6607638888888889 0.6368131868131868 0.7895833333333334
0 0.5445054945054945 0.7097222222222223 0.7318681318681318 0.9180555555555556
0 0.4368131868131868 0.5736111111111112 0.7461538461538462 0.9541666666666667
0 0.6354395604395604 0.8222222222222223 0.19725274725274725 0.23750000000000002
0 0.7384615384615385 0.9548611111111112 0.37032967032967035 0.4486111111111111
0 0.740934065934066 0.9572916666666667 0.3521978021978022 0.42847222222222225
0 0.4747252747252747 0.623263888888889 0.23736263736263735 0.31875000000000003
0 0.5126373626373626 0.6729166666666667 0.25274725274725274 0.33055555555555555
0 0.5832417582417583 0.763888888888889 0.17417582417582417 0.2013888888888889
0 0.4046703296703297 0.5364583333333334 0.36648351648351646 0.4618055555555556
0 0.3914835164835165 0.5197916666666667 0.41483516483516486 0.545138888888889
0 0.28983516483516486 0.3861111111111111 0.45989010989010987 0.5986111111111111
