0 0.2 0.278125 0.031868131868131866 0.052083333333333336
0 0.2392857142857143 0.32743055555555556 0.10274725274725274 0.15069444444444444
0 0.33653846153846156 0.45208333333333334 0.08296703296703296 0.09305555555555556
0 0.3596153846153846 0.4809027777777778 0.23131868131868133 0.26875
0 0.37554945054945055 0.49895833333333334 0.4576923076923077 0.5979166666666667
0 0.46016483516483514 0.6024305555555556 0.4653846153846154 0.5659722222222222
0 0.4989010989010989 0.6583333333333333 0.027472527472527472 0.030555555555555558
0 0.5475274725274726 0.7177083333333334 0.13791208791208792 0.19097222222222224
0 0.6376373626373626 0.8399305555555556 0.06758241758241758 0.07708333333333334
0 0.4980769230769231 0.6572916666666667 0.2631868131868132 0.3493055555555556
0 0.421978021978022 0.5642361111111112 0.4725274725274725 0.6020833333333333
0 0.4604395604395604 0.6131944444444445 0.4703296703296703 0.5777777777777778
0 0.6450549450549451 0.8447916666666667 0.31978021978021975 0.38819444444444445
0 0.7458791208791209 0.9652777777777778 0.21923076923076923 0.2569444444444445
0 0.756043956043956 0.9746527777777778 0.4714285714285714 0.5770833333333334
0 0.5717032967032967 0.7496527777777778 0.7664835164835165 0.9520833333333334
0 0.45384615384615384 0.6027777777777777 0.6780219780219781 0.8527777777777779
0 0.4620879120879121 0.6069444444444445 0.7054945054945055 0.9097222222222222
