0 0.1631868131868132 0.2295138888888889 0.045054945054945054 0.06319444444444444
0 0.20604395604395603 0.2857638888888889 0.13186813186813187 0.16597222222222222
0 0.15274725274725276 0.21840277777777778 0.06263736263736264 0.08680555555555555
0 0.4458791208791209 0.5864583333333333 0.1620879120879121 0.22013888888888888
0 0.39862637362637365 0.5260416666666667 0.28736263736263734 0.3576388888888889
0 0.4260989010989011 0.5548611111111111 0.3862637362637363 0.4791666666666667
0 0.47115384615384615 0.6180555555555556 0.7467032967032967 0.9583333333333334
0 0.4747252747252747 0.6208333333333333 0.7791208791208791 0.9972222222222222
0 0.4524725274725275 0.59375 0.7675824175824176 0.9833333333333334
0 0.7019230769230769 0.9131944444444445 0.11703296703296703 0.14166666666666666
0 0.6719780219780219 0.873263888888889 0.11978021978021978 0.14652777777777778
0 0.6576923076923077 0.8475694444444445 0.3659340659340659 0.4729166666666667
0 0.5873626373626374 0.7701388888888889 0.15934065934065933 0.2111111111111111
0 0.5717032967032967 0.75 0.22252747252747251 0.28611111111111115
0 0.5538461538461539 0.7263888888888889 0.21978021978021978 0.26666666666666666
0 0.3098901098901099 0.4197916666666667 0.24945054945054945 0.30486111111111114
0 0.31236263736263736 0.4204861111111111 0.47087912087912087 0.59375
0 0.375 0.49722222222222223 0.49945054945054945 0.6194444444444445
