0 0.7129120879120879 0.9253472222222222 0.2412087912087912 0.2923611111111111
0 0.7228021978021978 0.9388888888888889 0.20714285714285716 0.2791666666666667
0 0.7063186813186814 0.9152777777777779 0.18186813186813186 0.22777777777777777
0 0.5629120879120879 0.7381944444444445 0.7236263736263736 0.9208333333333334
0 0.4173076923076923 0.5534722222222223 0.37637362637362637 0.4652777777777778
0 0.439010989010989 0.5784722222222223 0.37142857142857144 0.48333333333333334
0 0.3239010989010989 0.434375 0.3357142857142857 0.4451388888888889
0 0.5802197802197803 0.7548611111111111 0.20659340659340658 0.24305555555555555
0 0.6054945054945055 0.7909722222222223 0.12857142857142856 0.14583333333333334
0 0.6057692307692307 0.7937500000000001 0.08846153846153847 0.10416666666666667
0 0.31043956043956045 0.4170138888888889 0.07692307692307693 0.08541666666666667
0 0.3131868131868132 0.4236111111111111 0.08571428571428572 0.08472222222222223
0 0.21428571428571427 0.29444444444444445 0.0967032967032967 0.14027777777777778
0 0.39285714285714285 0.5239583333333333 0.46263736263736266 0.56875
0 0.4442307692307692 0.5888888888888889 0.3269230769230769 0.4152777777777778
0 0.44175824175824174 0.5875 0.2824175824175824 0.3597222222222222
