0 0.24395604395604395 0.3260416666666667 0.23406593406593407 0.30486111111111114
0 0.18434065934065935 0.24930555555555556 0.27087912087912086 0.3375
0 0.18873626373626373 0.2590277777777778 0.028021978021978023 0.020833333333333336
0 0.28186813186813187 0.37118055555555557 0.13076923076923078 0.1701388888888889
0 0.34587912087912087 0.45590277777777777 0.2796703296703297 0.34375
0 0.28214285714285714 0.3767361111111111 0.33901098901098903 0.4451388888888889
0 0.4887362637362637 0.6402777777777778 0.7126373626373627 0.8861111111111112
0 0.521978021978022 0.6902777777777778 0.7747252747252747 0.9722222222222222
0 0.5793956043956044 0.7506944444444444 0.7038461538461539 0.8736111111111111
0 0.5782967032967034 0.7427083333333334 0.6346153846153846 0.7979166666666667
0 0.5406593406593406 0.6951388888888889 0.5692307692307692 0.7166666666666667
0 0.432967032967033 0.5684027777777778 0.6593406593406593 0.8256944444444445
0 0.5134615384615384 0.6604166666666667 0.7510989010989011 0.9569444444444445
0 0.7456043956043956 0.9545138888888889 0.3505494505494505 0.4451388888888889
0 0.6434065934065935 0.8291666666666667 0.1956043956043956 0.2388888888888889
0 0.6293956043956044 0.810763888888889 0.13901098901098902 0.16319444444444445
0 0.6052197802197802 0.7815972222222223 0.19835164835164834 0.2590277777777778
0 0.592032967032967 0.7704861111111111 0.22692307692307692 0.27569444444444446
0 0.5321428571428571 0.6913194444444445 0.12472527472527473 0.15069444444444444
0 0.4739010989010989 0.6083333333333334 0.11593406593406594 0.14444444444444446
0 0.44642857142857145 0.5822916666666667 0.08076923076923077 0.10902777777777778
0 0.4524725274725275 0.5829861111111111 0.02032967032967033 0.02013888888888889
0 0.5914835164835165 0.7680555555555556 0.12032967032967033 0.13472222222222222
0 0.33076923076923076 0.4375 0.5318681318681319 0.6736111111111112
0 0.2804945054945055 0.36875 0.3730769230769231 0.46805555555555556
0 0.2741758241758242 0.36736111111111114 0.4087912087912088 0.5069444444444444
