0 0.1824175824175824 0.2548611111111111 0.02967032967032967 0.036111111111111115
0 0.18324175824175823 0.2559027777777778 0.15989010989010988 0.20347222222222222
0 0.20494505494505494 0.2826388888888889 0.15824175824175823 0.20694444444444446
0 0.3076923076923077 0.4121527777777778 0.25384615384615383 0.32708333333333334
0 0.3840659340659341 0.5041666666666667 0.3230769230769231 0.4236111111111111
0 0.45 0.5993055555555555 0.2934065934065934 0.3680555555555556
0 0.4381868131868132 0.5815972222222222 0.5686813186813187 0.7090277777777778
0 0.5431318681318681 0.7097222222222223 0.737912087912088 0.9166666666666667
0 0.42005494505494506 0.5520833333333334 0.6906593406593406 0.8611111111111112
0 0.6414835164835165 0.8350694444444445 0.30714285714285716 0.3770833333333333
0 0.7123626373626374 0.9215277777777778 0.38956043956043956 0.4791666666666667
0 0.6991758241758241 0.9079861111111112 0.10934065934065934 0.14652777777777778
0 0.5708791208791208 0.7475694444444445 0.1912087912087912 0.22569444444444445
0 0.564010989010989 0.7375 0.1620879120879121 0.22083333333333335
0 0.47307692307692306 0.6239583333333334 0.25934065934065936 0.3451388888888889
0 0.3403846153846154 0.45590277777777777 0.3620879120879121 0.4701388888888889
0 0.3651098901098901 0.4871527777777778 0.3203296703296703 0.3909722222222222
0 0.26071428571428573 0.3576388888888889 0.317032967032967 0.3944444444444445
