0 0.224609375 0.42638888888888893 0.12734375 0.25
0 0.236328125 0.44097222222222227 0.14921875 0.2569444444444445
0 0.24296875 0.45937500000000003 0.18828125 0.3090277777777778
0 0.3658203125 0.6753472222222222 0.252734375 0.4479166666666667
0 0.34980468750000004 0.6465277777777778 0.19882812500000002 0.3458333333333333
0 0.2802734375 0.5208333333333334 0.162890625 0.2763888888888889
0 0.3330078125 0.6163194444444444 0.34492187500000004 0.5979166666666667
0 0.257421875 0.4847222222222222 0.34296875000000004 0.6291666666666667
0 0.3501953125 0.6465277777777778 0.380859375 0.6694444444444445
0 0.4673828125 0.8600694444444444 0.125390625 0.22013888888888888
0 0.44160156250000004 0.8100694444444445 0.078515625 0.14930555555555555
0 0.5025390625 0.9197916666666667 0.067578125 0.09791666666666667
0 0.5404296875 0.982638888888889 0.20429687500000002 0.3527777777777778
