0 0.12032967032967033 0.18229166666666669 0.04285714285714286 0.050694444444444445
0 0.16483516483516483 0.23541666666666666 0.04285714285714286 0.061111111111111116
0 0.13324175824175824 0.19861111111111113 0.043406593406593405 0.0625
0 0.3230769230769231 0.43506944444444445 0.0912087912087912 0.12986111111111112
0 0.3445054945054945 0.4635416666666667 0.3923076923076923 0.49097222222222225
0 0.31675824175824174 0.42638888888888893 0.2785714285714286 0.34444444444444444
0 0.4991758241758242 0.6586805555555556 0.7456043956043956 0.9215277777777778
0 0.5568681318681319 0.7267361111111111 0.5313186813186813 0.6868055555555556
0 0.5574175824175824 0.7336805555555556 0.5247252747252747 0.6798611111111111
0 0.7615384615384615 0.9881944444444445 0.2857142857142857 0.3458333333333333
0 0.7274725274725274 0.9402777777777778 0.056043956043956046 0.07916666666666666
0 0.714010989010989 0.935763888888889 0.0456043956043956 0.05902777777777778
0 0.6299450549450549 0.8253472222222222 0.09725274725274725 0.10069444444444445
0 0.5744505494505494 0.753125 0.16758241758241757 0.23125
0 0.557967032967033 0.7315972222222222 0.24010989010989012 0.3145833333333333
0 0.41016483516483515 0.5420138888888889 0.3434065934065934 0.45208333333333334
0 0.32445054945054946 0.43506944444444445 0.5412087912087912 0.6715277777777778
0 0.34697802197802197 0.4652777777777778 0.5664835164835165 0.7333333333333334
