0 0.275 0.509375 0.06171875 0.11458333333333334
0 0.24863281250000002 0.4642361111111111 0.009765625 0.009027777777777779
0 0.2216796875 0.41076388888888893 0.009765625 0.03125
0 0.3619140625 0.6611111111111111 0.037890625000000004 0.07222222222222223
0 0.39882812500000003 0.7277777777777779 0.08515625 0.16944444444444445
0 0.18027343750000002 0.3423611111111111 0.166015625 0.3055555555555556
0 0.1494140625 0.2826388888888889 0.205859375 0.3805555555555556
0 0.12167968750000001 0.23611111111111113 0.101953125 0.16666666666666669
0 0.361328125 0.6635416666666667 0.1921875 0.3590277777777778
0 0.3701171875 0.6829861111111112 0.19257812500000002 0.33125
0 0.3337890625 0.6163194444444444 0.237109375 0.4173611111111111
0 0.29921875000000003 0.5552083333333333 0.47500000000000003 0.84375
0 0.299609375 0.5513888888888889 0.5242187500000001 0.913888888888889
0 0.244921875 0.4552083333333333 0.36875 0.6451388888888889
0 0.4849609375 0.884375 0.180078125 0.3076388888888889
0 0.529296875 0.9628472222222223 0.0890625 0.14097222222222222
0 0.433203125 0.7885416666666667 0.0125 0.0076388888888888895
0 0.47011718750000003 0.8559027777777778 0.487890625 0.8493055555555555
0 0.46953125 0.8545138888888889 0.49765625 0.8993055555555556
0 0.538671875 0.9767361111111111 0.5 0.8701388888888889
0 0.5298828125 0.9642361111111112 0.392578125 0.69375
0 0.4228515625 0.773263888888889 0.542578125 0.9576388888888889
