0 0.25659340659340657 0.35000000000000003 0.027472527472527472 0.0125
0 0.29313186813186815 0.3965277777777778 0.008241758241758242 0.006944444444444445
0 0.30714285714285716 0.4118055555555556 0.06703296703296703 0.07083333333333333
0 0.3978021978021978 0.5329861111111112 0.1912087912087912 0.2548611111111111
0 0.4225274725274725 0.5663194444444445 0.24615384615384617 0.31875000000000003
0 0.3596153846153846 0.4822916666666667 0.3521978021978022 0.4326388888888889
0 0.475 0.6246527777777778 0.17527472527472526 0.23680555555555557
0 0.37637362637362637 0.50625 0.14615384615384616 0.18472222222222223
0 0.3914835164835165 0.5159722222222223 0.1576923076923077 0.19722222222222224
0 0.529945054945055 0.6954861111111111 0.21373626373626373 0.2604166666666667
0 0.5903846153846154 0.7753472222222223 0.1686813186813187 0.19375
0 0.4153846153846154 0.5479166666666667 0.33186813186813185 0.41805555555555557
0 0.44642857142857145 0.592013888888889 0.6719780219780219 0.8381944444444445
0 0.5725274725274725 0.7451388888888889 0.654945054945055 0.8458333333333333
0 0.6868131868131868 0.8965277777777778 0.22637362637362637 0.27083333333333337
0 0.682967032967033 0.8899305555555556 0.3142857142857143 0.38958333333333334
0 0.7706043956043956 0.9947916666666667 0.41483516483516486 0.53125
