0 0.3181318681318681 0.41944444444444445 0.13736263736263737 0.17777777777777778
0 0.30467032967032964 0.4048611111111111 0.4115384615384615 0.5375
0 0.310989010989011 0.40868055555555555 0.2703296703296703 0.3493055555555556
0 0.573076923076923 0.7451388888888889 0.5461538461538461 0.7097222222222223
0 0.4582417582417582 0.5986111111111111 0.5802197802197803 0.75
0 0.44368131868131866 0.584375 0.7346153846153847 0.9395833333333333
0 0.6832417582417583 0.8791666666666667 0.1697802197802198 0.20555555555555557
0 0.7381868131868132 0.9493055555555556 0.3324175824175824 0.4305555555555556
0 0.6293956043956044 0.8131944444444444 0.15219780219780218 0.1875
0 0.6299450549450549 0.8114583333333334 0.13351648351648351 0.16736111111111113
0 0.5881868131868132 0.7572916666666667 0.12472527472527473 0.15486111111111112
0 0.5832417582417583 0.7559027777777778 0.1445054945054945 0.18541666666666667
0 0.5821428571428572 0.7538194444444445 0.004945054945054945 0.014583333333333334
0 0.4950549450549451 0.6430555555555556 0.12967032967032968 0.15972222222222224
0 0.3021978021978022 0.3947916666666667 0.4912087912087912 0.6270833333333333
0 0.3019230769230769 0.4013888888888889 0.48626373626373626 0.6236111111111111
0 0.29313186813186815 0.3892361111111111 0.47307692307692306 0.5965277777777778
0 0.2173076923076923 0.29409722222222223 0.27197802197802196 0.3423611111111111
0 0.21263736263736263 0.2868055555555556 0.2725274725274725 0.33194444444444443
0 0.23241758241758242 0.3072916666666667 0.13406593406593406 0.17708333333333334
0 0.25659340659340657 0.34305555555555556 0.2021978021978022 0.26805555555555555
0 0.1326923076923077 0.1795138888888889 0.006043956043956044 0.011805555555555555
