0 0.12032967032967033 0.17777777777777778 0.016483516483516484 0.006944444444444445
0 0.21043956043956044 0.2954861111111111 0.026373626373626374 0.03958333333333333
0 0.19945054945054946 0.2826388888888889 0.1978021978021978 0.23472222222222222
0 0.26593406593406593 0.3635416666666667 0.13626373626373625 0.15763888888888888
0 0.2739010989010989 0.3704861111111111 0.2752747252747253 0.35208333333333336
0 0.29615384615384616 0.4 0.4 0.5097222222222222
0 0.48104395604395606 0.6378472222222222 0.5928571428571429 0.7590277777777779
0 0.5840659340659341 0.7652777777777778 0.6659340659340659 0.8444444444444444
0 0.4771978021978022 0.6267361111111112 0.7939560439560439 0.9895833333333334
0 0.6447802197802198 0.8402777777777778 0.2532967032967033 0.3236111111111111
0 0.7142857142857143 0.9236111111111112 0.06153846153846154 0.09027777777777778
0 0.5991758241758242 0.7857638888888889 0.2445054945054945 0.29097222222222224
0 0.6151098901098901 0.8013888888888889 0.21373626373626373 0.2833333333333333
0 0.6299450549450549 0.821875 0.1686813186813187 0.20208333333333334
0 0.42445054945054944 0.5614583333333334 0.47527472527472525 0.5909722222222222
0 0.453021978021978 0.5940972222222223 0.48846153846153845 0.6104166666666667
0 0.4604395604395604 0.6072916666666667 0.4879120879120879 0.6131944444444445
