0 0.23708791208791208 0.32395833333333335 0.1401098901098901 0.1798611111111111
0 0.2282967032967033 0.31180555555555556 0.14560439560439561 0.19722222222222224
0 0.17115384615384616 0.23958333333333334 0.012637362637362638 0.02361111111111111
0 0.3686813186813187 0.4916666666666667 0.4142857142857143 0.5388888888888889
0 0.4574175824175824 0.5954861111111112 0.3631868131868132 0.45208333333333334
0 0.44285714285714284 0.5805555555555556 0.4021978021978022 0.5166666666666667
0 0.5104395604395604 0.6684027777777778 0.5472527472527473 0.7006944444444445
0 0.4340659340659341 0.571875 0.5758241758241758 0.7159722222222222
0 0.41318681318681316 0.5444444444444445 0.6868131868131868 0.8819444444444445
0 0.7126373626373627 0.9236111111111112 0.11538461538461539 0.15833333333333333
0 0.7538461538461538 0.978125 0.2802197802197802 0.34375
0 0.6846153846153846 0.8847222222222223 0.41208791208791207 0.5347222222222222
0 0.5175824175824176 0.6819444444444445 0.023076923076923078 0.022222222222222223
0 0.5027472527472527 0.6607638888888889 0.023076923076923078 0.021527777777777778
0 0.5623626373626374 0.7371527777777778 0.17857142857142858 0.23541666666666666
0 0.3607142857142857 0.4822916666666667 0.49725274725274726 0.6256944444444444
0 0.3760989010989011 0.5013888888888889 0.48846153846153845 0.6
0 0.3747252747252747 0.49756944444444445 0.4758241758241758 0.5881944444444445
