0 0.287890625 0.5284722222222222 0.07968750000000001 0.12916666666666668
0 0.2333984375 0.4340277777777778 0.050390625 0.08472222222222223
0 0.2138671875 0.3979166666666667 0.023046875 0.05555555555555556
0 0.1203125 0.22847222222222224 0.1203125 0.225
0 0.1203125 0.22847222222222224 0.13359375 0.24305555555555555
0 0.1275390625 0.24270833333333333 0.102734375 0.19236111111111112
0 0.13789062500000002 0.2625 0.06484375 0.10416666666666667
0 0.35000000000000003 0.6375000000000001 0.22421875000000002 0.39583333333333337
0 0.346484375 0.6402777777777778 0.1078125 0.19861111111111113
0 0.359375 0.65625 0.18906250000000002 0.3194444444444445
0 0.40839843750000004 0.7447916666666667 0.294140625 0.5326388888888889
0 0.36367187500000003 0.6684027777777778 0.29765625 0.53125
0 0.27890625 0.5118055555555556 0.40859375000000003 0.7319444444444445
0 0.307421875 0.5677083333333334 0.3125 0.5659722222222222
0 0.2841796875 0.5197916666666667 0.516015625 0.9284722222222223
0 0.49824218750000004 0.90625 0.094921875 0.18333333333333335
0 0.46953125 0.8545138888888889 0.07421875 0.12847222222222224
0 0.4453125 0.8131944444444444 0.13671875 0.2611111111111111
0 0.4888671875 0.8961805555555555 0.41523437500000004 0.7423611111111111
0 0.4626953125 0.8430555555555556 0.487890625 0.8861111111111112
0 0.49433593750000004 0.8979166666666667 0.531640625 0.9291666666666667
0 0.544921875 0.9906250000000001 0.40234375 0.7340277777777778
0 0.48574218750000003 0.878125 0.448828125 0.7909722222222223
0 0.287890625 0.5284722222222222 0.07968750000000001 0.12916666666666668
0 0.2333984375 0.4340277777777778 0.050390625 0.08472222222222223
0 0.2138671875 0.3979166666666667 0.023046875 0.05555555555555556
0 0.1203125 0.22847222222222224 0.1203125 0.225
0 0.1203125 0.22847222222222224 0.13359375 0.24305555555555555
0 0.1275390625 0.24270833333333333 0.102734375 0.19236111111111112
0 0.13789062500000002 0.2625 0.06484375 0.10416666666666667
0 0.35000000000000003 0.6375000000000001 0.22421875000000002 0.39583333333333337
0 0.346484375 0.6402777777777778 0.1078125 0.19861111111111113
0 0.359375 0.65625 0.18906250000000002 0.3194444444444445
0 0.40839843750000004 0.7447916666666667 0.294140625 0.5326388888888889
0 0.36367187500000003 0.6684027777777778 0.29765625 0.53125
0 0.27890625 0.5118055555555556 0.40859375000000003 0.7319444444444445
0 0.307421875 0.5677083333333334 0.3125 0.5659722222222222
0 0.2841796875 0.5197916666666667 0.516015625 0.9284722222222223
0 0.49824218750000004 0.90625 0.094921875 0.18333333333333335
0 0.46953125 0.8545138888888889 0.07421875 0.12847222222222224
0 0.4453125 0.8131944444444444 0.13671875 0.2611111111111111
0 0.4888671875 0.8961805555555555 0.41523437500000004 0.7423611111111111
0 0.4626953125 0.8430555555555556 0.487890625 0.8861111111111112
0 0.49433593750000004 0.8979166666666667 0.531640625 0.9291666666666667
0 0.544921875 0.9906250000000001 0.40234375 0.7340277777777778
0 0.48574218750000003 0.878125 0.448828125 0.7909722222222223
