0 0.21483516483516482 0.2954861111111111 0.11208791208791209 0.16597222222222222
0 0.25851648351648354 0.35034722222222225 0.12912087912087913 0.15763888888888888
0 0.22554945054945055 0.3104166666666667 0.17417582417582417 0.2125
0 0.3222527472527473 0.43125 0.17637362637362639 0.2138888888888889
0 0.33489010989010987 0.44409722222222225 0.3434065934065934 0.43819444444444444
0 0.4554945054945055 0.6034722222222223 0.29120879120879123 0.36388888888888893
0 0.48543956043956044 0.6385416666666667 0.5423076923076923 0.7020833333333334
0 0.4870879120879121 0.6395833333333334 0.7554945054945055 0.9583333333333334
0 0.45274725274725275 0.5986111111111111 0.7670329670329671 0.976388888888889
0 0.737912087912088 0.9534722222222223 0.35824175824175825 0.4361111111111111
0 0.7480769230769231 0.9722222222222222 0.19725274725274725 0.2611111111111111
0 0.7494505494505495 0.9694444444444444 0.17362637362637362 0.22916666666666669
0 0.5469780219780219 0.7177083333333334 0.2620879120879121 0.3090277777777778
0 0.5436813186813186 0.7107638888888889 0.18736263736263736 0.2534722222222222
0 0.5769230769230769 0.7559027777777778 0.16593406593406593 0.19375
0 0.39065934065934066 0.5180555555555556 0.2967032967032967 0.3902777777777778
0 0.39203296703296703 0.5211805555555555 0.3159340659340659 0.4201388888888889
0 0.3373626373626374 0.4548611111111111 0.36043956043956044 0.45972222222222225
