0 0.13021978021978023 0.18680555555555556 0.09010989010989011 0.13472222222222222
0 0.1620879120879121 0.2295138888888889 0.02967032967032967 0.03958333333333333
0 0.2489010989010989 0.34479166666666666 0.10989010989010989 0.12430555555555556
0 0.421978021978022 0.5555555555555556 0.34505494505494505 0.44722222222222224
0 0.27884615384615385 0.3736111111111111 0.12472527472527473 0.14444444444444446
0 0.26346153846153847 0.35625 0.16538461538461538 0.20555555555555557
0 0.24423076923076922 0.33645833333333336 0.30494505494505497 0.3923611111111111
0 0.6021978021978022 0.7861111111111111 0.24175824175824176 0.29444444444444445
0 0.5947802197802198 0.7809027777777778 0.2532967032967033 0.31875000000000003
0 0.6230769230769231 0.8135416666666667 0.031868131868131866 0.05902777777777778
0 0.7601648351648351 0.9819444444444445 0.12142857142857143 0.16527777777777777
0 0.43241758241758244 0.5697916666666667 0.49340659340659343 0.6215277777777778
0 0.38873626373626374 0.5190972222222222 0.5873626373626374 0.7381944444444445
0 0.4717032967032967 0.6222222222222222 0.6225274725274725 0.8055555555555556
0 0.5464285714285714 0.7118055555555556 0.7456043956043956 0.9263888888888889
0 0.5752747252747252 0.7517361111111112 0.7373626373626374 0.9187500000000001
