0 0.16291208791208792 0.2295138888888889 0.0510989010989011 0.06875
0 0.14972527472527472 0.2152777777777778 0.026923076923076925 0.03888888888888889
0 0.20576923076923076 0.28611111111111115 0.13131868131868132 0.1638888888888889
0 0.39862637362637365 0.5256944444444445 0.28846153846153844 0.35694444444444445
0 0.4736263736263736 0.6270833333333333 0.2714285714285714 0.34861111111111115
0 0.42554945054945054 0.5538194444444444 0.3862637362637363 0.4798611111111111
0 0.4725274725274725 0.6180555555555556 0.7703296703296704 0.9819444444444445
0 0.4662087912087912 0.6128472222222222 0.7774725274725275 0.9909722222222223
0 0.6571428571428571 0.8482638888888889 0.36043956043956044 0.46319444444444446
0 0.7041208791208792 0.9152777777777779 0.12252747252747252 0.15
0 0.7024725274725274 0.9128472222222223 0.11153846153846154 0.13958333333333334
0 0.5879120879120879 0.7670138888888889 0.16923076923076924 0.22013888888888888
0 0.5815934065934066 0.7597222222222223 0.21703296703296704 0.25416666666666665
0 0.3747252747252747 0.4986111111111111 0.47802197802197804 0.6055555555555556
0 0.35631868131868133 0.4791666666666667 0.2434065934065934 0.31666666666666665
0 0.3057692307692308 0.4083333333333333 0.48846153846153845 0.6083333333333334
