0 0.15412087912087913 0.21736111111111112 0.06318681318681318 0.08055555555555556
0 0.1782967032967033 0.25104166666666666 0.013736263736263736 0.01875
0 0.1478021978021978 0.21180555555555555 0.016483516483516484 0.02361111111111111
0 0.47005494505494505 0.6211805555555556 0.24010989010989012 0.3104166666666667
0 0.42527472527472526 0.55625 0.38571428571428573 0.48333333333333334
0 0.446978021978022 0.5881944444444445 0.42142857142857143 0.5194444444444445
0 0.5574175824175824 0.7274305555555556 0.6258241758241758 0.7937500000000001
0 0.46675824175824177 0.6121527777777778 0.7532967032967033 0.9590277777777778
0 0.46181318681318684 0.6038194444444445 0.7587912087912088 0.9701388888888889
0 0.6502747252747253 0.8447916666666667 0.3587912087912088 0.45208333333333334
0 0.6299450549450549 0.8211805555555556 0.3510989010989011 0.43819444444444444
0 0.6912087912087912 0.8989583333333334 0.15824175824175823 0.19652777777777777
0 0.512087912087912 0.6725694444444444 0.25384615384615383 0.33125
0 0.5027472527472527 0.6614583333333334 0.26263736263736265 0.3368055555555556
0 0.45989010989010987 0.6079861111111111 0.1945054945054945 0.2590277777777778
0 0.3931318681318681 0.5197916666666667 0.39505494505494504 0.5076388888888889
0 0.3118131868131868 0.42083333333333334 0.493956043956044 0.6416666666666667
0 0.3230769230769231 0.43020833333333336 0.3384615384615385 0.41458333333333336
