0 0.25054945054945055 0.33333333333333337 0.3945054945054945 0.48750000000000004
0 0.31895604395604393 0.41597222222222224 0.2445054945054945 0.30972222222222223
0 0.3195054945054945 0.41458333333333336 0.25659340659340657 0.3194444444444445
0 0.11593406593406594 0.16527777777777777 0.14615384615384616 0.2013888888888889
0 0.16950549450549451 0.22777777777777777 0.18736263736263736 0.2263888888888889
0 0.2549450549450549 0.3402777777777778 0.025274725274725275 0.0375
0 0.13076923076923078 0.1798611111111111 0.045054945054945054 0.06527777777777778
0 0.4013736263736264 0.5243055555555556 0.382967032967033 0.48888888888888893
0 0.3758241758241758 0.48923611111111115 0.15714285714285714 0.21041666666666667
0 0.2733516483516483 0.3576388888888889 0.18076923076923077 0.23611111111111113
0 0.47115384615384615 0.6090277777777778 0.7302197802197802 0.9152777777777779
0 0.5035714285714286 0.654513888888889 0.7159340659340659 0.9076388888888889
0 0.453021978021978 0.5868055555555556 0.5093406593406593 0.6333333333333333
0 0.4673076923076923 0.6020833333333333 0.539010989010989 0.6777777777777778
0 0.4771978021978022 0.6190972222222223 0.49725274725274726 0.61875
0 0.5697802197802198 0.7364583333333333 0.7098901098901099 0.8881944444444445
0 0.5104395604395604 0.6621527777777778 0.7593406593406593 0.9465277777777779
0 0.710989010989011 0.9149305555555556 0.3989010989010989 0.49236111111111114
0 0.6277472527472527 0.8090277777777778 0.43351648351648353 0.5625
0 0.6192307692307693 0.7989583333333333 0.3241758241758242 0.4048611111111111
0 0.5832417582417583 0.7618055555555556 0.18516483516483517 0.21944444444444444
0 0.615934065934066 0.7972222222222223 0.13956043956043956 0.16527777777777777
0 0.5 0.6486111111111111 0.21868131868131868 0.2777777777777778
0 0.5266483516483517 0.6795138888888889 0.17197802197802198 0.22986111111111113
0 0.46703296703296704 0.6055555555555556 0.15054945054945054 0.20277777777777778
0 0.3065934065934066 0.4027777777777778 0.4582417582417582 0.5944444444444444
0 0.5956043956043956 0.7677083333333333 0.24615384615384617 0.3159722222222222
