0 0.4412087912087912 0.5715277777777777 0.05384615384615385 0.059722222222222225
0 0.43846153846153846 0.5732638888888889 0.06153846153846154 0.08819444444444445
0 0.4046703296703297 0.5281250000000001 0.17417582417582417 0.22430555555555556
0 0.4137362637362637 0.540625 0.22857142857142856 0.27569444444444446
0 0.33763736263736266 0.43993055555555555 0.08296703296703296 0.10208333333333333
0 0.592032967032967 0.7645833333333334 0.018131868131868133 0.022222222222222223
0 0.5469780219780219 0.7065972222222222 0.02032967032967033 0.03402777777777778
0 0.6868131868131868 0.8815972222222223 0.17032967032967034 0.2076388888888889
0 0.6978021978021978 0.8958333333333334 0.13956043956043956 0.18611111111111112
0 0.6945054945054945 0.8909722222222223 0.14835164835164835 0.18888888888888888
0 0.4793956043956044 0.6274305555555556 0.6510989010989011 0.8340277777777778
0 0.4491758241758242 0.5881944444444445 0.7412087912087912 0.9500000000000001
0 0.41483516483516486 0.5413194444444445 0.6329670329670329 0.7881944444444444
0 0.1967032967032967 0.26631944444444444 0.04725274725274725 0.06319444444444444
0 0.23543956043956044 0.3138888888888889 0.23461538461538461 0.29305555555555557
0 0.2164835164835165 0.28958333333333336 0.2725274725274725 0.33194444444444443
0 0.2291208791208791 0.30347222222222225 0.14835164835164835 0.19722222222222224
0 0.3565934065934066 0.4666666666666667 0.5395604395604395 0.6777777777777778
0 0.3436813186813187 0.4517361111111111 0.5137362637362637 0.65625
0 0.27774725274725276 0.36423611111111115 0.41703296703296705 0.53125
