0 0.15585937500000002 0.2972222222222222 0.21406250000000002 0.4027777777777778
0 0.15546875000000002 0.3013888888888889 0.13671875 0.22777777777777777
0 0.19394531250000002 0.3649305555555556 0.030078125 0.06875
0 0.2580078125 0.4822916666666667 0.054296875 0.09791666666666667
0 0.295703125 0.5472222222222223 0.09921875000000001 0.15694444444444444
0 0.30781250000000004 0.5701388888888889 0.07890625000000001 0.1125
0 0.30234375 0.5590277777777778 0.16562500000000002 0.2763888888888889
0 0.35390625000000003 0.6482638888888889 0.2421875 0.45069444444444445
0 0.40253906250000004 0.7364583333333333 0.147265625 0.28402777777777777
0 0.2978515625 0.546875 0.433203125 0.7548611111111111
0 0.272265625 0.50625 0.32343750000000004 0.5611111111111111
0 0.2697265625 0.5003472222222223 0.312109375 0.5340277777777778
0 0.378515625 0.6961805555555556 0.30703125000000003 0.545138888888889
0 0.4248046875 0.7809027777777778 0.21835937500000002 0.4048611111111111
0 0.4197265625 0.7677083333333333 0.217578125 0.36319444444444443
0 0.4146484375 0.7555555555555555 0.066796875 0.13472222222222222
0 0.424609375 0.7777777777777778 0.07890625000000001 0.13194444444444445
0 0.4947265625 0.9031250000000001 0.035546875 0.04652777777777778
0 0.55078125 0.9968750000000001 0.5703125 0.99375
