0 0.44285714285714284 0.5750000000000001 0.05824175824175824 0.07361111111111111
0 0.45879120879120877 0.5979166666666667 0.07142857142857142 0.08333333333333334
0 0.49065934065934064 0.6354166666666667 0.12087912087912088 0.16111111111111112
0 0.5956043956043956 0.7677083333333333 0.027472527472527472 0.03958333333333333
0 0.7414835164835165 0.951388888888889 0.3027472527472527 0.3805555555555556
0 0.6815934065934066 0.8736111111111111 0.16648351648351647 0.20555555555555557
0 0.6299450549450549 0.810763888888889 0.13681318681318683 0.16736111111111113
0 0.6041208791208791 0.7822916666666667 0.21153846153846154 0.2729166666666667
0 0.6489010989010989 0.8347222222222223 0.14285714285714285 0.18611111111111112
0 0.5428571428571428 0.709375 0.7571428571428571 0.9465277777777779
0 0.47692307692307695 0.6263888888888889 0.7549450549450549 0.9708333333333333
0 0.45604395604395603 0.596875 0.5252747252747253 0.6743055555555556
0 0.43214285714285716 0.5684027777777778 0.573076923076923 0.7145833333333333
0 0.2958791208791209 0.3965277777777778 0.10274725274725274 0.1125
0 0.41483516483516486 0.5381944444444444 0.24615384615384617 0.3111111111111111
0 0.31675824175824174 0.4104166666666667 0.42142857142857143 0.5375
0 0.26978021978021977 0.3576388888888889 0.1824175824175824 0.23055555555555557
0 0.22554945054945055 0.3 0.0456043956043956 0.05694444444444444
0 0.1228021978021978 0.17152777777777778 0.12692307692307692 0.14722222222222223
0 0.21895604395604396 0.29444444444444445 0.2554945054945055 0.33611111111111114
0 0.23434065934065934 0.30833333333333335 0.1478021978021978 0.18611111111111112
0 0.22774725274725274 0.2986111111111111 0.2445054945054945 0.30694444444444446
0 0.2835164835164835 0.37569444444444444 0.43736263736263736 0.5652777777777778
0 0.3791208791208791 0.4920138888888889 0.4912087912087912 0.6284722222222222
0 0.3752747252747253 0.4920138888888889 0.5318681318681319 0.6673611111111112
