0 0.2673076923076923 0.36423611111111115 0.12472527472527473 0.15069444444444444
0 0.3 0.40520833333333334 0.08461538461538462 0.08402777777777778
0 0.2642857142857143 0.36041666666666666 0.11318681318681319 0.12638888888888888
0 0.38956043956043956 0.5239583333333333 0.17472527472527472 0.21736111111111112
0 0.43653846153846154 0.58125 0.18296703296703296 0.24861111111111112
0 0.4593406593406593 0.6059027777777778 0.41208791208791207 0.5006944444444444
0 0.5307692307692308 0.6961805555555556 0.0989010989010989 0.1423611111111111
0 0.5758241758241758 0.7555555555555555 0.13296703296703297 0.16527777777777777
0 0.5956043956043956 0.7788194444444445 0.08241758241758242 0.09791666666666667
0 0.4686813186813187 0.6166666666666667 0.34395604395604396 0.4277777777777778
0 0.6607142857142857 0.8590277777777778 0.2763736263736264 0.34305555555555556
0 0.5269230769230769 0.6888888888888889 0.6351648351648351 0.7805555555555556
0 0.5521978021978022 0.7211805555555556 0.6043956043956044 0.7840277777777778
0 0.3392857142857143 0.4545138888888889 0.4137362637362637 0.5340277777777778
0 0.34917582417582416 0.4684027777777778 0.43131868131868134 0.5590277777777778
0 0.7181318681318681 0.9354166666666667 0.49230769230769234 0.6180555555555556
0 0.46703296703296704 0.6180555555555556 0.6032967032967033 0.7375
