0 0.3173828125 0.58125 0.019140625 0.018055555555555557
0 0.26484375 0.4913194444444445 0.003125 0.009027777777777779
0 0.215625 0.4017361111111111 0.00390625 0.0076388888888888895
0 0.16562500000000002 0.3125 0.15859375 0.26666666666666666
0 0.1611328125 0.3038194444444445 0.168359375 0.3090277777777778
0 0.15097656250000002 0.2847222222222222 0.051953125 0.08472222222222223
0 0.1482421875 0.28194444444444444 0.219140625 0.40555555555555556
0 0.3248046875 0.5934027777777778 0.174609375 0.29375
0 0.3677734375 0.6711805555555556 0.105859375 0.20486111111111113
0 0.3994140625 0.7350694444444444 0.209765625 0.36180555555555555
0 0.36054687500000004 0.6607638888888889 0.2921875 0.5381944444444444
0 0.4294921875 0.7829861111111112 0.16523437500000002 0.31319444444444444
0 0.4548828125 0.8270833333333334 0.030078125 0.06805555555555556
0 0.491796875 0.8958333333333334 0.08671875000000001 0.1388888888888889
0 0.515625 0.9340277777777778 0.1125 0.18472222222222223
0 0.3525390625 0.6451388888888889 0.40351562500000004 0.7263888888888889
0 0.296484375 0.5437500000000001 0.40156250000000004 0.7027777777777778
0 0.3013671875 0.5538194444444444 0.521484375 0.9090277777777778
0 0.5496093750000001 0.9979166666666667 0.5437500000000001 0.9847222222222223
0 0.49550781250000003 0.9020833333333333 0.441015625 0.7763888888888889
0 0.5 0.909375 0.4296875 0.7534722222222222
0 0.4646484375 0.8493055555555555 0.48554687500000004 0.8416666666666667
