0 0.15906593406593406 0.21215277777777777 0.08626373626373626 0.10347222222222223
0 0.1782967032967033 0.24097222222222223 0.10384615384615385 0.11944444444444445
0 0.11593406593406594 0.16770833333333335 0.14065934065934066 0.16875
0 0.11181318681318682 0.16006944444444446 0.019230769230769232 0.013194444444444444
0 0.23846153846153847 0.3125 0.03626373626373627 0.04583333333333334
0 0.24505494505494504 0.3201388888888889 0.017582417582417582 0.020833333333333336
0 0.31978021978021975 0.4197916666666667 0.1087912087912088 0.1423611111111111
0 0.27307692307692305 0.3572916666666667 0.189010989010989 0.2451388888888889
0 0.3925824175824176 0.5152777777777778 0.4225274725274725 0.525
0 0.5291208791208791 0.6895833333333333 0.4945054945054945 0.6208333333333333
0 0.514010989010989 0.6704861111111111 0.5719780219780219 0.71875
0 0.5848901098901099 0.7545138888888889 0.6796703296703297 0.8465277777777778
0 0.47884615384615387 0.6197916666666667 0.6170329670329671 0.7937500000000001
0 0.4604395604395604 0.5961805555555556 0.6835164835164835 0.8645833333333334
0 0.4340659340659341 0.5635416666666667 0.7329670329670329 0.9229166666666667
0 0.5321428571428571 0.6847222222222222 0.7510989010989011 0.9458333333333334
0 0.41098901098901097 0.5447916666666667 0.6813186813186813 0.8756944444444444
0 0.5736263736263736 0.7458333333333333 0.22417582417582418 0.2652777777777778
0 0.5997252747252747 0.7736111111111111 0.2587912087912088 0.33333333333333337
0 0.614010989010989 0.7895833333333334 0.21703296703296704 0.2763888888888889
0 0.6461538461538462 0.8329861111111111 0.3901098901098901 0.48541666666666666
0 0.6997252747252747 0.9038194444444445 0.3478021978021978 0.4215277777777778
0 0.7096153846153846 0.913888888888889 0.41593406593406596 0.5222222222222223
0 0.7368131868131869 0.9437500000000001 0.2813186813186813 0.3527777777777778
0 0.7296703296703296 0.9402777777777778 0.26153846153846155 0.3375
0 0.6346153846153846 0.8131944444444444 0.4175824175824176 0.5277777777777778
0 0.5703296703296703 0.7395833333333334 0.12967032967032968 0.1513888888888889
0 0.48434065934065934 0.6291666666666667 0.20384615384615384 0.24861111111111112
0 0.44368131868131866 0.578125 0.17857142857142858 0.23125
0 0.5049450549450549 0.6559027777777778 0.2098901098901099 0.26875
0 0.3791208791208791 0.49236111111111114 0.2879120879120879 0.3763888888888889
0 0.4076923076923077 0.5322916666666667 0.45274725274725275 0.5826388888888889
0 0.39862637362637365 0.5253472222222222 0.4928571428571429 0.6062500000000001
0 0.2793956043956044 0.3649305555555556 0.28516483516483515 0.36597222222222225
