0 0.2302734375 0.42708333333333337 0.059765625 0.11944444444444445
0 0.2220703125 0.4166666666666667 0.011328125000000001 0.02638888888888889
0 0.1794921875 0.340625 0.164453125 0.30347222222222225
0 0.162109375 0.30694444444444446 0.21953125 0.39166666666666666
0 0.12089843750000001 0.23402777777777778 0.102734375 0.16666666666666669
0 0.30292968750000004 0.5586805555555556 0.090234375 0.14097222222222222
0 0.3521484375 0.6475694444444444 0.046484375 0.07430555555555556
0 0.33613281250000004 0.6180555555555556 0.201953125 0.3763888888888889
0 0.37246093750000003 0.6878472222222223 0.19492187500000002 0.3423611111111111
0 0.433203125 0.7913194444444445 0.18281250000000002 0.3451388888888889
0 0.333984375 0.6149305555555555 0.23984375000000002 0.43680555555555556
0 0.29765625 0.5454861111111111 0.50625 0.9020833333333333
0 0.29921875000000003 0.5506944444444445 0.5234375 0.9152777777777779
0 0.269140625 0.4982638888888889 0.31796875 0.5506944444444445
0 0.5337890625 0.9701388888888889 0.050390625 0.10138888888888889
0 0.52890625 0.9600694444444445 0.07578125000000001 0.12013888888888889
0 0.4470703125 0.8204861111111111 0.003515625 0.0034722222222222225
0 0.5380859375 0.9767361111111111 0.499609375 0.8701388888888889
0 0.509375 0.9256944444444445 0.4546875 0.8208333333333334
0 0.4697265625 0.8538194444444445 0.498046875 0.8979166666666667
0 0.46894531250000004 0.8524305555555556 0.48867187500000003 0.8506944444444445
0 0.42109375000000004 0.7684027777777778 0.53671875 0.9506944444444445
