0 0.17421875 0.33194444444444443 0.1546875 0.2902777777777778
0 0.1697265625 0.3315972222222222 0.094921875 0.15763888888888888
0 0.1873046875 0.3579861111111111 0.067578125 0.11875000000000001
0 0.33906250000000004 0.6260416666666667 0.1796875 0.3076388888888889
0 0.369921875 0.6784722222222223 0.2265625 0.38472222222222224
0 0.270703125 0.5045138888888889 0.18281250000000002 0.3451388888888889
0 0.29042968750000003 0.5399305555555556 0.436328125 0.795138888888889
0 0.2990234375 0.5517361111111111 0.43789062500000003 0.7965277777777778
0 0.3375 0.6211805555555556 0.38671875 0.7076388888888889
0 0.42617187500000003 0.7861111111111111 0.1171875 0.22083333333333335
0 0.49746093750000003 0.9128472222222223 0.003515625 0.02847222222222222
0 0.49921875000000004 0.9125000000000001 0.13984375000000002 0.23194444444444445
0 0.4560546875 0.835763888888889 0.548046875 0.9520833333333334
