0 0.25917968750000003 0.47847222222222224 0.005859375 0.006944444444444445
0 0.257421875 0.4774305555555556 0.11171875 0.21319444444444446
0 0.2103515625 0.3947916666666667 0.001953125 0.0006944444444444445
0 0.1181640625 0.225 0.125390625 0.22083333333333335
0 0.118359375 0.2267361111111111 0.10625000000000001 0.17569444444444446
0 0.12382812500000001 0.2357638888888889 0.0921875 0.15763888888888888
0 0.1373046875 0.2621527777777778 0.058203125 0.08958333333333333
0 0.34394531250000004 0.634375 0.212890625 0.3729166666666667
0 0.3513671875 0.6375000000000001 0.221484375 0.4
0 0.28066406250000003 0.5125000000000001 0.409765625 0.7388888888888889
0 0.2626953125 0.48784722222222227 0.357421875 0.6340277777777779
0 0.24335937500000002 0.45208333333333334 0.41250000000000003 0.7513888888888889
0 0.44257812500000004 0.8055555555555556 0.19843750000000002 0.3666666666666667
0 0.43046875 0.7864583333333334 0.22031250000000002 0.3784722222222222
0 0.362890625 0.6663194444444445 0.278125 0.5006944444444444
0 0.47480468750000004 0.8621527777777778 0.101953125 0.16875
0 0.4810546875 0.8784722222222222 0.16757812500000002 0.2902777777777778
0 0.516796875 0.9375 0.13046875 0.2152777777777778
0 0.47285156250000004 0.8611111111111112 0.500390625 0.9055555555555556
0 0.5107421875 0.9288194444444445 0.38007812500000004 0.6645833333333333
0 0.503515625 0.9125000000000001 0.45625000000000004 0.7986111111111112
0 0.25917968750000003 0.47847222222222224 0.005859375 0.006944444444444445
0 0.257421875 0.4774305555555556 0.11171875 0.21319444444444446
0 0.2103515625 0.3947916666666667 0.001953125 0.0006944444444444445
0 0.1181640625 0.225 0.125390625 0.22083333333333335
0 0.118359375 0.2267361111111111 0.10625000000000001 0.17569444444444446
0 0.12382812500000001 0.2357638888888889 0.0921875 0.15763888888888888
0 0.1373046875 0.2621527777777778 0.058203125 0.08958333333333333
0 0.34394531250000004 0.634375 0.212890625 0.3729166666666667
0 0.3513671875 0.6375000000000001 0.221484375 0.4
0 0.28066406250000003 0.5125000000000001 0.409765625 0.7388888888888889
0 0.2626953125 0.48784722222222227 0.357421875 0.6340277777777779
0 0.24335937500000002 0.45208333333333334 0.41250000000000003 0.7513888888888889
0 0.44257812500000004 0.8055555555555556 0.19843750000000002 0.3666666666666667
0 0.43046875 0.7864583333333334 0.22031250000000002 0.3784722222222222
0 0.362890625 0.6663194444444445 0.278125 0.5006944444444444
0 0.47480468750000004 0.8621527777777778 0.101953125 0.16875
0 0.4810546875 0.8784722222222222 0.16757812500000002 0.2902777777777778
0 0.516796875 0.9375 0.13046875 0.2152777777777778
0 0.47285156250000004 0.8611111111111112 0.500390625 0.9055555555555556
0 0.5107421875 0.9288194444444445 0.38007812500000004 0.6645833333333333
0 0.503515625 0.9125000000000001 0.45625000000000004 0.7986111111111112
