0 0.2337912087912088 0.3076388888888889 0.1489010989010989 0.18472222222222223
0 0.22417582417582418 0.30104166666666665 0.04395604395604395 0.04930555555555556
0 0.2271978021978022 0.2989583333333333 0.2456043956043956 0.30625
0 0.1228021978021978 0.171875 0.12912087912087913 0.14652777777777778
0 0.2195054945054945 0.29375 0.2543956043956044 0.33333333333333337
0 0.2967032967032967 0.39340277777777777 0.10329670329670329 0.11458333333333334
0 0.26978021978021977 0.35833333333333334 0.1824175824175824 0.23055555555555557
0 0.3159340659340659 0.41111111111111115 0.4208791208791209 0.5375
0 0.41318681318681316 0.5392361111111111 0.24725274725274726 0.3145833333333333
0 0.45879120879120877 0.5965277777777778 0.5285714285714286 0.6722222222222223
0 0.43241758241758244 0.5694444444444444 0.5714285714285714 0.7152777777777778
0 0.4782967032967033 0.625 0.7543956043956044 0.9694444444444444
0 0.5428571428571428 0.7079861111111111 0.7571428571428571 0.9465277777777779
0 0.6057692307692307 0.7829861111111112 0.21043956043956044 0.2715277777777778
0 0.6296703296703297 0.8111111111111111 0.13626373626373625 0.16666666666666669
0 0.6821428571428572 0.8746527777777778 0.16758241758241757 0.20347222222222222
0 0.7414835164835165 0.9534722222222223 0.30164835164835163 0.3805555555555556
0 0.6516483516483517 0.8354166666666667 0.14285714285714285 0.18611111111111112
0 0.4423076923076923 0.5750000000000001 0.05824175824175824 0.07222222222222223
0 0.45906593406593404 0.5965277777777778 0.07197802197802197 0.08472222222222223
0 0.489010989010989 0.6361111111111112 0.12087912087912088 0.16111111111111112
0 0.5953296703296703 0.7677083333333333 0.028021978021978023 0.04236111111111111
0 0.28296703296703296 0.37569444444444444 0.43626373626373627 0.5666666666666667
0 0.3752747252747253 0.4920138888888889 0.5318681318681319 0.6687500000000001
0 0.37857142857142856 0.49236111111111114 0.4901098901098901 0.6291666666666667
