0 0.1631868131868132 0.22881944444444446 0.051648351648351645 0.06875
0 0.15 0.2138888888888889 0.027472527472527472 0.0375
0 0.20549450549450549 0.2847222222222222 0.13186813186813187 0.16527777777777777
0 0.3975274725274725 0.5239583333333333 0.28846153846153844 0.3576388888888889
0 0.4739010989010989 0.6270833333333333 0.27307692307692305 0.34861111111111115
0 0.42417582417582417 0.5538194444444444 0.38461538461538464 0.48125
0 0.4728021978021978 0.6197916666666667 0.7697802197802198 0.982638888888889
0 0.46675824175824177 0.6145833333333334 0.7763736263736264 0.9875
0 0.6563186813186813 0.8479166666666667 0.360989010989011 0.4638888888888889
0 0.7038461538461539 0.9159722222222223 0.11978021978021978 0.1513888888888889
0 0.7027472527472527 0.9142361111111111 0.11208791208791209 0.13819444444444445
0 0.5865384615384616 0.76875 0.1686813186813187 0.22222222222222224
0 0.5824175824175825 0.7604166666666667 0.2164835164835165 0.2555555555555556
0 0.46401098901098903 0.6107638888888889 0.21703296703296704 0.2951388888888889
0 0.35604395604395606 0.4798611111111111 0.24395604395604395 0.31527777777777777
0 0.3747252747252747 0.4986111111111111 0.47802197802197804 0.6083333333333334
0 0.30494505494505497 0.4083333333333333 0.4901098901098901 0.6069444444444445
