0 0.18763736263736264 0.2607638888888889 0.128021978021978 0.16875
0 0.20302197802197802 0.27743055555555557 0.12362637362637363 0.14791666666666667
0 0.1620879120879121 0.2267361111111111 0.07142857142857142 0.09930555555555556
0 0.42417582417582417 0.5548611111111111 0.3901098901098901 0.4930555555555556
0 0.3983516483516483 0.5225694444444444 0.3087912087912088 0.37986111111111115
0 0.3543956043956044 0.47534722222222225 0.3989010989010989 0.5048611111111111
0 0.41703296703296705 0.55 0.7098901098901099 0.9069444444444444
0 0.4771978021978022 0.6246527777777778 0.7489010989010989 0.9368055555555556
0 0.518956043956044 0.678125 0.5818681318681319 0.7493055555555556
0 0.7129120879120879 0.9253472222222222 0.3983516483516483 0.49236111111111114
0 0.6818681318681319 0.8864583333333333 0.2032967032967033 0.23958333333333334
0 0.6541208791208791 0.8475694444444445 0.3181318681318681 0.3979166666666667
0 0.5513736263736264 0.7204861111111112 0.13021978021978023 0.1798611111111111
0 0.5862637362637363 0.76875 0.2010989010989011 0.25833333333333336
0 0.5478021978021979 0.7177083333333334 0.2714285714285714 0.33125
0 0.35906593406593407 0.48125 0.5071428571428571 0.638888888888889
0 0.3510989010989011 0.46805555555555556 0.4978021978021978 0.625
0 0.2664835164835165 0.3611111111111111 0.3516483516483516 0.45
