0 0.266796875 0.4930555555555556 0.01015625 0.025
0 0.315234375 0.5750000000000001 0.0234375 0.029166666666666667
0 0.2162109375 0.4017361111111111 0.0074218750000000005 0.015972222222222224
0 0.160546875 0.30104166666666665 0.16953125000000002 0.2923611111111111
0 0.1658203125 0.3128472222222222 0.158203125 0.26458333333333334
0 0.151171875 0.2857638888888889 0.05234375 0.08402777777777778
0 0.3251953125 0.5947916666666667 0.17304687500000002 0.29097222222222224
0 0.3677734375 0.671875 0.105859375 0.2076388888888889
0 0.3583984375 0.6576388888888889 0.288671875 0.5319444444444444
0 0.39863281250000004 0.7333333333333334 0.20820312500000002 0.3597222222222222
0 0.3775390625 0.6895833333333333 0.13007812500000002 0.21666666666666667
0 0.526953125 0.9552083333333333 0.08984375 0.14375000000000002
0 0.4919921875 0.8965277777777778 0.08554687500000001 0.1388888888888889
0 0.4548828125 0.8274305555555556 0.030859375 0.06875
0 0.2955078125 0.5461805555555556 0.524609375 0.9229166666666667
0 0.29628906250000003 0.5440972222222222 0.401171875 0.7034722222222223
0 0.34589843750000004 0.6322916666666667 0.38398437500000004 0.6979166666666667
0 0.548046875 0.998263888888889 0.55234375 0.982638888888889
0 0.5443359375 0.9927083333333334 0.564453125 0.9951388888888889
0 0.49609375 0.9048611111111111 0.44140625 0.7763888888888889
0 0.4814453125 0.8756944444444444 0.456640625 0.7944444444444445
