0 0.275 0.37222222222222223 0.07637362637362638 0.08611111111111111
0 0.20851648351648353 0.2888888888888889 0.13681318681318683 0.18194444444444446
0 0.18653846153846154 0.2572916666666667 0.12692307692307692 0.1590277777777778
0 0.3758241758241758 0.5024305555555556 0.432967032967033 0.5548611111111111
0 0.3769230769230769 0.4996527777777778 0.3010989010989011 0.38958333333333334
0 0.4239010989010989 0.5548611111111111 0.3873626373626374 0.48888888888888893
0 0.48928571428571427 0.6427083333333333 0.782967032967033 0.9868055555555556
0 0.47417582417582416 0.6239583333333334 0.7516483516483516 0.9437500000000001
0 0.4604395604395604 0.6079861111111111 0.7769230769230769 0.9868055555555556
0 0.6420329670329671 0.83125 0.3412087912087912 0.4375
0 0.6258241758241758 0.8173611111111111 0.2868131868131868 0.35833333333333334
0 0.6192307692307693 0.810763888888889 0.2692307692307692 0.34375
0 0.4593406593406593 0.6065972222222222 0.03406593406593406 0.03125
0 0.5898351648351648 0.7729166666666667 0.053296703296703295 0.07777777777777778
0 0.5252747252747253 0.690625 0.27582417582417584 0.34652777777777777
0 0.3521978021978022 0.4701388888888889 0.510989010989011 0.6458333333333334
0 0.3 0.4059027777777778 0.4901098901098901 0.6395833333333334
0 0.2782967032967033 0.37604166666666666 0.3532967032967033 0.45208333333333334
