0 0.225 0.3072916666666667 0.043406593406593405 0.05486111111111111
0 0.21593406593406594 0.29270833333333335 0.1087912087912088 0.15069444444444444
0 0.24835164835164836 0.3388888888888889 0.017582417582417582 0.029166666666666667
0 0.325 0.43854166666666666 0.4126373626373626 0.5395833333333333
0 0.4013736263736264 0.5361111111111111 0.21703296703296704 0.27361111111111114
0 0.4337912087912088 0.576388888888889 0.25 0.32916666666666666
0 0.5925824175824176 0.7746527777777779 0.14560439560439561 0.18680555555555556
0 0.6027472527472527 0.790625 0.13296703296703297 0.17847222222222223
0 0.6 0.7833333333333333 0.11318681318681319 0.13055555555555556
0 0.4167582417582418 0.5486111111111112 0.2554945054945055 0.325
0 0.446978021978022 0.5868055555555556 0.19285714285714287 0.2611111111111111
0 0.37032967032967035 0.49375 0.4175824175824176 0.513888888888889
0 0.7266483516483516 0.9465277777777779 0.2521978021978022 0.31527777777777777
0 0.442032967032967 0.5868055555555556 0.7214285714285714 0.913888888888889
0 0.44560439560439563 0.5857638888888889 0.7461538461538462 0.9618055555555556
