0 0.2076923076923077 0.28784722222222225 0.11758241758241758 0.1590277777777778
0 0.17472527472527472 0.24375000000000002 0.001098901098901099 0.005555555555555556
0 0.21346153846153845 0.29270833333333335 0.1478021978021978 0.17291666666666666
0 0.3239010989010989 0.43472222222222223 0.3313186813186813 0.43194444444444446
0 0.3706043956043956 0.48541666666666666 0.3456043956043956 0.43472222222222223
0 0.4129120879120879 0.5409722222222222 0.29285714285714287 0.3736111111111111
0 0.5063186813186813 0.6611111111111111 0.6368131868131868 0.7875
0 0.4370879120879121 0.5736111111111112 0.7456043956043956 0.9569444444444445
0 0.5453296703296703 0.7107638888888889 0.7324175824175824 0.9173611111111112
0 0.739010989010989 0.95625 0.37032967032967035 0.4486111111111111
0 0.7403846153846154 0.9586805555555556 0.3532967032967033 0.42708333333333337
0 0.635989010989011 0.8222222222222223 0.19615384615384615 0.23611111111111113
0 0.4739010989010989 0.6222222222222222 0.2379120879120879 0.31666666666666665
0 0.5148351648351648 0.6763888888888889 0.25164835164835164 0.33333333333333337
0 0.5835164835164836 0.763888888888889 0.17362637362637362 0.2013888888888889
0 0.40494505494505495 0.5354166666666667 0.367032967032967 0.4638888888888889
0 0.39175824175824175 0.5208333333333334 0.4153846153846154 0.5444444444444445
0 0.2887362637362637 0.3857638888888889 0.46098901098901096 0.5993055555555555
