0 0.15934065934065933 0.215625 0.23736263736263735 0.3104166666666667
0 0.18186813186813186 0.2465277777777778 0.07362637362637363 0.09583333333333334
0 0.22445054945054946 0.3038194444444445 0.2510989010989011 0.29791666666666666
0 0.25851648351648354 0.34097222222222223 0.17527472527472526 0.2263888888888889
0 0.2574175824175824 0.3375 0.18956043956043955 0.23333333333333334
0 0.23708791208791208 0.3138888888888889 0.2587912087912088 0.3236111111111111
0 0.31126373626373627 0.4083333333333333 0.43351648351648353 0.5569444444444445
0 0.4502747252747253 0.5847222222222223 0.5005494505494505 0.6305555555555555
0 0.4453296703296703 0.5756944444444445 0.539010989010989 0.6875
0 0.41016483516483515 0.5350694444444445 0.5620879120879121 0.7131944444444445
0 0.5271978021978022 0.6815972222222223 0.7521978021978022 0.9493055555555556
0 0.5005494505494505 0.6472222222222223 0.710989010989011 0.8930555555555556
0 0.47527472527472525 0.6145833333333334 0.7791208791208791 0.9833333333333334
0 0.5527472527472528 0.7177083333333334 0.6263736263736264 0.795138888888889
0 0.5719780219780219 0.7378472222222222 0.6483516483516484 0.8229166666666667
0 0.3994505494505495 0.5166666666666667 0.6494505494505495 0.8111111111111111
0 0.6975274725274725 0.8965277777777778 0.39395604395604394 0.5
0 0.720054945054945 0.9239583333333333 0.3489010989010989 0.4340277777777778
0 0.7085164835164836 0.9128472222222223 0.2675824175824176 0.34652777777777777
0 0.5898351648351648 0.7614583333333333 0.2554945054945055 0.3145833333333333
0 0.5662087912087912 0.7309027777777778 0.2587912087912088 0.32430555555555557
0 0.6002747252747253 0.7725694444444444 0.39615384615384613 0.5118055555555556
0 0.6244505494505495 0.8027777777777778 0.4126373626373626 0.5180555555555556
0 0.6373626373626373 0.8232638888888889 0.43736263736263736 0.55625
0 0.6582417582417582 0.8451388888888889 0.44395604395604393 0.5652777777777778
0 0.5052197802197802 0.6538194444444445 0.06978021978021978 0.07847222222222222
0 0.5131868131868131 0.6652777777777779 0.12087912087912088 0.15416666666666667
0 0.573076923076923 0.740625 0.11318681318681319 0.1326388888888889
0 0.45494505494505494 0.5881944444444445 0.1967032967032967 0.2388888888888889
0 0.2785714285714286 0.36909722222222224 0.5164835164835165 0.6590277777777778
0 0.26373626373626374 0.35208333333333336 0.3120879120879121 0.39722222222222225
0 0.28818681318681316 0.37777777777777777 0.2895604395604396 0.35833333333333334
