0 0.2783203125 0.5131944444444445 0.033984375000000004 0.05
0 0.23261718750000002 0.4326388888888889 0.024609375000000003 0.03888888888888889
0 0.2322265625 0.4340277777777778 0.056640625 0.11944444444444445
0 0.18476562500000002 0.3451388888888889 0.12265625000000001 0.2111111111111111
0 0.146875 0.278125 0.08359375000000001 0.13819444444444445
0 0.17988281250000002 0.33611111111111114 0.056640625 0.10555555555555556
0 0.34980468750000004 0.6413194444444444 0.270703125 0.4979166666666667
0 0.3482421875 0.634375 0.234765625 0.42291666666666666
0 0.27871093750000003 0.5149305555555556 0.471484375 0.820138888888889
0 0.299609375 0.5520833333333334 0.45937500000000003 0.8305555555555556
0 0.272265625 0.49895833333333334 0.48515625 0.8673611111111111
0 0.35664062500000004 0.654513888888889 0.2609375 0.46319444444444446
0 0.42910156250000003 0.7826388888888889 0.183984375 0.325
0 0.4443359375 0.8069444444444445 0.220703125 0.4013888888888889
0 0.475390625 0.865625 0.07109375 0.12708333333333333
0 0.48359375000000004 0.8791666666666667 0.09609375 0.17777777777777778
0 0.5416015625 0.9815972222222222 0.094921875 0.1590277777777778
0 0.5134765625000001 0.9395833333333333 0.517578125 0.9263888888888889
0 0.5140625 0.9381944444444444 0.40390625 0.7194444444444444
0 0.4587890625 0.835763888888889 0.443359375 0.7673611111111112
0 0.520703125 0.9427083333333334 0.44453125000000004 0.7798611111111111
