0 0.12005494505494506 0.17256944444444444 0.06208791208791209 0.07569444444444445
0 0.25384615384615383 0.34097222222222223 0.14285714285714285 0.1736111111111111
0 0.2620879120879121 0.35034722222222225 0.11208791208791209 0.15069444444444444
0 0.29917582417582417 0.3996527777777778 0.40824175824175823 0.5284722222222222
0 0.3631868131868132 0.48159722222222223 0.4043956043956044 0.50625
0 0.33296703296703295 0.4357638888888889 0.14945054945054945 0.19791666666666669
0 0.4634615384615385 0.6052083333333333 0.49175824175824173 0.607638888888889
0 0.5041208791208791 0.6663194444444445 0.6587912087912088 0.8243055555555556
0 0.5846153846153846 0.7621527777777778 0.6912087912087912 0.8520833333333334
0 0.6324175824175824 0.8163194444444445 0.14505494505494507 0.16875
0 0.6206043956043956 0.8013888888888889 0.4478021978021978 0.5791666666666667
0 0.7387362637362638 0.9503472222222222 0.39175824175824175 0.5048611111111111
0 0.7428571428571429 0.9545138888888889 0.3802197802197802 0.4715277777777778
0 0.5673076923076923 0.7395833333333334 0.18956043956043955 0.2263888888888889
0 0.49752747252747254 0.6482638888888889 0.23131868131868133 0.29375
0 0.5736263736263736 0.7440972222222223 0.06593406593406594 0.06736111111111111
0 0.46703296703296704 0.6083333333333334 0.013186813186813187 0.018055555555555557
0 0.3208791208791209 0.42638888888888893 0.4747252747252747 0.6027777777777777
0 0.31675824175824174 0.4222222222222222 0.4532967032967033 0.576388888888889
0 0.3524725274725275 0.465625 0.45879120879120877 0.5909722222222222
