0 0.15494505494505495 0.21875 0.06263736263736264 0.08333333333333334
0 0.17884615384615385 0.25104166666666666 0.013736263736263736 0.015972222222222224
0 0.14862637362637363 0.21284722222222224 0.02142857142857143 0.029861111111111113
0 0.33379120879120877 0.4465277777777778 0.21923076923076923 0.2555555555555556
0 0.38543956043956046 0.5097222222222222 0.19395604395604396 0.23472222222222222
0 0.4247252747252747 0.55625 0.3868131868131868 0.4847222222222222
0 0.5057692307692307 0.6625 0.771978021978022 0.9652777777777778
0 0.46675824175824177 0.6135416666666667 0.7543956043956044 0.9618055555555556
0 0.46098901098901096 0.6045138888888889 0.7604395604395604 0.9715277777777778
0 0.6543956043956044 0.8489583333333334 0.35934065934065934 0.45069444444444445
0 0.646978021978022 0.8416666666666667 0.17417582417582417 0.20416666666666666
0 0.7623626373626373 0.9871527777777778 0.28186813186813187 0.34375
0 0.5112637362637362 0.6704861111111111 0.2510989010989011 0.33263888888888893
0 0.49862637362637363 0.6565972222222223 0.2554945054945055 0.33263888888888893
0 0.46016483516483514 0.6090277777777778 0.19065934065934065 0.2555555555555556
