0 0.29423076923076924 0.3947916666666667 0.019230769230769232 0.02847222222222222
0 0.16675824175824175 0.234375 0.03901098901098901 0.04930555555555556
0 0.18434065934065935 0.2548611111111111 0.007142857142857143 0.02361111111111111
0 0.3230769230769231 0.42847222222222225 0.310989010989011 0.4
0 0.3425824175824176 0.4572916666666667 0.382967032967033 0.50625
0 0.4065934065934066 0.53125 0.35714285714285715 0.44027777777777777
0 0.4307692307692308 0.565625 0.6032967032967033 0.7493055555555556
0 0.439010989010989 0.5774305555555556 0.5637362637362637 0.6923611111111111
0 0.4868131868131868 0.6402777777777778 0.7648351648351648 0.9555555555555556
0 0.7038461538461539 0.9114583333333334 0.4 0.4840277777777778
0 0.6304945054945055 0.8152777777777778 0.3423076923076923 0.4416666666666667
0 0.7420329670329671 0.9604166666666667 0.1543956043956044 0.20972222222222223
0 0.5005494505494505 0.6576388888888889 0.004395604395604396 0.015277777777777779
0 0.5208791208791209 0.6861111111111111 0.0 0.0
0 0.531043956043956 0.6972222222222223 0.06648351648351648 0.08194444444444444
0 0.3914835164835165 0.5211805555555555 0.40494505494505495 0.5201388888888889
0 0.3752747252747253 0.49895833333333334 0.46263736263736266 0.5701388888888889
0 0.3478021978021978 0.46493055555555557 0.4978021978021978 0.6215277777777778
