0 0.11895604395604395 0.165625 0.16648351648351647 0.2215277777777778
0 0.1326923076923077 0.18715277777777778 0.02032967032967033 0.029861111111111113
0 0.160989010989011 0.22256944444444446 0.04835164835164835 0.06041666666666667
0 0.37445054945054945 0.48958333333333337 0.2423076923076923 0.31527777777777777
0 0.4277472527472527 0.5579861111111112 0.6104395604395605 0.7770833333333333
0 0.36456043956043954 0.48055555555555557 0.40824175824175823 0.5166666666666667
0 0.3008241758241758 0.39722222222222225 0.2631868131868132 0.32083333333333336
0 0.38983516483516484 0.5111111111111112 0.47307692307692306 0.5875
0 0.5027472527472527 0.6520833333333333 0.13186813186813187 0.16944444444444445
0 0.5131868131868131 0.6649305555555556 0.12417582417582418 0.1590277777777778
0 0.6714285714285714 0.8642361111111111 0.14725274725274726 0.17708333333333334
0 0.6596153846153846 0.8493055555555555 0.1412087912087912 0.1763888888888889
0 0.704945054945055 0.90625 0.15714285714285714 0.19722222222222224
0 0.6456043956043956 0.8315972222222222 0.17362637362637362 0.22291666666666668
0 0.6296703296703297 0.8090277777777778 0.13516483516483516 0.15972222222222224
0 0.5645604395604396 0.7329861111111111 0.5137362637362637 0.6687500000000001
0 0.5752747252747252 0.7458333333333333 0.7175824175824176 0.8986111111111111
0 0.47417582417582416 0.6118055555555556 0.5263736263736264 0.6611111111111111
