0 0.1244140625 0.23819444444444446 0.094140625 0.15
0 0.1337890625 0.25833333333333336 0.06992187500000001 0.10555555555555556
0 0.1537109375 0.30173611111111115 0.118359375 0.20902777777777778
0 0.2392578125 0.44756944444444446 0.06992187500000001 0.12013888888888889
0 0.2984375 0.5496527777777778 0.09531250000000001 0.15486111111111112
0 0.319140625 0.5892361111111112 0.051562500000000004 0.07013888888888889
0 0.34980468750000004 0.6420138888888889 0.201171875 0.3701388888888889
0 0.37910156250000004 0.6961805555555556 0.11992187500000001 0.2215277777777778
0 0.306640625 0.5670138888888889 0.16015625 0.2590277777777778
0 0.3775390625 0.6989583333333333 0.164453125 0.3090277777777778
0 0.4177734375 0.7635416666666667 0.308203125 0.5243055555555556
0 0.34902343750000003 0.6423611111111112 0.272265625 0.5041666666666667
0 0.31953125000000004 0.5927083333333334 0.3375 0.5965277777777778
0 0.3115234375 0.5739583333333333 0.41835937500000003 0.732638888888889
0 0.30625 0.5628472222222223 0.27578125000000003 0.5104166666666667
0 0.432421875 0.7916666666666667 0.030468750000000003 0.04166666666666667
0 0.45625000000000004 0.8333333333333334 0.10312500000000001 0.19444444444444445
0 0.4619140625 0.84375 0.099609375 0.1875
0 0.5224609375 0.9482638888888889 0.40742187500000004 0.7034722222222223
0 0.49062500000000003 0.8902777777777778 0.54921875 0.9944444444444445
0 0.429296875 0.7829861111111112 0.54609375 0.982638888888889
