0 0.4035714285714286 0.5322916666666667 0.19175824175824177 0.2520833333333333
0 0.4104395604395604 0.5354166666666667 0.2945054945054945 0.35694444444444445
0 0.24478021978021977 0.325 0.19175824175824177 0.23333333333333334
0 0.4684065934065934 0.6107638888888889 0.11373626373626373 0.14097222222222222
0 0.5214285714285715 0.6736111111111112 0.13296703296703297 0.15833333333333333
0 0.5851648351648352 0.757638888888889 0.11648351648351649 0.16111111111111112
0 0.5543956043956044 0.7194444444444444 0.08681318681318681 0.11944444444444445
0 0.23049450549450548 0.3059027777777778 0.1401098901098901 0.17569444444444446
0 0.24587912087912087 0.3277777777777778 0.22802197802197802 0.28055555555555556
0 0.1337912087912088 0.1875 0.026923076923076925 0.03333333333333333
0 0.12582417582417582 0.17743055555555556 0.016483516483516484 0.011805555555555555
0 0.15054945054945054 0.203125 0.23846153846153847 0.30486111111111114
0 0.44945054945054946 0.5875 0.7417582417582418 0.9180555555555556
0 0.4208791208791209 0.5520833333333334 0.6395604395604395 0.8027777777777778
0 0.41703296703296705 0.5420138888888889 0.6373626373626373 0.7923611111111112
0 0.6752747252747253 0.8715277777777778 0.14725274725274726 0.17083333333333334
0 0.685989010989011 0.8809027777777778 0.1686813186813187 0.20625000000000002
0 0.7403846153846154 0.9565972222222222 0.2456043956043956 0.29791666666666666
0 0.34175824175824177 0.45416666666666666 0.5208791208791209 0.6736111111111112
0 0.37252747252747254 0.496875 0.5296703296703297 0.6770833333333334
0 0.4423076923076923 0.5774305555555556 0.5076923076923077 0.6409722222222223
0 0.43324175824175826 0.5715277777777777 0.5642857142857143 0.7069444444444445
