0 0.310989010989011 0.4083333333333333 0.26703296703296703 0.34444444444444444
0 0.3181318681318681 0.41909722222222223 0.13736263736263737 0.17708333333333334
0 0.30467032967032964 0.40902777777777777 0.4137362637362637 0.5388888888888889
0 0.2164835164835165 0.29375 0.2703296703296703 0.3416666666666667
0 0.2118131868131868 0.28506944444444443 0.27197802197802196 0.33263888888888893
0 0.2563186813186813 0.3420138888888889 0.20164835164835165 0.2701388888888889
0 0.1315934065934066 0.1795138888888889 0.002747252747252747 0.011805555555555555
0 0.2337912087912088 0.30659722222222224 0.1357142857142857 0.17847222222222223
0 0.303021978021978 0.3947916666666667 0.49175824175824173 0.6256944444444444
0 0.3021978021978022 0.40034722222222224 0.4868131868131868 0.6229166666666667
0 0.29285714285714287 0.3902777777777778 0.4714285714285714 0.5944444444444444
0 0.5815934065934066 0.7524305555555556 0.004945054945054945 0.017361111111111112
0 0.49148351648351646 0.6409722222222223 0.12912087912087913 0.15972222222222224
0 0.5865384615384616 0.7572916666666667 0.12912087912087913 0.15763888888888888
0 0.582967032967033 0.7548611111111111 0.14835164835164835 0.1875
0 0.5728021978021978 0.7475694444444445 0.5478021978021979 0.7118055555555556
0 0.44395604395604393 0.5836805555555555 0.734065934065934 0.9409722222222222
0 0.45879120879120877 0.5972222222222222 0.5813186813186814 0.7486111111111111
0 0.6843406593406594 0.8809027777777778 0.1686813186813187 0.20486111111111113
0 0.7381868131868132 0.9493055555555556 0.3324175824175824 0.43194444444444446
0 0.6296703296703297 0.8118055555555556 0.13296703296703297 0.16527777777777777
0 0.6285714285714286 0.8125 0.15494505494505495 0.19305555555555556
