0 0.23626373626373626 0.31666666666666665 0.25054945054945055 0.3055555555555556
0 0.17417582417582417 0.23958333333333334 0.0945054945054945 0.11111111111111112
0 0.19203296703296704 0.2607638888888889 0.05549450549450549 0.07569444444444445
0 0.2423076923076923 0.3263888888888889 0.2175824175824176 0.27361111111111114
0 0.3903846153846154 0.5170138888888889 0.17967032967032967 0.23819444444444446
0 0.4129120879120879 0.5385416666666667 0.21813186813186813 0.2715277777777778
0 0.42994505494505497 0.5663194444444445 0.5412087912087912 0.6687500000000001
0 0.4434065934065934 0.5774305555555556 0.521978021978022 0.6423611111111112
0 0.4978021978021978 0.6538194444444445 0.7670329670329671 0.9576388888888889
0 0.6277472527472527 0.8100694444444445 0.13901098901098902 0.16180555555555556
0 0.6615384615384615 0.8534722222222223 0.15714285714285714 0.18611111111111112
0 0.7038461538461539 0.9059027777777778 0.15604395604395604 0.20208333333333334
0 0.6450549450549451 0.8305555555555556 0.17472527472527472 0.22777777777777777
0 0.47637362637362635 0.6211805555555556 0.11868131868131868 0.15208333333333335
0 0.47115384615384615 0.6159722222222223 0.11703296703296703 0.15
0 0.595054945054945 0.7694444444444445 0.07252747252747253 0.09027777777777778
0 0.5101648351648351 0.6611111111111111 0.17527472527472526 0.23194444444444445
0 0.40082417582417584 0.5229166666666667 0.4467032967032967 0.5722222222222223
0 0.4392857142857143 0.5739583333333333 0.3697802197802198 0.4840277777777778
0 0.3901098901098901 0.5090277777777777 0.5318681318681319 0.6666666666666667
