0 0.19257812500000002 0.3635416666666667 0.14375000000000002 0.26875
0 0.20039062500000002 0.3805555555555556 0.146875 0.28055555555555556
0 0.1728515625 0.3354166666666667 0.027734375000000002 0.04583333333333334
0 0.3115234375 0.5795138888888889 0.083984375 0.15763888888888888
0 0.347265625 0.6409722222222223 0.25078125 0.4291666666666667
0 0.33808593750000004 0.6229166666666667 0.220703125 0.3861111111111111
0 0.2521484375 0.4708333333333333 0.37617187500000004 0.6833333333333333
0 0.23984375000000002 0.453125 0.24140625000000002 0.41458333333333336
0 0.2525390625 0.4746527777777778 0.21210937500000002 0.3729166666666667
0 0.4107421875 0.7527777777777778 0.121484375 0.2388888888888889
0 0.394140625 0.7284722222222223 0.0078125 0.002777777777777778
0 0.46015625000000004 0.8461805555555556 0.15156250000000002 0.2729166666666667
0 0.4724609375 0.8635416666666667 0.5261718750000001 0.9590277777777778
0 0.5294921875 0.9635416666666667 0.246484375 0.42986111111111114
