0 0.27664835164835166 0.3746527777777778 0.12582417582417582 0.15069444444444444
0 0.2796703296703297 0.38125000000000003 0.11318681318681319 0.13333333333333333
0 0.321978021978022 0.434375 0.07692307692307693 0.08263888888888889
0 0.32142857142857145 0.4340277777777778 0.35604395604395606 0.46944444444444444
0 0.34203296703296704 0.46145833333333336 0.37857142857142856 0.5104166666666667
0 0.34615384615384615 0.46493055555555557 0.4142857142857143 0.5437500000000001
0 0.5813186813186814 0.7583333333333334 0.04285714285714286 0.075
0 0.6035714285714285 0.7871527777777778 0.07747252747252747 0.07847222222222222
0 0.6217032967032967 0.8111111111111111 0.00934065934065934 0.02361111111111111
0 0.32664835164835165 0.434375 0.37747252747252746 0.49930555555555556
0 0.3557692307692308 0.4756944444444445 0.43351648351648353 0.5388888888888889
0 0.432967032967033 0.5784722222222223 0.44395604395604393 0.5347222222222222
0 0.5021978021978022 0.6611111111111111 0.5736263736263736 0.7208333333333333
0 0.656043956043956 0.8548611111111112 0.34175824175824177 0.41111111111111115
0 0.6717032967032966 0.8743055555555556 0.382967032967033 0.4777777777777778
0 0.7096153846153846 0.9170138888888889 0.18406593406593408 0.24791666666666667
