0 0.4423076923076923 0.58125 0.34065934065934067 0.4375
0 0.42554945054945054 0.5565972222222223 0.3873626373626374 0.48680555555555555
0 0.4087912087912088 0.5437500000000001 0.44395604395604393 0.5583333333333333
0 0.16071428571428573 0.22465277777777778 0.08956043956043956 0.12291666666666667
0 0.1554945054945055 0.22048611111111113 0.05274725274725275 0.07847222222222222
0 0.16785714285714284 0.23680555555555557 0.06758241758241758 0.09583333333333334
0 0.4706043956043956 0.6177083333333333 0.7675824175824176 0.9784722222222223
0 0.5065934065934066 0.665625 0.7824175824175824 0.9840277777777778
0 0.5469780219780219 0.7135416666666667 0.7016483516483516 0.8756944444444444
0 0.7587912087912088 0.9798611111111112 0.2923076923076923 0.3680555555555556
0 0.6447802197802198 0.8430555555555556 0.15989010989010988 0.19722222222222224
0 0.635989010989011 0.8291666666666667 0.18296703296703296 0.2152777777777778
0 0.5936813186813187 0.7798611111111111 0.11373626373626373 0.14722222222222223
0 0.4876373626373626 0.6420138888888889 0.2368131868131868 0.31319444444444444
0 0.4489010989010989 0.5934027777777778 0.08571428571428572 0.09652777777777778
0 0.3230769230769231 0.4354166666666667 0.3395604395604396 0.4277777777777778
0 0.3302197802197802 0.44201388888888893 0.4032967032967033 0.5104166666666667
0 0.3403846153846154 0.45555555555555555 0.4115384615384615 0.5347222222222222
