0 0.40934065934065933 0.5395833333333333 0.2010989010989011 0.2638888888888889
0 0.41236263736263734 0.5381944444444444 0.22252747252747251 0.2763888888888889
0 0.4381868131868132 0.5760416666666667 0.6785714285714286 0.8756944444444444
0 0.4909340659340659 0.6444444444444445 0.6774725274725275 0.8555555555555556
0 0.5337912087912088 0.7041666666666667 0.7708791208791209 0.9611111111111111
0 0.4269230769230769 0.5677083333333334 0.567032967032967 0.7118055555555556
0 0.49862637362637363 0.6510416666666667 0.13791208791208792 0.15763888888888888
0 0.42664835164835163 0.5600694444444445 0.03021978021978022 0.05347222222222223
0 0.4247252747252747 0.5548611111111111 0.11648351648351649 0.14444444444444446
0 0.5964285714285714 0.7784722222222222 0.04450549450549451 0.0763888888888889
0 0.6502747252747253 0.8388888888888889 0.1412087912087912 0.18055555555555555
0 0.6865384615384615 0.8875000000000001 0.1434065934065934 0.17500000000000002
0 0.6857142857142857 0.8822916666666667 0.17032967032967034 0.20902777777777778
0 0.739010989010989 0.9545138888888889 0.24285714285714285 0.30208333333333337
0 0.3543956043956044 0.46979166666666666 0.5373626373626373 0.6687500000000001
0 0.3760989010989011 0.4965277777777778 0.5335164835164835 0.6638888888888889
0 0.20467032967032966 0.2795138888888889 0.26978021978021977 0.33958333333333335
0 0.18736263736263736 0.25520833333333337 0.1989010989010989 0.23541666666666666
0 0.1782967032967033 0.24270833333333333 0.025824175824175823 0.03958333333333333
0 0.40164835164835166 0.5246527777777777 0.5065934065934066 0.6381944444444445
0 0.1337912087912088 0.184375 0.08516483516483517 0.11458333333333334
0 0.23076923076923078 0.3059027777777778 0.14725274725274726 0.17152777777777778
0 0.29203296703296705 0.3791666666666667 0.3521978021978022 0.4388888888888889
0 0.2717032967032967 0.35347222222222224 0.1565934065934066 0.19861111111111113
0 0.44505494505494503 0.584375 0.5296703296703297 0.6687500000000001
