0 0.1596153846153846 0.22291666666666668 0.07527472527472527 0.10416666666666667
0 0.15137362637362636 0.21597222222222223 0.03021978021978022 0.04583333333333334
0 0.18021978021978022 0.253125 0.06703296703296703 0.08125
0 0.44175824175824174 0.5833333333333334 0.42527472527472526 0.5236111111111111
0 0.42527472527472526 0.5559027777777777 0.38571428571428573 0.48541666666666666
0 0.4403846153846154 0.5788194444444444 0.33901098901098903 0.4326388888888889
0 0.46703296703296704 0.6145833333333334 0.5318681318681319 0.6652777777777779
0 0.47884615384615387 0.6305555555555555 0.7840659340659341 0.9902777777777778
0 0.4703296703296703 0.6145833333333334 0.7681318681318682 0.9805555555555556
0 0.6552197802197802 0.8534722222222223 0.1489010989010989 0.17500000000000002
0 0.7258241758241758 0.9343750000000001 0.3263736263736264 0.4076388888888889
0 0.7607142857142857 0.9840277777777778 0.30604395604395607 0.4013888888888889
0 0.5318681318681319 0.6996527777777778 0.02967032967032967 0.03125
0 0.5337912087912088 0.7000000000000001 0.2598901098901099 0.3375
0 0.5054945054945055 0.665625 0.25384615384615383 0.3229166666666667
0 0.34285714285714286 0.45798611111111115 0.4175824175824176 0.5326388888888889
0 0.28076923076923077 0.37986111111111115 0.44945054945054946 0.5819444444444445
0 0.27087912087912086 0.3670138888888889 0.3956043956043956 0.51875
