0 0.2673076923076923 0.3607638888888889 0.1434065934065934 0.16180555555555556
0 0.2554945054945055 0.3458333333333333 0.16373626373626374 0.18611111111111112
0 0.16016483516483515 0.22812500000000002 0.04120879120879121 0.04236111111111111
0 0.3068681318681319 0.40972222222222227 0.20714285714285716 0.25972222222222224
0 0.34065934065934067 0.45243055555555556 0.378021978021978 0.4881944444444445
0 0.4467032967032967 0.5885416666666667 0.34065934065934067 0.4118055555555556
0 0.4728021978021978 0.6208333333333333 0.6379120879120879 0.7875
0 0.4563186813186813 0.6013888888888889 0.6478021978021978 0.8222222222222223
0 0.5403846153846154 0.7059027777777778 0.739010989010989 0.9520833333333334
0 0.725 0.940625 0.128021978021978 0.1826388888888889
0 0.7497252747252747 0.9708333333333333 0.25769230769230766 0.3194444444444445
0 0.615934065934066 0.8027777777777778 0.2978021978021978 0.3819444444444445
0 0.5010989010989011 0.6559027777777778 0.19230769230769232 0.2215277777777778
0 0.5552197802197802 0.7246527777777778 0.16428571428571428 0.19791666666666669
0 0.5703296703296703 0.7489583333333334 0.1824175824175824 0.22708333333333333
0 0.3934065934065934 0.5197916666666667 0.31648351648351647 0.4104166666666667
0 0.33598901098901096 0.4479166666666667 0.42142857142857143 0.5541666666666667
0 0.2681318681318681 0.3635416666666667 0.44065934065934065 0.5743055555555556
