0 0.1554945054945055 0.21736111111111112 0.05824175824175824 0.06805555555555556
0 0.14752747252747253 0.21319444444444446 0.012637362637362638 0.018055555555555557
0 0.16813186813186815 0.2357638888888889 0.012087912087912088 0.00625
0 0.3241758241758242 0.4340277777777778 0.2989010989010989 0.3805555555555556
0 0.42554945054945054 0.5569444444444445 0.3851648351648352 0.4847222222222222
0 0.47335164835164834 0.6246527777777778 0.3335164835164835 0.4104166666666667
0 0.4574175824175824 0.6013888888888889 0.7653846153846153 0.9666666666666667
0 0.4524725274725275 0.5954861111111112 0.7467032967032967 0.9520833333333334
0 0.41620879120879123 0.55 0.7060439560439561 0.9013888888888889
0 0.6651098901098901 0.8659722222222223 0.40054945054945057 0.513888888888889
0 0.6442307692307693 0.8333333333333334 0.3456043956043956 0.44583333333333336
0 0.7480769230769231 0.9690972222222223 0.3324175824175824 0.40347222222222223
0 0.4631868131868132 0.6107638888888889 0.20659340659340658 0.27708333333333335
0 0.5076923076923077 0.6690972222222222 0.26483516483516484 0.3423611111111111
0 0.5230769230769231 0.6881944444444444 0.26153846153846155 0.34305555555555556
0 0.3354395604395604 0.45034722222222223 0.24010989010989012 0.31875000000000003
0 0.31263736263736264 0.41875 0.30439560439560437 0.37083333333333335
0 0.26456043956043956 0.3614583333333333 0.39615384615384613 0.5020833333333333
