0 0.4693359375 0.8465277777777778 0.037109375 0.061111111111111116
0 0.390625 0.7055555555555556 0.07500000000000001 0.14583333333333334
0 0.38300781250000004 0.6934027777777778 0.13007812500000002 0.23125
0 0.34882812500000004 0.6274305555555556 0.14140625 0.2451388888888889
0 0.4111328125 0.7402777777777778 0.487109375 0.8736111111111111
0 0.43085937500000004 0.7746527777777779 0.5281250000000001 0.9437500000000001
0 0.548828125 0.9819444444444445 0.31015625 0.5458333333333334
0 0.271484375 0.49722222222222223 0.45859375 0.826388888888889
0 0.2734375 0.4979166666666667 0.38593750000000004 0.6958333333333334
0 0.5388671875000001 0.9701388888888889 0.304296875 0.5375
0 0.2166015625 0.3927083333333333 0.06601562500000001 0.11736111111111111
0 0.216796875 0.39166666666666666 0.057031250000000006 0.10555555555555556
0 0.21484375 0.3875 0.07187500000000001 0.1277777777777778
0 0.46484375 0.8385416666666667 0.49531250000000004 0.86875
0 0.546484375 0.9822916666666667 0.30312500000000003 0.5381944444444444
0 0.2396484375 0.4361111111111111 0.026953125 0.05694444444444444
0 0.534765625 0.9614583333333334 0.30234375 0.5270833333333333
0 0.156640625 0.2902777777777778 0.18046875 0.3277777777777778
0 0.176171875 0.325 0.039843750000000004 0.058333333333333334
0 0.2322265625 0.4239583333333333 0.020703125000000003 0.04791666666666667
0 0.29765625 0.5368055555555555 0.0054687500000000005 0.015277777777777779
0 0.3357421875 0.6090277777777778 0.094140625 0.1763888888888889
0 0.330078125 0.5965277777777778 0.096875 0.16666666666666669
0 0.4978515625 0.8947916666666667 0.072265625 0.13402777777777777
0 0.456640625 0.8225694444444445 0.49531250000000004 0.882638888888889
0 0.4412109375 0.7937500000000001 0.073046875 0.14027777777777778
0 0.46894531250000004 0.8475694444444445 0.144921875 0.2534722222222222
0 0.284765625 0.5163194444444444 0.38671875 0.6979166666666667
0 0.4712890625 0.8524305555555556 0.498828125 0.8812500000000001
