0 0.21703296703296704 0.2934027777777778 0.24725274725274726 0.30625
0 0.11346153846153846 0.15868055555555557 0.04010989010989011 0.04791666666666667
0 0.19587912087912088 0.26284722222222223 0.06978021978021978 0.09097222222222223
0 0.24175824175824176 0.3201388888888889 0.08351648351648351 0.11388888888888889
0 0.256043956043956 0.3368055555555556 0.1901098901098901 0.23472222222222222
0 0.3107142857142857 0.40902777777777777 0.4346153846153846 0.5583333333333333
0 0.3324175824175824 0.4357638888888889 0.4593406593406593 0.5784722222222223
0 0.44368131868131866 0.5760416666666667 0.5401098901098901 0.6826388888888889
0 0.4277472527472527 0.5579861111111112 0.5620879120879121 0.7048611111111112
0 0.41236263736263734 0.5340277777777778 0.6225274725274725 0.7972222222222223
0 0.4348901098901099 0.5652777777777778 0.6401098901098901 0.8208333333333334
0 0.48956043956043954 0.6319444444444444 0.7186813186813187 0.9194444444444445
0 0.49423076923076925 0.6416666666666667 0.628021978021978 0.7791666666666667
0 0.5255494505494506 0.6826388888888889 0.7543956043956044 0.9444444444444445
0 0.5362637362637362 0.6951388888888889 0.7615384615384615 0.9583333333333334
0 0.4736263736263736 0.6149305555555555 0.7791208791208791 0.9840277777777778
0 0.6983516483516483 0.8986111111111111 0.3901098901098901 0.4902777777777778
0 0.6173076923076923 0.7972222222222223 0.4434065934065934 0.5722222222222223
0 0.6005494505494505 0.773263888888889 0.3967032967032967 0.5118055555555556
0 0.5909340659340659 0.7635416666666667 0.260989010989011 0.3284722222222222
0 0.5653846153846154 0.7291666666666667 0.25824175824175827 0.3194444444444445
0 0.6 0.7722222222222223 0.14505494505494507 0.19583333333333333
0 0.6329670329670329 0.8166666666666667 0.11098901098901098 0.13611111111111113
0 0.6236263736263736 0.8013888888888889 0.4087912087912088 0.5180555555555556
0 0.5071428571428571 0.6555555555555556 0.0879120879120879 0.12222222222222223
0 0.4898351648351648 0.6326388888888889 0.08296703296703296 0.11388888888888889
0 0.4472527472527473 0.5822916666666667 0.17472527472527472 0.21875
0 0.4563186813186813 0.5916666666666667 0.19615384615384615 0.23750000000000002
0 0.2571428571428571 0.33993055555555557 0.3758241758241758 0.4756944444444445
0 0.27774725274725276 0.36458333333333337 0.4104395604395604 0.5125000000000001
0 0.2876373626373626 0.37743055555555555 0.2895604395604396 0.35625
