0 0.29238281250000003 0.5381944444444444 0.021484375 0.022222222222222223
0 0.21015625000000002 0.3947916666666667 0.0054687500000000005 0.00625
0 0.20429687500000002 0.3819444444444445 0.013281250000000001 0.034722222222222224
0 0.1376953125 0.2625 0.06601562500000001 0.10555555555555556
0 0.12480468750000001 0.23923611111111112 0.09335937500000001 0.15208333333333335
0 0.12089843750000001 0.22708333333333333 0.126953125 0.225
0 0.16015625 0.29618055555555556 0.22968750000000002 0.40069444444444446
0 0.35195312500000003 0.6399305555555556 0.22187500000000002 0.40069444444444446
0 0.396484375 0.7263888888888889 0.14453125 0.24861111111111112
0 0.362890625 0.6673611111111112 0.284375 0.5125000000000001
0 0.23945312500000002 0.44409722222222225 0.4140625 0.7479166666666667
0 0.27968750000000003 0.5121527777777778 0.40625 0.7354166666666667
0 0.24335937500000002 0.4513888888888889 0.3640625 0.6319444444444444
0 0.4390625 0.7993055555555556 0.21406250000000002 0.39305555555555555
0 0.4419921875 0.803125 0.20273437500000002 0.37430555555555556
0 0.5130859375 0.9336805555555556 0.11992187500000001 0.21041666666666667
0 0.5027343750000001 0.9163194444444445 0.10703125000000001 0.19375
0 0.47382812500000004 0.8600694444444444 0.08750000000000001 0.17152777777777778
0 0.5083984375 0.9236111111111112 0.487109375 0.8791666666666667
0 0.5126953125 0.9364583333333334 0.380859375 0.670138888888889
0 0.5197265625 0.9440972222222223 0.358984375 0.61875
0 0.5078125 0.9180555555555556 0.465625 0.8402777777777778
0 0.29238281250000003 0.5381944444444444 0.021484375 0.022222222222222223
0 0.21015625000000002 0.3947916666666667 0.0054687500000000005 0.00625
0 0.20429687500000002 0.3819444444444445 0.013281250000000001 0.034722222222222224
0 0.1376953125 0.2625 0.06601562500000001 0.10555555555555556
0 0.12480468750000001 0.23923611111111112 0.09335937500000001 0.15208333333333335
0 0.12089843750000001 0.22708333333333333 0.126953125 0.225
0 0.16015625 0.29618055555555556 0.22968750000000002 0.40069444444444446
0 0.35195312500000003 0.6399305555555556 0.22187500000000002 0.40069444444444446
0 0.396484375 0.7263888888888889 0.14453125 0.24861111111111112
0 0.362890625 0.6673611111111112 0.284375 0.5125000000000001
0 0.23945312500000002 0.44409722222222225 0.4140625 0.7479166666666667
0 0.27968750000000003 0.5121527777777778 0.40625 0.7354166666666667
0 0.24335937500000002 0.4513888888888889 0.3640625 0.6319444444444444
0 0.4390625 0.7993055555555556 0.21406250000000002 0.39305555555555555
0 0.4419921875 0.803125 0.20273437500000002 0.37430555555555556
0 0.5130859375 0.9336805555555556 0.11992187500000001 0.21041666666666667
0 0.5027343750000001 0.9163194444444445 0.10703125000000001 0.19375
0 0.47382812500000004 0.8600694444444444 0.08750000000000001 0.17152777777777778
0 0.5083984375 0.9236111111111112 0.487109375 0.8791666666666667
0 0.5126953125 0.9364583333333334 0.380859375 0.670138888888889
0 0.5197265625 0.9440972222222223 0.358984375 0.61875
0 0.5078125 0.9180555555555556 0.465625 0.8402777777777778
