0 0.12225274725274725 0.17569444444444446 0.10054945054945055 0.14305555555555557
0 0.2217032967032967 0.29131944444444446 0.013736263736263736 0.024305555555555556
0 0.21868131868131868 0.2923611111111111 0.05054945054945055 0.05
0 0.2478021978021978 0.3315972222222222 0.010989010989010988 0.00625
0 0.22637362637362637 0.30312500000000003 0.23516483516483516 0.27847222222222223
0 0.32967032967032966 0.43194444444444446 0.10329670329670329 0.1277777777777778
0 0.38571428571428573 0.5059027777777778 0.16813186813186815 0.22847222222222224
0 0.27802197802197803 0.36423611111111115 0.2868131868131868 0.36041666666666666
0 0.4403846153846154 0.5729166666666667 0.548901098901099 0.6791666666666667
0 0.4340659340659341 0.5645833333333333 0.7164835164835165 0.9222222222222223
0 0.44560439560439563 0.5739583333333333 0.7153846153846154 0.90625
0 0.5052197802197802 0.6583333333333333 0.4818681318681319 0.6125
0 0.5554945054945055 0.7194444444444444 0.5362637362637362 0.6916666666666667
0 0.564010989010989 0.7253472222222223 0.6203296703296703 0.7881944444444444
0 0.5653846153846154 0.732638888888889 0.6384615384615384 0.8097222222222222
0 0.5126373626373626 0.6635416666666667 0.7857142857142857 0.9895833333333334
0 0.6972527472527472 0.9003472222222223 0.42857142857142855 0.5298611111111111
0 0.5752747252747252 0.7454861111111112 0.3769230769230769 0.47708333333333336
0 0.5697802197802198 0.7395833333333334 0.3626373626373626 0.45833333333333337
0 0.6313186813186813 0.8114583333333334 0.11978021978021978 0.13958333333333334
0 0.6653846153846154 0.8611111111111112 0.12967032967032968 0.1736111111111111
0 0.6697802197802197 0.8684027777777779 0.14175824175824175 0.18541666666666667
0 0.4950549450549451 0.6430555555555556 0.20549450549450549 0.25
0 0.5288461538461539 0.6826388888888889 0.03131868131868132 0.03333333333333333
0 0.4076923076923077 0.5302083333333334 0.010989010989010988 0.00625
0 0.40494505494505495 0.53125 0.012087912087912088 0.01388888888888889
0 0.2664835164835165 0.35000000000000003 0.3021978021978022 0.3888888888888889
0 0.40384615384615385 0.5322916666666667 0.32967032967032966 0.4395833333333333
0 0.3782967032967033 0.49756944444444445 0.30934065934065935 0.40347222222222223
0 0.37664835164835164 0.4885416666666667 0.28516483516483515 0.36875
0 0.37857142857142856 0.4902777777777778 0.3 0.3888888888888889
