0 0.15686813186813187 0.22013888888888888 0.07637362637362638 0.09444444444444444
0 0.18873626373626373 0.2638888888888889 0.01703296703296703 0.0125
0 0.14945054945054945 0.21354166666666669 0.027472527472527472 0.03819444444444445
0 0.37115384615384617 0.4947916666666667 0.43021978021978025 0.5548611111111111
0 0.4247252747252747 0.5569444444444445 0.38461538461538464 0.48750000000000004
0 0.43736263736263736 0.5746527777777778 0.3362637362637363 0.4326388888888889
0 0.4604395604395604 0.6048611111111112 0.7692307692307693 0.9777777777777779
0 0.4642857142857143 0.6065972222222222 0.756043956043956 0.9645833333333333
0 0.475 0.6253472222222223 0.782967032967033 0.9923611111111111
0 0.6846153846153846 0.8840277777777779 0.34615384615384615 0.43472222222222223
0 0.635989010989011 0.8270833333333334 0.3445054945054945 0.4486111111111111
0 0.734065934065934 0.9520833333333334 0.14065934065934066 0.18333333333333335
0 0.510989010989011 0.6690972222222222 0.24945054945054945 0.3298611111111111
0 0.44835164835164837 0.59375 0.10329670329670329 0.13055555555555556
0 0.34835164835164834 0.46493055555555557 0.26593406593406593 0.3368055555555556
0 0.33379120879120877 0.4451388888888889 0.38846153846153847 0.5083333333333333
0 0.4074175824175824 0.5427083333333333 0.41923076923076924 0.5229166666666667
