0 0.36565934065934064 0.4795138888888889 0.40824175824175823 0.5298611111111111
0 0.3945054945054945 0.5121527777777778 0.4736263736263736 0.5909722222222222
0 0.29917582417582417 0.3947916666666667 0.2598901098901099 0.3229166666666667
0 0.5021978021978022 0.6524305555555556 0.13516483516483516 0.16875
0 0.5153846153846153 0.6680555555555556 0.12747252747252746 0.15833333333333333
0 0.5285714285714286 0.6847222222222222 0.04945054945054945 0.07083333333333333
0 0.37554945054945055 0.49409722222222224 0.2489010989010989 0.30625
0 0.12994505494505496 0.18333333333333335 0.019230769230769232 0.025
0 0.15879120879120878 0.21840277777777778 0.046153846153846156 0.06041666666666667
0 0.11895604395604395 0.1670138888888889 0.16758241758241757 0.22569444444444445
0 0.25137362637362637 0.3298611111111111 0.22032967032967032 0.26805555555555555
0 0.5574175824175824 0.7197916666666667 0.19285714285714287 0.2326388888888889
0 0.6293956043956044 0.8086805555555556 0.13681318681318683 0.16041666666666668
0 0.656043956043956 0.8486111111111111 0.14175824175824175 0.1763888888888889
0 0.6725274725274726 0.8677083333333334 0.14725274725274726 0.16736111111111113
0 0.7054945054945055 0.9090277777777778 0.15384615384615385 0.20277777777777778
0 0.6423076923076924 0.8302083333333333 0.17692307692307693 0.22847222222222224
0 0.5618131868131868 0.7284722222222223 0.5170329670329671 0.6722222222222223
0 0.5656593406593406 0.7277777777777779 0.5170329670329671 0.6638888888888889
0 0.5777472527472527 0.7489583333333334 0.7082417582417583 0.8965277777777778
0 0.4728021978021978 0.6138888888888889 0.5236263736263737 0.6722222222222223
0 0.4258241758241758 0.5576388888888889 0.6087912087912087 0.7777777777777778
