0 0.20137362637362638 0.28020833333333334 0.17307692307692307 0.20069444444444445
0 0.2271978021978022 0.31180555555555556 0.17527472527472526 0.225
0 0.25 0.3416666666666667 0.007692307692307693 0.0125
0 0.317032967032967 0.42291666666666666 0.23736263736263735 0.2916666666666667
0 0.3241758241758242 0.43333333333333335 0.25824175824175827 0.3263888888888889
0 0.38186813186813184 0.5076388888888889 0.3252747252747253 0.41944444444444445
0 0.4879120879120879 0.6430555555555556 0.14285714285714285 0.17500000000000002
0 0.3456043956043956 0.46111111111111114 0.5681318681318681 0.7194444444444444
0 0.33681318681318684 0.4496527777777778 0.5428571428571428 0.7020833333333334
0 0.3543956043956044 0.47500000000000003 0.37252747252747254 0.47361111111111115
0 0.6054945054945055 0.790625 0.1945054945054945 0.23125
0 0.6173076923076923 0.8069444444444445 0.08516483516483517 0.12361111111111112
0 0.6631868131868132 0.8628472222222222 0.1076923076923077 0.12152777777777778
0 0.7527472527472527 0.9750000000000001 0.1054945054945055 0.13611111111111113
0 0.6961538461538461 0.898263888888889 0.23406593406593407 0.30625
0 0.5288461538461539 0.6892361111111112 0.7587912087912088 0.9576388888888889
0 0.44285714285714284 0.5847222222222223 0.6582417582417582 0.8527777777777779
0 0.5321428571428571 0.703125 0.4807692307692308 0.6284722222222222
