0 0.7604395604395604 0.9861111111111112 0.44395604395604393 0.55
0 0.7607142857142857 0.9861111111111112 0.26868131868131867 0.3611111111111111
0 0.45357142857142857 0.5982638888888889 0.6434065934065935 0.7923611111111112
0 0.44752747252747255 0.5871527777777777 0.7005494505494505 0.89375
0 0.5898351648351648 0.7722222222222223 0.053296703296703295 0.07083333333333333
0 0.575 0.7493055555555556 0.18186813186813186 0.2111111111111111
0 0.5582417582417583 0.7309027777777778 0.21868131868131868 0.2798611111111111
0 0.29835164835164835 0.4017361111111111 0.3065934065934066 0.37430555555555556
0 0.34917582417582416 0.47187500000000004 0.19285714285714287 0.23819444444444446
0 0.3912087912087912 0.5225694444444444 0.1835164835164835 0.2534722222222222
0 0.23241758241758242 0.3201388888888889 0.12307692307692308 0.17777777777777778
0 0.20302197802197802 0.28020833333333334 0.09725274725274725 0.13541666666666669
0 0.18269230769230768 0.2576388888888889 0.036813186813186814 0.059722222222222225
0 0.3260989010989011 0.434375 0.3730769230769231 0.47847222222222224
0 0.46291208791208793 0.6100694444444444 0.3554945054945055 0.46319444444444446
0 0.47307692307692306 0.6218750000000001 0.3021978021978022 0.3909722222222222
0 0.5862637362637363 0.7666666666666667 0.6164835164835165 0.7666666666666667
