0 0.5903846153846154 0.763888888888889 0.04120879120879121 0.04583333333333334
0 0.49615384615384617 0.6489583333333333 0.12087912087912088 0.15208333333333335
0 0.5271978021978022 0.6840277777777778 0.12692307692307692 0.1638888888888889
0 0.40576923076923077 0.534375 0.20714285714285716 0.27708333333333335
0 0.40412087912087913 0.5284722222222222 0.23901098901098902 0.31527777777777777
0 0.31456043956043955 0.4118055555555556 0.10934065934065934 0.12916666666666668
0 0.296978021978022 0.3902777777777778 0.4774725274725275 0.6111111111111112
0 0.33681318681318684 0.44270833333333337 0.3802197802197802 0.46458333333333335
0 0.38159340659340657 0.4965277777777778 0.5291208791208791 0.6638888888888889
0 0.23516483516483516 0.315625 0.23186813186813188 0.29930555555555555
0 0.22857142857142856 0.30208333333333337 0.15164835164835164 0.2
0 0.20082417582417583 0.26493055555555556 0.17307692307692307 0.21458333333333335
0 0.11291208791208791 0.1607638888888889 0.0521978021978022 0.06597222222222222
0 0.13021978021978023 0.18368055555555557 0.013186813186813187 0.025694444444444447
0 0.4725274725274725 0.6180555555555556 0.7626373626373626 0.9777777777777779
0 0.41895604395604397 0.5524305555555555 0.6983516483516483 0.86875
0 0.5752747252747252 0.7447916666666667 0.5725274725274725 0.7104166666666667
0 0.6945054945054945 0.8920138888888889 0.15604395604395604 0.19375
0 0.6403846153846153 0.8236111111111112 0.1565934065934066 0.19722222222222224
0 0.6203296703296703 0.7986111111111112 0.16373626373626374 0.2125
