0 0.2876373626373626 0.3885416666666667 0.036813186813186814 0.02847222222222222
0 0.3021978021978022 0.40972222222222227 0.0978021978021978 0.1125
0 0.32884615384615384 0.4461805555555556 0.0456043956043956 0.050694444444444445
0 0.3381868131868132 0.4513888888888889 0.21923076923076923 0.2638888888888889
0 0.38543956043956046 0.5100694444444445 0.33681318681318684 0.4326388888888889
0 0.32472527472527474 0.43854166666666666 0.3637362637362637 0.48125
0 0.5071428571428571 0.6673611111111112 0.09340659340659341 0.13194444444444445
0 0.4662087912087912 0.6152777777777778 0.2510989010989011 0.3277777777777778
0 0.47335164835164834 0.6291666666666667 0.2554945054945055 0.34305555555555556
0 0.34065934065934067 0.45798611111111115 0.3659340659340659 0.48125
0 0.5978021978021978 0.7819444444444444 0.14505494505494507 0.16527777777777777
0 0.7461538461538462 0.9652777777777778 0.2021978021978022 0.26805555555555555
0 0.4478021978021978 0.5899305555555556 0.7263736263736263 0.9298611111111111
0 0.5925824175824176 0.7739583333333334 0.6379120879120879 0.8034722222222223
0 0.5917582417582418 0.775 0.6967032967032967 0.8638888888888889
0 0.6162087912087912 0.8055555555555556 0.09175824175824175 0.1
