0 0.27802197802197803 0.3736111111111111 0.3912087912087912 0.5166666666666667
0 0.29313186813186815 0.39375 0.26978021978021977 0.35555555555555557
0 0.4164835164835165 0.553125 0.6054945054945055 0.7631944444444445
0 0.45714285714285713 0.6010416666666667 0.5912087912087912 0.7590277777777779
0 0.45082417582417583 0.5878472222222223 0.5126373626373626 0.6618055555555555
0 0.5623626373626374 0.7350694444444444 0.5258241758241758 0.6687500000000001
0 0.13434065934065934 0.18993055555555557 0.022527472527472527 0.03402777777777778
0 0.20576923076923076 0.2763888888888889 0.21153846153846154 0.275
0 0.23708791208791208 0.3184027777777778 0.20714285714285716 0.2548611111111111
0 0.4631868131868132 0.5996527777777778 0.11538461538461539 0.13541666666666669
0 0.47527472527472525 0.6194444444444445 0.10329670329670329 0.14444444444444446
0 0.4958791208791209 0.6447916666666667 0.12252747252747252 0.15347222222222223
0 0.5096153846153846 0.6635416666666667 0.02032967032967033 0.01875
0 0.6552197802197802 0.8458333333333333 0.13681318681318683 0.18472222222222223
0 0.6420329670329671 0.8277777777777778 0.1565934065934066 0.18194444444444446
0 0.7052197802197803 0.9100694444444445 0.1554945054945055 0.19791666666666669
0 0.6447802197802198 0.8326388888888889 0.1686813186813187 0.20416666666666666
0 0.3076923076923077 0.409375 0.3868131868131868 0.5034722222222222
0 0.4115384615384615 0.5354166666666667 0.24395604395604395 0.31527777777777777
0 0.32005494505494503 0.4232638888888889 0.5291208791208791 0.6659722222222223
0 0.4208791208791209 0.5486111111111112 0.27582417582417584 0.3541666666666667
