0 0.2802734375 0.5166666666666667 0.032421875 0.04583333333333334
0 0.2318359375 0.43159722222222224 0.0074218750000000005 0.024305555555555556
0 0.23261718750000002 0.43368055555555557 0.055078125000000006 0.11597222222222223
0 0.18183593750000002 0.3402777777777778 0.064453125 0.12222222222222223
0 0.1462890625 0.2767361111111111 0.08945312500000001 0.14930555555555555
0 0.129296875 0.24444444444444446 0.08359375000000001 0.1388888888888889
0 0.33203125 0.6100694444444444 0.23828125 0.43819444444444444
0 0.3484375 0.6347222222222223 0.23984375000000002 0.425
0 0.26894531250000003 0.4979166666666667 0.483203125 0.8555555555555556
0 0.31679687500000003 0.5802083333333333 0.4921875 0.8631944444444445
0 0.2833984375 0.5184027777777778 0.524609375 0.9437500000000001
0 0.4451171875 0.8069444444444445 0.224609375 0.40972222222222227
0 0.43769531250000004 0.7954861111111111 0.190234375 0.3506944444444445
0 0.355078125 0.6524305555555556 0.2484375 0.43819444444444444
0 0.47304687500000003 0.8600694444444444 0.11796875000000001 0.22569444444444445
0 0.48554687500000004 0.8836805555555556 0.09921875000000001 0.18125
0 0.550390625 0.9986111111111111 0.078125 0.13333333333333333
0 0.51875 0.9486111111111112 0.5164062500000001 0.9263888888888889
0 0.5080078125 0.9204861111111111 0.33632812500000003 0.5826388888888889
0 0.49062500000000003 0.8954861111111111 0.5125000000000001 0.9215277777777778
0 0.548046875 0.9871527777777778 0.32265625000000003 0.5673611111111111
0 0.5455078125 0.9854166666666667 0.396484375 0.6986111111111112
