0 0.14313186813186812 0.19861111111111113 0.22252747252747251 0.2847222222222222
0 0.21318681318681318 0.2868055555555556 0.25054945054945055 0.3138888888888889
0 0.2662087912087912 0.35000000000000003 0.09285714285714286 0.1277777777777778
0 0.256043956043956 0.3368055555555556 0.1912087912087912 0.23472222222222222
0 0.3107142857142857 0.40694444444444444 0.43351648351648353 0.5597222222222222
0 0.40274725274725276 0.5253472222222222 0.2725274725274725 0.34375
0 0.4291208791208791 0.5593750000000001 0.5637362637362637 0.70625
0 0.4442307692307692 0.5760416666666667 0.5445054945054945 0.6854166666666667
0 0.5041208791208791 0.6520833333333333 0.5708791208791208 0.7222222222222222
0 0.5024725274725275 0.6513888888888889 0.48736263736263735 0.6222222222222222
0 0.5255494505494506 0.6829861111111112 0.7565934065934066 0.945138888888889
0 0.5269230769230769 0.68125 0.7703296703296704 0.9611111111111111
0 0.4739010989010989 0.6142361111111111 0.7818681318681319 0.9854166666666667
0 0.41483516483516486 0.5399305555555556 0.7274725274725274 0.920138888888889
0 0.4032967032967033 0.5243055555555556 0.6252747252747253 0.7944444444444445
0 0.7195054945054945 0.9263888888888889 0.3576923076923077 0.43472222222222223
0 0.6986263736263736 0.898263888888889 0.39065934065934066 0.48541666666666666
0 0.6008241758241758 0.7736111111111111 0.3983516483516483 0.513888888888889
0 0.5898351648351648 0.7607638888888889 0.4236263736263736 0.5354166666666667
0 0.5895604395604396 0.7621527777777778 0.27582417582417584 0.33958333333333335
0 0.5662087912087912 0.7305555555555556 0.25659340659340657 0.32222222222222224
0 0.5675824175824176 0.7315972222222222 0.2087912087912088 0.2743055555555556
0 0.6486263736263737 0.8329861111111111 0.3291208791208791 0.4076388888888889
0 0.4835164835164835 0.6277777777777778 0.06153846153846154 0.07222222222222223
0 0.4607142857142857 0.5979166666666667 0.18956043956043955 0.23750000000000002
0 0.5651098901098901 0.7298611111111112 0.028021978021978023 0.02777777777777778
0 0.5480769230769231 0.7076388888888889 0.05549450549450549 0.06527777777777778
0 0.26456043956043956 0.35034722222222225 0.37857142857142856 0.4715277777777778
0 0.32060439560439563 0.4204861111111111 0.25 0.3104166666666667
0 0.289010989010989 0.3770833333333333 0.2879120879120879 0.3541666666666667
