0 0.4697265625 0.8475694444444445 0.037109375 0.06319444444444444
0 0.41152343750000003 0.7409722222222223 0.487890625 0.875
0 0.548828125 0.9819444444444445 0.31015625 0.5458333333333334
0 0.5388671875000001 0.9701388888888889 0.304296875 0.5375
0 0.390234375 0.7048611111111112 0.07500000000000001 0.14444444444444446
0 0.2974609375 0.5392361111111111 0.005078125 0.01875
0 0.408203125 0.7388888888888889 0.14453125 0.24583333333333335
0 0.5353515625 0.9614583333333334 0.30195312500000004 0.5243055555555556
0 0.546484375 0.9815972222222222 0.30312500000000003 0.5381944444444444
0 0.14921875 0.2798611111111111 0.00390625 0.009722222222222222
0 0.1599609375 0.2947916666666667 0.065234375 0.10486111111111111
0 0.21640625000000002 0.3927083333333333 0.05234375 0.09791666666666667
0 0.2171875 0.39305555555555555 0.06406250000000001 0.11388888888888889
0 0.22128906250000002 0.40625 0.027734375000000002 0.04583333333333334
0 0.23750000000000002 0.4329861111111111 0.025 0.05347222222222223
0 0.33203125 0.6006944444444444 0.09609375 0.17916666666666667
0 0.33535156250000003 0.607638888888889 0.095703125 0.17777777777777778
0 0.4990234375 0.8954861111111111 0.029296875 0.052083333333333336
0 0.48945312500000004 0.878125 0.06484375 0.11875000000000001
0 0.419921875 0.7590277777777779 0.0171875 0.043055555555555555
0 0.3814453125 0.6916666666666667 0.135546875 0.24027777777777778
0 0.3681640625 0.6625 0.106640625 0.18333333333333335
0 0.283203125 0.5145833333333334 0.353125 0.6402777777777778
0 0.27109375 0.4930555555555556 0.38359375 0.6930555555555555
0 0.2732421875 0.5017361111111112 0.46132812500000003 0.8243055555555556
0 0.43046875 0.7739583333333334 0.52734375 0.945138888888889
0 0.4458984375 0.8027777777777778 0.46914062500000003 0.8291666666666667
0 0.45859375 0.8239583333333333 0.43125 0.757638888888889
0 0.46503906250000004 0.8388888888888889 0.495703125 0.8680555555555556
0 0.4697265625 0.851388888888889 0.491796875 0.8875000000000001
