0 0.4409340659340659 0.5864583333333333 0.7214285714285714 0.9340277777777778
0 0.4846153846153846 0.6326388888888889 0.7769230769230769 0.9875
0 0.48846153846153845 0.6454861111111111 0.5296703296703297 0.6687500000000001
0 0.3447802197802198 0.4638888888888889 0.3873626373626374 0.48888888888888893
0 0.38653846153846155 0.5111111111111112 0.29725274725274725 0.3666666666666667
0 0.3925824175824176 0.5197916666666667 0.2554945054945055 0.3159722222222222
0 0.7098901098901099 0.915625 0.11538461538461539 0.15347222222222223
0 0.7120879120879121 0.9232638888888889 0.08901098901098901 0.09930555555555556
0 0.7387362637362638 0.9548611111111112 0.06868131868131869 0.10138888888888889
0 0.14807692307692308 0.2215277777777778 0.056593406593406594 0.09444444444444444
0 0.2541208791208791 0.3496527777777778 0.08956043956043956 0.08958333333333333
0 0.38653846153846155 0.515625 0.37747252747252746 0.4548611111111111
0 0.4379120879120879 0.5826388888888889 0.4747252747252747 0.6083333333333334
0 0.6104395604395605 0.8027777777777778 0.012087912087912088 0.020833333333333336
0 0.6233516483516484 0.8114583333333334 0.019230769230769232 0.004861111111111111
0 0.18214285714285713 0.25277777777777777 0.18626373626373627 0.2513888888888889
0 0.42032967032967034 0.5510416666666667 0.5340659340659341 0.6659722222222223
0 0.6175824175824176 0.8069444444444445 0.05054945054945055 0.07916666666666666
