0 0.31289062500000003 0.5767361111111111 0.0054687500000000005 0.004861111111111111
0 0.257421875 0.4777777777777778 0.12265625000000001 0.2152777777777778
0 0.20625000000000002 0.3840277777777778 0.0125 0.02777777777777778
0 0.1259765625 0.23923611111111112 0.10507812500000001 0.18958333333333335
0 0.125 0.23784722222222224 0.09296875 0.16736111111111113
0 0.1201171875 0.22777777777777777 0.107421875 0.18472222222222223
0 0.1775390625 0.3302083333333333 0.025390625 0.05763888888888889
0 0.35292968750000003 0.6402777777777778 0.219140625 0.39722222222222225
0 0.3806640625 0.6958333333333334 0.264453125 0.45416666666666666
0 0.23359375000000002 0.4326388888888889 0.40234375 0.7236111111111111
0 0.33925781250000003 0.6204861111111112 0.38320312500000003 0.6687500000000001
0 0.27890625 0.5104166666666667 0.403125 0.7277777777777779
0 0.3623046875 0.6645833333333333 0.284765625 0.5083333333333333
0 0.431640625 0.7850694444444445 0.19765625 0.36736111111111114
0 0.37324218750000004 0.6805555555555556 0.174609375 0.29583333333333334
0 0.47207031250000003 0.8583333333333334 0.08085937500000001 0.1375
0 0.513671875 0.9322916666666667 0.1265625 0.21319444444444446
0 0.478125 0.8708333333333333 0.05234375 0.08472222222222223
0 0.5107421875 0.9288194444444445 0.408984375 0.71875
0 0.5064453125 0.920138888888889 0.38789062500000004 0.7000000000000001
0 0.508203125 0.9253472222222222 0.38203125000000004 0.68125
0 0.4126953125 0.7555555555555555 0.547265625 0.9791666666666667
0 0.515234375 0.9302083333333334 0.41796875 0.7493055555555556
0 0.31289062500000003 0.5767361111111111 0.0054687500000000005 0.004861111111111111
0 0.257421875 0.4777777777777778 0.12265625000000001 0.2152777777777778
0 0.20625000000000002 0.3840277777777778 0.0125 0.02777777777777778
0 0.1259765625 0.23923611111111112 0.10507812500000001 0.18958333333333335
0 0.125 0.23784722222222224 0.09296875 0.16736111111111113
0 0.1201171875 0.22777777777777777 0.107421875 0.18472222222222223
0 0.1775390625 0.3302083333333333 0.025390625 0.05763888888888889
0 0.35292968750000003 0.6402777777777778 0.219140625 0.39722222222222225
0 0.3806640625 0.6958333333333334 0.264453125 0.45416666666666666
0 0.23359375000000002 0.4326388888888889 0.40234375 0.7236111111111111
0 0.33925781250000003 0.6204861111111112 0.38320312500000003 0.6687500000000001
0 0.27890625 0.5104166666666667 0.403125 0.7277777777777779
0 0.3623046875 0.6645833333333333 0.284765625 0.5083333333333333
0 0.431640625 0.7850694444444445 0.19765625 0.36736111111111114
0 0.37324218750000004 0.6805555555555556 0.174609375 0.29583333333333334
0 0.47207031250000003 0.8583333333333334 0.08085937500000001 0.1375
0 0.513671875 0.9322916666666667 0.1265625 0.21319444444444446
0 0.478125 0.8708333333333333 0.05234375 0.08472222222222223
0 0.5107421875 0.9288194444444445 0.408984375 0.71875
0 0.5064453125 0.920138888888889 0.38789062500000004 0.7000000000000001
0 0.508203125 0.9253472222222222 0.38203125000000004 0.68125
0 0.4126953125 0.7555555555555555 0.547265625 0.9791666666666667
0 0.515234375 0.9302083333333334 0.41796875 0.7493055555555556
