0 0.21456043956043955 0.29791666666666666 0.07087912087912088 0.07361111111111111
0 0.2063186813186813 0.2826388888888889 0.15879120879120878 0.19861111111111113
0 0.4175824175824176 0.55 0.5252747252747253 0.6722222222222223
0 0.3041208791208791 0.40625 0.260989010989011 0.3458333333333333
0 0.27005494505494504 0.36736111111111114 0.21703296703296704 0.28750000000000003
0 0.4480769230769231 0.5888888888888889 0.695054945054945 0.8777777777777778
0 0.35192307692307695 0.4666666666666667 0.28406593406593406 0.37777777777777777
0 0.22802197802197802 0.31631944444444443 0.15934065934065933 0.18125
0 0.3524725274725275 0.46979166666666666 0.3994505494505495 0.5215277777777778
0 0.4236263736263736 0.5614583333333334 0.36043956043956044 0.46875
0 0.4815934065934066 0.6347222222222223 0.1554945054945055 0.20416666666666666
0 0.5634615384615385 0.7395833333333334 0.02032967032967033 0.04861111111111111
0 0.6134615384615385 0.8020833333333334 0.1423076923076923 0.1638888888888889
0 0.7392857142857143 0.95625 0.20384615384615384 0.2555555555555556
0 0.6774725274725275 0.8819444444444445 0.08351648351648351 0.10555555555555556
0 0.6505494505494506 0.8465277777777778 0.2978021978021978 0.3888888888888889
0 0.43626373626373627 0.5774305555555556 0.6010989010989011 0.7784722222222222
0 0.4585164835164835 0.6055555555555556 0.7346153846153847 0.951388888888889
