0 0.1796875 0.3354166666666667 0.0546875 0.10416666666666667
0 0.1462890625 0.2791666666666667 0.078515625 0.1388888888888889
0 0.16816406250000002 0.31701388888888893 0.144921875 0.2659722222222222
0 0.23847656250000002 0.44270833333333337 0.017578125 0.04097222222222222
0 0.278515625 0.5135416666666667 0.03828125 0.05902777777777778
0 0.2357421875 0.44201388888888893 0.055859375 0.09930555555555556
0 0.346484375 0.6315972222222223 0.23203125000000002 0.41875
0 0.3482421875 0.6385416666666667 0.270703125 0.4951388888888889
0 0.3150390625 0.5777777777777778 0.43476562500000004 0.7902777777777779
0 0.2734375 0.5017361111111112 0.48046875 0.8604166666666667
0 0.23398437500000002 0.43368055555555557 0.39687500000000003 0.6923611111111111
0 0.35664062500000004 0.654513888888889 0.265625 0.4715277777777778
0 0.42421875000000003 0.7736111111111111 0.19687500000000002 0.33611111111111114
0 0.44375000000000003 0.8069444444444445 0.2234375 0.40972222222222227
0 0.48261718750000004 0.8767361111111112 0.10039062500000001 0.19097222222222224
0 0.4755859375 0.8666666666666667 0.174609375 0.32916666666666666
0 0.535546875 0.9697916666666667 0.109375 0.1798611111111111
0 0.50625 0.9222222222222223 0.525 0.9236111111111112
0 0.48847656250000004 0.8864583333333333 0.511328125 0.9284722222222223
0 0.5220703125 0.9434027777777778 0.44960937500000003 0.8048611111111111
