0 0.173828125 0.32916666666666666 0.1859375 0.33055555555555555
0 0.1708984375 0.32256944444444446 0.156640625 0.2673611111111111
0 0.13300781250000002 0.25659722222222225 0.07695312500000001 0.11736111111111111
0 0.306640625 0.5638888888888889 0.05859375 0.10416666666666667
0 0.2560546875 0.4743055555555556 0.113671875 0.22083333333333335
0 0.2619140625 0.48506944444444444 0.132421875 0.2576388888888889
0 0.294921875 0.5465277777777778 0.215625 0.39861111111111114
0 0.350390625 0.6409722222222223 0.24375000000000002 0.4305555555555556
0 0.39296875000000003 0.7197916666666667 0.2078125 0.3493055555555556
0 0.44472656250000003 0.8097222222222222 0.282421875 0.4847222222222222
0 0.38828125 0.7118055555555556 0.32734375000000004 0.5888888888888889
0 0.30195312500000004 0.5555555555555556 0.5164062500000001 0.9041666666666667
0 0.290625 0.5357638888888889 0.38828125 0.6756944444444445
0 0.253515625 0.46979166666666666 0.3875 0.6979166666666667
0 0.50703125 0.9225694444444444 0.01640625 0.03125
0 0.521484375 0.9500000000000001 0.06953125 0.12083333333333333
0 0.48945312500000004 0.8930555555555556 0.07265625 0.12638888888888888
0 0.5369140625000001 0.9756944444444445 0.498828125 0.8680555555555556
0 0.47480468750000004 0.8642361111111111 0.49726562500000004 0.9006944444444445
0 0.52890625 0.9597222222222223 0.39765625000000004 0.7083333333333334
0 0.5298828125 0.9652777777777778 0.38398437500000004 0.6777777777777778
