0 0.40686813186813187 0.5305555555555556 0.19945054945054946 0.24861111111111112
0 0.41593406593406596 0.5440972222222222 0.25054945054945055 0.32569444444444445
0 0.4076923076923077 0.5368055555555555 0.32967032967032966 0.4027777777777778
0 0.3401098901098901 0.4444444444444445 0.432967032967033 0.5527777777777778
0 0.5354395604395604 0.7020833333333334 0.6038461538461538 0.7486111111111111
0 0.5565934065934066 0.7239583333333334 0.48021978021978023 0.6256944444444444
0 0.5217032967032967 0.6854166666666667 0.7708791208791209 0.9736111111111111
0 0.43324175824175826 0.5701388888888889 0.5664835164835165 0.7055555555555556
0 0.45274725274725275 0.5934027777777778 0.4857142857142857 0.61875
0 0.23296703296703297 0.3145833333333333 0.256043956043956 0.30694444444444446
0 0.23818681318681317 0.3211805555555556 0.23461538461538461 0.28402777777777777
0 0.19752747252747252 0.2725694444444445 0.28076923076923077 0.3479166666666667
0 0.26153846153846155 0.346875 0.0956043956043956 0.11041666666666668
0 0.23049450549450548 0.3045138888888889 0.14560439560439561 0.18680555555555556
0 0.7436813186813187 0.9520833333333334 0.3456043956043956 0.4375
0 0.7398351648351649 0.953125 0.27307692307692305 0.3423611111111111
0 0.6862637362637363 0.882638888888889 0.17142857142857143 0.20555555555555557
0 0.670054945054945 0.8666666666666667 0.1467032967032967 0.1736111111111111
0 0.6505494505494506 0.8395833333333333 0.13956043956043956 0.18055555555555555
0 0.6277472527472527 0.8097222222222222 0.13901098901098902 0.15972222222222224
0 0.5629120879120879 0.728125 0.09395604395604396 0.10347222222222223
0 0.49340659340659343 0.6465277777777778 0.11648351648351649 0.15555555555555556
0 0.45 0.5923611111111111 0.0978021978021978 0.12083333333333333
0 0.5857142857142857 0.7607638888888889 0.13846153846153847 0.1826388888888889
0 0.36153846153846153 0.4746527777777778 0.5384615384615384 0.6770833333333334
0 0.3596153846153846 0.47534722222222225 0.528021978021978 0.6548611111111111
0 0.3489010989010989 0.4569444444444445 0.5186813186813187 0.6708333333333334
