0 0.21875 0.40972222222222227 0.041406250000000006 0.08055555555555556
0 0.2078125 0.3888888888888889 0.004687500000000001 0.009722222222222222
0 0.1267578125 0.2420138888888889 0.10117187500000001 0.18819444444444444
0 0.144921875 0.27847222222222223 0.13359375 0.22777777777777777
0 0.118359375 0.22534722222222223 0.11640625 0.21180555555555555
0 0.1173828125 0.22465277777777778 0.13007812500000002 0.23819444444444446
0 0.35078125000000004 0.6385416666666667 0.22421875000000002 0.3909722222222222
0 0.37832031250000003 0.6923611111111111 0.16757812500000002 0.3041666666666667
0 0.42031250000000003 0.7666666666666667 0.27734375 0.4902777777777778
0 0.36152343750000004 0.6631944444444444 0.28945312500000003 0.525
0 0.27890625 0.5111111111111112 0.40625 0.725
0 0.2357421875 0.4357638888888889 0.378515625 0.6618055555555555
0 0.24453125 0.4548611111111111 0.421875 0.7625000000000001
0 0.4703125 0.8565972222222222 0.0734375 0.12847222222222224
0 0.4302734375 0.7836805555555556 0.060546875 0.09097222222222223
0 0.505078125 0.9187500000000001 0.11484375000000001 0.21666666666666667
0 0.504296875 0.9128472222222223 0.3953125 0.6965277777777779
0 0.5066406250000001 0.9222222222222223 0.42890625000000004 0.7555555555555555
0 0.5458984375 0.9913194444444445 0.398046875 0.7256944444444444
0 0.5066406250000001 0.9187500000000001 0.38359375 0.6708333333333334
0 0.4859375 0.8805555555555555 0.44765625000000003 0.7875
0 0.21875 0.40972222222222227 0.041406250000000006 0.08055555555555556
0 0.2078125 0.3888888888888889 0.004687500000000001 0.009722222222222222
0 0.1267578125 0.2420138888888889 0.10117187500000001 0.18819444444444444
0 0.144921875 0.27847222222222223 0.13359375 0.22777777777777777
0 0.118359375 0.22534722222222223 0.11640625 0.21180555555555555
0 0.1173828125 0.22465277777777778 0.13007812500000002 0.23819444444444446
0 0.35078125000000004 0.6385416666666667 0.22421875000000002 0.3909722222222222
0 0.37832031250000003 0.6923611111111111 0.16757812500000002 0.3041666666666667
0 0.42031250000000003 0.7666666666666667 0.27734375 0.4902777777777778
0 0.36152343750000004 0.6631944444444444 0.28945312500000003 0.525
0 0.27890625 0.5111111111111112 0.40625 0.725
0 0.2357421875 0.4357638888888889 0.378515625 0.6618055555555555
0 0.24453125 0.4548611111111111 0.421875 0.7625000000000001
0 0.4703125 0.8565972222222222 0.0734375 0.12847222222222224
0 0.4302734375 0.7836805555555556 0.060546875 0.09097222222222223
0 0.505078125 0.9187500000000001 0.11484375000000001 0.21666666666666667
0 0.504296875 0.9128472222222223 0.3953125 0.6965277777777779
0 0.5066406250000001 0.9222222222222223 0.42890625000000004 0.7555555555555555
0 0.5458984375 0.9913194444444445 0.398046875 0.7256944444444444
0 0.5066406250000001 0.9187500000000001 0.38359375 0.6708333333333334
0 0.4859375 0.8805555555555555 0.44765625000000003 0.7875
