0 0.29531250000000003 0.5440972222222222 0.053125000000000006 0.08541666666666667
0 0.28828125 0.5326388888888889 0.0765625 0.11944444444444445
0 0.209765625 0.38958333333333334 0.025 0.059722222222222225
0 0.1396484375 0.26145833333333335 0.191796875 0.3493055555555556
0 0.12910156250000002 0.24722222222222223 0.166796875 0.30694444444444446
0 0.1314453125 0.25 0.15742187500000002 0.28750000000000003
0 0.1255859375 0.24027777777777778 0.10820312500000001 0.18611111111111112
0 0.35078125000000004 0.6381944444444445 0.22187500000000002 0.3902777777777778
0 0.3833984375 0.703125 0.121484375 0.21180555555555555
0 0.28125 0.515625 0.4078125 0.7354166666666667
0 0.2765625 0.5114583333333333 0.33906250000000004 0.6131944444444445
0 0.30605468750000003 0.5631944444444444 0.505078125 0.8833333333333334
0 0.3671875 0.670138888888889 0.30312500000000003 0.5513888888888889
0 0.42324218750000003 0.7701388888888889 0.32148437500000004 0.5569444444444445
0 0.3689453125 0.6739583333333333 0.168359375 0.28402777777777777
0 0.43867187500000004 0.8027777777777778 0.05625 0.11111111111111112
0 0.46875 0.8506944444444445 0.059375000000000004 0.11944444444444445
0 0.5220703125 0.9496527777777778 0.08554687500000001 0.15486111111111112
0 0.48203125 0.8833333333333334 0.43593750000000003 0.7833333333333333
0 0.509375 0.929513888888889 0.38906250000000003 0.68125
0 0.5216796875 0.9486111111111112 0.362890625 0.6513888888888889
0 0.544921875 0.9892361111111111 0.5453125 0.9479166666666667
0 0.29531250000000003 0.5440972222222222 0.053125000000000006 0.08541666666666667
0 0.28828125 0.5326388888888889 0.0765625 0.11944444444444445
0 0.209765625 0.38958333333333334 0.025 0.059722222222222225
0 0.1396484375 0.26145833333333335 0.191796875 0.3493055555555556
0 0.12910156250000002 0.24722222222222223 0.166796875 0.30694444444444446
0 0.1314453125 0.25 0.15742187500000002 0.28750000000000003
0 0.1255859375 0.24027777777777778 0.10820312500000001 0.18611111111111112
0 0.35078125000000004 0.6381944444444445 0.22187500000000002 0.3902777777777778
0 0.3833984375 0.703125 0.121484375 0.21180555555555555
0 0.28125 0.515625 0.4078125 0.7354166666666667
0 0.2765625 0.5114583333333333 0.33906250000000004 0.6131944444444445
0 0.30605468750000003 0.5631944444444444 0.505078125 0.8833333333333334
0 0.3671875 0.670138888888889 0.30312500000000003 0.5513888888888889
0 0.42324218750000003 0.7701388888888889 0.32148437500000004 0.5569444444444445
0 0.3689453125 0.6739583333333333 0.168359375 0.28402777777777777
0 0.43867187500000004 0.8027777777777778 0.05625 0.11111111111111112
0 0.46875 0.8506944444444445 0.059375000000000004 0.11944444444444445
0 0.5220703125 0.9496527777777778 0.08554687500000001 0.15486111111111112
0 0.48203125 0.8833333333333334 0.43593750000000003 0.7833333333333333
0 0.509375 0.929513888888889 0.38906250000000003 0.68125
0 0.5216796875 0.9486111111111112 0.362890625 0.6513888888888889
0 0.544921875 0.9892361111111111 0.5453125 0.9479166666666667
