0 0.13406593406593406 0.18645833333333334 0.010989010989010988 0.029861111111111113
0 0.19423076923076923 0.26319444444444445 0.04120879120879121 0.0625
0 0.22252747252747251 0.29444444444444445 0.26153846153846155 0.3263888888888889
0 0.22445054945054946 0.30104166666666665 0.2543956043956044 0.31875000000000003
0 0.23186813186813188 0.3059027777777778 0.13956043956043956 0.18125
0 0.34093406593406594 0.4517361111111111 0.4225274725274725 0.5520833333333334
0 0.33076923076923076 0.43020833333333336 0.4307692307692308 0.5368055555555555
0 0.41510989010989013 0.5392361111111111 0.2752747252747253 0.35625
0 0.38269230769230766 0.5024305555555556 0.17747252747252748 0.23958333333333334
0 0.5728021978021978 0.7475694444444445 0.7082417582417583 0.8756944444444444
0 0.5568681318681319 0.7267361111111111 0.7489010989010989 0.9340277777777778
0 0.42664835164835163 0.5583333333333333 0.5642857142857143 0.701388888888889
0 0.44258241758241756 0.5822916666666667 0.5357142857142857 0.6590277777777778
0 0.48956043956043954 0.6319444444444444 0.4725274725274725 0.5916666666666667
0 0.4563186813186813 0.5934027777777778 0.08626373626373626 0.12430555555555556
0 0.592032967032967 0.7666666666666667 0.08076923076923077 0.10555555555555556
0 0.5857142857142857 0.7569444444444444 0.12417582417582418 0.14444444444444446
0 0.595054945054945 0.7670138888888889 0.054945054945054944 0.06597222222222222
0 0.6862637362637363 0.8819444444444445 0.17142857142857143 0.20694444444444446
0 0.65 0.8375 0.15714285714285714 0.19722222222222224
0 0.6302197802197802 0.8125 0.13626373626373625 0.16805555555555557
0 0.7392857142857143 0.9496527777777778 0.33681318681318684 0.4354166666666667
0 0.6634615384615384 0.8538194444444445 0.13681318681318683 0.16041666666666668
0 0.3381868131868132 0.4434027777777778 0.4653846153846154 0.5784722222222223
0 0.3107142857142857 0.40520833333333334 0.506043956043956 0.6451388888888889
0 0.30824175824175826 0.41111111111111115 0.5 0.6430555555555556
