0 0.16181318681318682 0.22465277777777778 0.10054945054945055 0.13541666666666669
0 0.15604395604395604 0.21805555555555556 0.008791208791208791 0.005555555555555556
0 0.1596153846153846 0.22395833333333334 0.056593406593406594 0.08541666666666667
0 0.4247252747252747 0.5559027777777777 0.3868131868131868 0.48958333333333337
0 0.44258241758241756 0.5829861111111111 0.3335164835164835 0.4173611111111111
0 0.43846153846153846 0.5791666666666667 0.15714285714285714 0.21666666666666667
0 0.4736263736263736 0.6204861111111112 0.7626373626373626 0.9743055555555556
0 0.4604395604395604 0.609375 0.7791208791208791 0.9895833333333334
0 0.44148351648351647 0.58125 0.7565934065934066 0.9666666666666667
0 0.6722527472527473 0.8777777777777778 0.12032967032967033 0.14305555555555557
0 0.6302197802197802 0.8177083333333334 0.33076923076923076 0.4215277777777778
0 0.7434065934065934 0.9652777777777778 0.35604395604395606 0.43472222222222223
0 0.5758241758241758 0.7541666666666667 0.012087912087912088 0.030555555555555558
0 0.47802197802197804 0.6309027777777778 0.21978021978021978 0.2881944444444445
0 0.5137362637362637 0.6770833333333334 0.2714285714285714 0.3472222222222222
0 0.3315934065934066 0.4430555555555556 0.39725274725274723 0.4916666666666667
0 0.321978021978022 0.42986111111111114 0.432967032967033 0.5347222222222222
0 0.30027472527472526 0.4121527777777778 0.2774725274725275 0.3590277777777778
