0 0.2357421875 0.43819444444444444 0.055078125000000006 0.11666666666666667
0 0.2263671875 0.4197916666666667 0.005078125 0.025694444444444447
0 0.28203125 0.5232638888888889 0.07890625000000001 0.13819444444444445
0 0.17578125 0.32916666666666666 0.035937500000000004 0.06527777777777778
0 0.126953125 0.2420138888888889 0.15390625000000002 0.26875
0 0.13300781250000002 0.2590277777777778 0.180078125 0.3263888888888889
0 0.1435546875 0.2725694444444445 0.198046875 0.36180555555555555
0 0.330078125 0.6062500000000001 0.22734375 0.41944444444444445
0 0.34902343750000003 0.6340277777777779 0.223046875 0.3944444444444445
0 0.377734375 0.6895833333333333 0.15234375 0.2555555555555556
0 0.353125 0.6454861111111111 0.25859375 0.4756944444444445
0 0.39277343750000004 0.7204861111111112 0.31679687500000003 0.56875
0 0.2494140625 0.4600694444444445 0.43476562500000004 0.7673611111111112
0 0.28652343750000003 0.5263888888888889 0.41132812500000004 0.725
0 0.3515625 0.6413194444444444 0.4140625 0.7298611111111112
0 0.5166015625 0.9392361111111112 0.08164062500000001 0.1423611111111111
0 0.4646484375 0.8479166666666667 0.030859375 0.06527777777777778
0 0.4521484375 0.8243055555555556 0.044140625 0.07083333333333333
0 0.4771484375 0.8659722222222223 0.441015625 0.7819444444444444
0 0.496875 0.9 0.40625 0.7055555555555556
0 0.5105468750000001 0.9267361111111111 0.38046875 0.6604166666666667
