0 0.24972527472527473 0.33958333333333335 0.07417582417582418 0.08333333333333334
0 0.2914835164835165 0.39131944444444444 0.08626373626373626 0.08958333333333333
0 0.19313186813186814 0.26805555555555555 0.1467032967032967 0.19444444444444445
0 0.3728021978021978 0.49236111111111114 0.2434065934065934 0.3125
0 0.4307692307692308 0.5631944444444444 0.3230769230769231 0.3944444444444445
0 0.43324175824175826 0.571875 0.37857142857142856 0.4548611111111111
0 0.5170329670329671 0.6788194444444444 0.7670329670329671 0.9743055555555556
0 0.4686813186813187 0.6135416666666667 0.7857142857142857 0.9784722222222223
0 0.40824175824175823 0.5385416666666667 0.6615384615384615 0.8506944444444445
0 0.6412087912087913 0.8329861111111111 0.37252747252747254 0.48958333333333337
0 0.6914835164835165 0.8930555555555556 0.41813186813186815 0.5166666666666667
0 0.7282967032967033 0.9430555555555556 0.360989010989011 0.44027777777777777
0 0.4620879120879121 0.6114583333333333 0.13296703296703297 0.18819444444444444
0 0.4368131868131868 0.5756944444444445 0.0945054945054945 0.09722222222222222
0 0.5777472527472527 0.7541666666666667 0.1478021978021978 0.16666666666666669
0 0.3532967032967033 0.4701388888888889 0.49340659340659343 0.6111111111111112
0 0.3436813186813187 0.4600694444444445 0.5016483516483516 0.6423611111111112
0 0.3373626373626374 0.45069444444444445 0.5076923076923077 0.6569444444444444
