0 0.24368131868131868 0.3315972222222222 0.09505494505494505 0.11597222222222223
0 0.1760989010989011 0.24548611111111113 0.06978021978021978 0.10625
0 0.16043956043956045 0.22708333333333333 0.054945054945054944 0.075
0 0.39203296703296703 0.5229166666666667 0.12912087912087913 0.16111111111111112
0 0.4774725274725275 0.6236111111111111 0.3263736263736264 0.39722222222222225
0 0.40192307692307694 0.5267361111111112 0.38956043956043956 0.48680555555555555
0 0.5631868131868132 0.7361111111111112 0.6450549450549451 0.8291666666666667
0 0.47445054945054943 0.6246527777777778 0.7434065934065934 0.9354166666666667
0 0.42857142857142855 0.5614583333333334 0.7362637362637363 0.945138888888889
0 0.7252747252747253 0.9388888888888889 0.12087912087912088 0.17083333333333334
0 0.6914835164835165 0.898263888888889 0.11703296703296703 0.14375000000000002
0 0.6420329670329671 0.8298611111111112 0.36648351648351646 0.4763888888888889
0 0.4442307692307692 0.5868055555555556 0.1686813186813187 0.22361111111111112
0 0.5582417582417583 0.7291666666666667 0.26593406593406593 0.31666666666666665
0 0.5486263736263737 0.7201388888888889 0.25769230769230766 0.3138888888888889
0 0.3901098901098901 0.5194444444444445 0.4208791208791209 0.5208333333333334
0 0.40082417582417584 0.53125 0.4115384615384615 0.5083333333333333
0 0.2684065934065934 0.3614583333333333 0.28076923076923077 0.3340277777777778
