0 0.15576923076923077 0.22013888888888888 0.07527472527472527 0.09722222222222222
0 0.18846153846153846 0.2642361111111111 0.016483516483516484 0.013194444444444444
0 0.14917582417582417 0.21458333333333335 0.028021978021978023 0.04027777777777778
0 0.42417582417582417 0.5555555555555556 0.38571428571428573 0.4861111111111111
0 0.47197802197802197 0.6246527777777778 0.2549450549450549 0.32569444444444445
0 0.43653846153846154 0.5788194444444444 0.33791208791208793 0.4326388888888889
0 0.4870879120879121 0.64375 0.5236263736263737 0.6652777777777779
0 0.4604395604395604 0.6062500000000001 0.7791208791208791 0.9875
0 0.46675824175824177 0.6104166666666667 0.7675824175824176 0.9833333333333334
0 0.6574175824175824 0.8565972222222222 0.3873626373626374 0.5076388888888889
0 0.6854395604395604 0.8861111111111112 0.3467032967032967 0.43472222222222223
0 0.737912087912088 0.9593750000000001 0.14615384615384616 0.18819444444444444
0 0.5096153846153846 0.6687500000000001 0.2510989010989011 0.33333333333333337
0 0.48406593406593407 0.6385416666666667 0.24725274725274726 0.31875000000000003
0 0.4554945054945055 0.603125 0.05934065934065934 0.06180555555555556
0 0.3497252747252747 0.465625 0.4521978021978022 0.5868055555555556
0 0.4035714285714286 0.5333333333333333 0.45 0.5555555555555556
0 0.40604395604395604 0.5402777777777777 0.4164835164835165 0.5208333333333334
