0 0.14972527472527472 0.20694444444444446 0.19395604395604396 0.24722222222222223
0 0.16565934065934065 0.22847222222222224 0.16648351648351647 0.2111111111111111
0 0.12994505494505496 0.1840277777777778 0.11263736263736264 0.14583333333333334
0 0.2835164835164835 0.37604166666666666 0.11208791208791209 0.13680555555555557
0 0.3153846153846154 0.4232638888888889 0.26483516483516484 0.32569444444444445
0 0.2612637362637363 0.3513888888888889 0.2412087912087912 0.29583333333333334
0 0.5629120879120879 0.7378472222222222 0.5379120879120879 0.6743055555555556
0 0.48021978021978023 0.6305555555555555 0.7527472527472527 0.9708333333333333
0 0.42417582417582417 0.5552083333333333 0.5758241758241758 0.7145833333333333
0 0.6324175824175824 0.8145833333333333 0.14395604395604394 0.17083333333333334
0 0.5942307692307692 0.7690972222222222 0.2302197802197802 0.28541666666666665
0 0.643956043956044 0.8315972222222222 0.1824175824175824 0.23541666666666666
0 0.5925824175824176 0.7666666666666667 0.39725274725274723 0.513888888888889
0 0.5565934065934066 0.7263888888888889 0.0 0.002777777777777778
0 0.5865384615384616 0.7569444444444444 0.0543956043956044 0.07777777777777778
0 0.525 0.6809027777777779 0.08186813186813187 0.11180555555555556
0 0.4271978021978022 0.5593750000000001 0.13021978021978023 0.18125
0 0.3357142857142857 0.4465277777777778 0.48131868131868133 0.6013888888888889
0 0.36126373626373626 0.48055555555555557 0.5401098901098901 0.6847222222222222
0 0.3596153846153846 0.4708333333333333 0.38076923076923075 0.48888888888888893
