0 0.2751953125 0.5114583333333333 0.062109375 0.11736111111111111
0 0.24863281250000002 0.4652777777777778 0.009765625 0.009722222222222222
0 0.22128906250000002 0.41111111111111115 0.009765625 0.030555555555555558
0 0.18027343750000002 0.3423611111111111 0.166796875 0.30694444444444446
0 0.14921875 0.28229166666666666 0.20703125 0.37986111111111115
0 0.12167968750000001 0.2357638888888889 0.101953125 0.16597222222222222
0 0.39882812500000003 0.7263888888888889 0.0859375 0.16805555555555557
0 0.362109375 0.6611111111111111 0.03828125 0.07222222222222223
0 0.36367187500000003 0.6649305555555556 0.19375 0.36180555555555555
0 0.36875 0.6819444444444445 0.1921875 0.33194444444444443
0 0.33359375 0.615625 0.23750000000000002 0.4173611111111111
0 0.2990234375 0.5548611111111111 0.474609375 0.8458333333333333
0 0.298828125 0.5520833333333334 0.5242187500000001 0.913888888888889
0 0.24531250000000002 0.4552083333333333 0.36875 0.64375
0 0.5294921875 0.9621527777777779 0.087890625 0.14375000000000002
0 0.4314453125 0.7885416666666667 0.014453125 0.0076388888888888895
0 0.48554687500000004 0.8847222222222223 0.1859375 0.30972222222222223
0 0.4705078125 0.8541666666666667 0.487109375 0.85
0 0.46914062500000003 0.8534722222222223 0.49765625 0.8972222222222223
0 0.42265625 0.7725694444444444 0.5421875 0.9576388888888889
0 0.529296875 0.9649305555555556 0.39296875000000003 0.69375
0 0.5384765625 0.976388888888889 0.499609375 0.8708333333333333
