0 0.1585164835164835 0.22534722222222223 0.023626373626373626 0.03958333333333333
0 0.21978021978021978 0.30173611111111115 0.0989010989010989 0.12013888888888889
0 0.23461538461538461 0.3215277777777778 0.15934065934065933 0.2013888888888889
0 0.33873626373626375 0.44409722222222225 0.3532967032967033 0.4590277777777778
0 0.4703296703296703 0.6152777777777778 0.24615384615384617 0.3138888888888889
0 0.4513736263736264 0.5944444444444444 0.16428571428571428 0.22916666666666669
0 0.510989010989011 0.6694444444444445 0.5274725274725275 0.6805555555555556
0 0.41593406593406596 0.5482638888888889 0.6637362637362637 0.8506944444444445
0 0.41016483516483515 0.5409722222222222 0.6412087912087913 0.8138888888888889
0 0.6554945054945055 0.8486111111111111 0.1945054945054945 0.24027777777777778
0 0.6788461538461539 0.884375 0.12472527472527473 0.1590277777777778
0 0.7348901098901099 0.9496527777777778 0.1412087912087912 0.19375
0 0.4947802197802198 0.6493055555555556 0.26978021978021977 0.3458333333333333
0 0.4958791208791209 0.6531250000000001 0.2763736263736264 0.36041666666666666
0 0.5285714285714286 0.6982638888888889 0.2813186813186813 0.33958333333333335
0 0.39807692307692305 0.5288194444444445 0.3620879120879121 0.45763888888888893
0 0.3934065934065934 0.5239583333333333 0.4208791208791209 0.5270833333333333
0 0.3879120879120879 0.5177083333333333 0.4175824175824176 0.53125
