0 0.2620879120879121 0.3510416666666667 0.12087912087912088 0.15763888888888888
0 0.19917582417582416 0.27222222222222225 0.19725274725274725 0.25277777777777777
0 0.20054945054945056 0.2711805555555556 0.2802197802197802 0.3423611111111111
0 0.31565934065934065 0.41423611111111114 0.09945054945054944 0.1326388888888889
0 0.2980769230769231 0.3982638888888889 0.17857142857142858 0.21041666666666667
0 0.26483516483516484 0.35347222222222224 0.13956043956043956 0.1638888888888889
0 0.43543956043956045 0.5694444444444444 0.07747252747252747 0.08055555555555556
0 0.4288461538461538 0.5604166666666667 0.13901098901098902 0.18611111111111112
0 0.48653846153846153 0.6340277777777779 0.24010989010989012 0.2986111111111111
0 0.6304945054945055 0.8121527777777778 0.1401098901098901 0.16736111111111113
0 0.6593406593406593 0.853125 0.3516483516483516 0.4479166666666667
0 0.5906593406593407 0.7652777777777778 0.24395604395604395 0.3013888888888889
0 0.4271978021978022 0.565625 0.5620879120879121 0.7104166666666667
0 0.4346153846153846 0.5736111111111112 0.5516483516483517 0.6888888888888889
0 0.5123626373626373 0.6597222222222222 0.4796703296703297 0.6111111111111112
0 0.4118131868131868 0.545138888888889 0.5115384615384615 0.6277777777777778
0 0.38461538461538464 0.5048611111111111 0.2846153846153846 0.3763888888888889
0 0.3315934065934066 0.43819444444444444 0.30054945054945054 0.37222222222222223
