0 0.31972656250000003 0.5864583333333333 0.023828125000000002 0.03819444444444445
0 0.24765625000000002 0.4604166666666667 0.06953125 0.14305555555555557
0 0.22421875000000002 0.41875 0.01953125 0.05416666666666667
0 0.1333984375 0.25659722222222225 0.074609375 0.11736111111111111
0 0.1708984375 0.32256944444444446 0.156640625 0.2701388888888889
0 0.17343750000000002 0.3295138888888889 0.18671875000000002 0.33263888888888893
0 0.34980468750000004 0.6416666666666667 0.24179687500000002 0.43194444444444446
0 0.29453125 0.5444444444444445 0.21250000000000002 0.39305555555555555
0 0.392578125 0.7201388888888889 0.20625000000000002 0.3472222222222222
0 0.4537109375 0.8267361111111111 0.248046875 0.45208333333333334
0 0.3697265625 0.6763888888888889 0.32148437500000004 0.5902777777777778
0 0.2662109375 0.4920138888888889 0.365234375 0.6479166666666667
0 0.28457031250000003 0.5256944444444445 0.38398437500000004 0.6805555555555556
0 0.29296875 0.5416666666666667 0.49375 0.8791666666666667
0 0.521875 0.9503472222222222 0.0703125 0.11736111111111111
0 0.4912109375 0.8940972222222222 0.07382812500000001 0.14375000000000002
0 0.5066406250000001 0.9232638888888889 0.0171875 0.03125
0 0.5369140625000001 0.9753472222222223 0.498828125 0.8673611111111111
0 0.52578125 0.9565972222222222 0.43828125 0.7784722222222222
0 0.4990234375 0.9076388888888889 0.498046875 0.8972222222222223
0 0.4751953125 0.8642361111111111 0.498046875 0.9020833333333333
