0 0.15604395604395604 0.21493055555555557 0.03736263736263736 0.05625
0 0.15027472527472527 0.209375 0.03791208791208791 0.06180555555555556
0 0.2510989010989011 0.33437500000000003 0.2098901098901099 0.2715277777777778
0 0.2315934065934066 0.3055555555555556 0.1401098901098901 0.17500000000000002
0 0.19945054945054946 0.2670138888888889 0.17472527472527472 0.21458333333333335
0 0.41016483516483515 0.5409722222222222 0.2620879120879121 0.34444444444444444
0 0.38461538461538464 0.5048611111111111 0.2076923076923077 0.275
0 0.4142857142857143 0.5385416666666667 0.2175824175824176 0.2659722222222222
0 0.24972527472527473 0.3302083333333333 0.17527472527472526 0.21597222222222223
0 0.4848901098901099 0.6350694444444445 0.6873626373626374 0.8618055555555556
0 0.4228021978021978 0.5527777777777778 0.5796703296703297 0.7347222222222223
0 0.43351648351648353 0.5666666666666667 0.5615384615384615 0.7097222222222223
0 0.4458791208791209 0.5815972222222222 0.5247252747252747 0.670138888888889
0 0.4824175824175824 0.6347222222222223 0.45604395604395603 0.5819444444444445
0 0.5648351648351648 0.725 0.5956043956043956 0.75
0 0.7414835164835165 0.9541666666666667 0.2456043956043956 0.2986111111111111
0 0.6868131868131868 0.8812500000000001 0.17032967032967034 0.20694444444444446
0 0.6747252747252748 0.8760416666666667 0.14285714285714285 0.1701388888888889
0 0.5876373626373627 0.7583333333333334 0.023626373626373626 0.025
0 0.5925824175824176 0.7697916666666667 0.06318681318681318 0.08402777777777778
0 0.4807692307692308 0.6263888888888889 0.11978021978021978 0.15416666666666667
0 0.5961538461538461 0.7701388888888889 0.04065934065934066 0.05416666666666667
0 0.3467032967032967 0.45590277777777777 0.5285714285714286 0.6756944444444445
0 0.35714285714285715 0.4625 0.5263736263736264 0.6722222222222223
0 0.3700549450549451 0.48333333333333334 0.5126373626373626 0.6472222222222223
