0 0.45494505494505494 0.6065972222222222 0.656043956043956 0.8284722222222223
0 0.44945054945054946 0.5947916666666667 0.7417582417582418 0.9465277777777779
0 0.6420329670329671 0.8392361111111112 0.3532967032967033 0.4548611111111111
0 0.7104395604395605 0.9208333333333334 0.17912087912087912 0.23194444444444445
0 0.7134615384615385 0.9288194444444445 0.1697802197802198 0.2215277777777778
0 0.5706043956043956 0.7486111111111111 0.20164835164835165 0.24444444444444446
0 0.548901098901099 0.7222222222222222 0.22967032967032966 0.26666666666666666
0 0.5425824175824175 0.7086805555555555 0.22802197802197802 0.26875
0 0.34423076923076923 0.4638888888888889 0.3038461538461538 0.4013888888888889
0 0.36428571428571427 0.48958333333333337 0.1912087912087912 0.23472222222222222
0 0.2978021978021978 0.4076388888888889 0.3263736263736264 0.40972222222222227
0 0.22527472527472528 0.31145833333333334 0.006593406593406593 0.015972222222222224
0 0.2412087912087912 0.33333333333333337 0.16263736263736264 0.19583333333333333
0 0.1760989010989011 0.246875 0.06428571428571428 0.09791666666666667
0 0.41703296703296705 0.5527777777777778 0.15494505494505495 0.20972222222222223
0 0.46565934065934067 0.6107638888888889 0.27197802197802196 0.35347222222222224
0 0.38324175824175827 0.5118055555555556 0.2510989010989011 0.30833333333333335
