0 0.280078125 0.5159722222222223 0.0328125 0.04861111111111111
0 0.2328125 0.4329861111111111 0.026562500000000003 0.04236111111111111
0 0.2318359375 0.4329861111111111 0.053515625000000004 0.11458333333333334
0 0.1810546875 0.3388888888888889 0.061328125000000004 0.11527777777777778
0 0.1470703125 0.278125 0.091015625 0.15208333333333335
0 0.15742187500000002 0.29583333333333334 0.1625 0.3
0 0.34707031250000003 0.6322916666666667 0.23554687500000002 0.42291666666666666
0 0.3365234375 0.6194444444444445 0.230859375 0.41805555555555557
0 0.2314453125 0.4309027777777778 0.400390625 0.7104166666666667
0 0.29824218750000003 0.5486111111111112 0.5300781250000001 0.9291666666666667
0 0.2751953125 0.5052083333333334 0.505859375 0.9048611111111111
0 0.444140625 0.8065972222222223 0.22265625 0.4048611111111111
0 0.43105468750000003 0.784375 0.182421875 0.33125
0 0.35625 0.6538194444444445 0.26171875 0.46458333333333335
0 0.5416015625 0.9812500000000001 0.08476562500000001 0.14027777777777778
0 0.5365234375 0.9722222222222222 0.11289062500000001 0.18611111111111112
0 0.48359375000000004 0.8795138888888889 0.09531250000000001 0.17430555555555557
0 0.5138671875 0.9350694444444445 0.511328125 0.89375
0 0.51796875 0.9416666666666667 0.51875 0.9347222222222222
0 0.5205078125 0.9444444444444445 0.5105468750000001 0.9222222222222223
0 0.52265625 0.9454861111111111 0.44609375 0.7937500000000001
