0 0.21071428571428572 0.28541666666666665 0.128021978021978 0.17083333333333334
0 0.28818681318681316 0.3892361111111111 0.0543956043956044 0.05763888888888889
0 0.1989010989010989 0.27395833333333336 0.03296703296703297 0.06319444444444444
0 0.37335164835164836 0.49270833333333336 0.24670329670329672 0.3159722222222222
0 0.39203296703296703 0.51875 0.29615384615384616 0.3888888888888889
0 0.4478021978021978 0.5829861111111111 0.33516483516483514 0.43680555555555556
0 0.4563186813186813 0.5975694444444445 0.7510989010989011 0.96875
0 0.4612637362637363 0.609375 0.7434065934065934 0.9284722222222223
0 0.489010989010989 0.640625 0.7846153846153846 0.9770833333333334
0 0.7260989010989011 0.9381944444444444 0.3576923076923077 0.43333333333333335
0 0.7288461538461538 0.9399305555555556 0.36648351648351646 0.4534722222222222
0 0.7153846153846154 0.9267361111111111 0.3230769230769231 0.3979166666666667
0 0.5467032967032966 0.7152777777777778 0.0032967032967032967 0.02361111111111111
0 0.5546703296703297 0.7253472222222223 0.004945054945054945 0.029861111111111113
0 0.43626373626373627 0.5753472222222222 0.16153846153846155 0.22291666666666668
0 0.29313186813186815 0.39583333333333337 0.48296703296703297 0.6208333333333333
0 0.3131868131868132 0.4215277777777778 0.5032967032967033 0.6472222222222223
0 0.3659340659340659 0.48888888888888893 0.4978021978021978 0.6180555555555556
