0 0.21126373626373626 0.28784722222222225 0.2510989010989011 0.3090277777777778
0 0.2662087912087912 0.35034722222222225 0.09285714285714286 0.12986111111111112
0 0.14505494505494507 0.20069444444444445 0.22637362637362637 0.2916666666666667
0 0.256043956043956 0.3385416666666667 0.19230769230769232 0.23541666666666666
0 0.3107142857142857 0.4076388888888889 0.4357142857142857 0.5583333333333333
0 0.40302197802197803 0.5274305555555556 0.26978021978021977 0.34097222222222223
0 0.42967032967032964 0.5583333333333333 0.5626373626373626 0.7083333333333334
0 0.4442307692307692 0.5767361111111111 0.5423076923076923 0.68125
0 0.5027472527472527 0.6517361111111112 0.4857142857142857 0.6215277777777778
0 0.5041208791208791 0.6517361111111112 0.5708791208791208 0.7215277777777778
0 0.525 0.6822916666666667 0.7543956043956044 0.9465277777777779
0 0.5263736263736264 0.6815972222222223 0.7714285714285715 0.9618055555555556
0 0.4736263736263736 0.6138888888888889 0.7802197802197802 0.9847222222222223
0 0.4032967032967033 0.5236111111111111 0.621978021978022 0.7930555555555556
0 0.414010989010989 0.5402777777777777 0.7247252747252747 0.9180555555555556
0 0.6978021978021978 0.8979166666666667 0.3912087912087912 0.48333333333333334
0 0.720054945054945 0.9263888888888889 0.3565934065934066 0.43472222222222223
0 0.5895604395604396 0.7618055555555556 0.2725274725274725 0.3388888888888889
0 0.609065934065934 0.7847222222222222 0.3445054945054945 0.43194444444444446
0 0.6005494505494505 0.7739583333333334 0.3967032967032967 0.5131944444444445
0 0.5892857142857143 0.7607638888888889 0.4236263736263736 0.5354166666666667
0 0.5673076923076923 0.7315972222222222 0.20934065934065935 0.27569444444444446
0 0.5656593406593406 0.7298611111111112 0.2554945054945055 0.32083333333333336
0 0.4848901098901099 0.6291666666666667 0.06318681318681318 0.07222222222222223
0 0.4612637362637363 0.5975694444444445 0.19065934065934065 0.23819444444444446
0 0.5486263736263737 0.7076388888888889 0.05549450549450549 0.06666666666666667
0 0.5653846153846154 0.7315972222222222 0.027472527472527472 0.025694444444444447
0 0.26565934065934066 0.35347222222222224 0.37637362637362637 0.4708333333333333
0 0.2887362637362637 0.37743055555555555 0.28846153846153844 0.35625
0 0.31978021978021975 0.42118055555555556 0.25164835164835164 0.31319444444444444
