0 0.14752747252747253 0.20486111111111113 0.1412087912087912 0.1763888888888889
0 0.2664835164835165 0.3472222222222222 0.189010989010989 0.24305555555555555
0 0.14642857142857144 0.19895833333333335 0.06978021978021978 0.09791666666666667
0 0.15412087912087913 0.21423611111111113 0.046703296703296704 0.06597222222222222
0 0.14175824175824175 0.19618055555555555 0.2032967032967033 0.2729166666666667
0 0.5464285714285714 0.7090277777777778 0.5961538461538461 0.7361111111111112
0 0.5510989010989011 0.7128472222222223 0.521978021978022 0.6604166666666667
0 0.5563186813186813 0.7152777777777778 0.5302197802197802 0.6777777777777778
0 0.542032967032967 0.7000000000000001 0.6478021978021978 0.8138888888888889
0 0.46813186813186813 0.6055555555555556 0.778021978021978 0.9805555555555556
0 0.4142857142857143 0.5357638888888889 0.6615384615384615 0.8284722222222223
0 0.4107142857142857 0.5309027777777778 0.6598901098901099 0.8270833333333334
0 0.442032967032967 0.5704861111111111 0.7587912087912088 0.9659722222222222
0 0.6291208791208791 0.8048611111111111 0.3879120879120879 0.48750000000000004
0 0.6442307692307693 0.8315972222222222 0.40384615384615385 0.5020833333333333
0 0.6615384615384615 0.8541666666666667 0.24505494505494504 0.32916666666666666
0 0.682967032967033 0.8763888888888889 0.23406593406593407 0.3013888888888889
0 0.6574175824175824 0.8465277777777778 0.1510989010989011 0.19861111111111113
0 0.7326923076923076 0.9430555555555556 0.24670329670329672 0.3138888888888889
0 0.5214285714285715 0.6774305555555555 0.11868131868131868 0.15486111111111112
0 0.4848901098901099 0.6291666666666667 0.13901098901098902 0.17222222222222222
0 0.3870879120879121 0.5045138888888889 0.30714285714285716 0.37569444444444444
0 0.3362637362637363 0.44236111111111115 0.5538461538461539 0.7069444444444445
0 0.36346153846153845 0.47395833333333337 0.2587912087912088 0.32430555555555557
0 0.364010989010989 0.47395833333333337 0.1412087912087912 0.19236111111111112
0 0.41098901098901097 0.5333333333333333 0.24725274725274726 0.3
