0 0.39921875 0.7274305555555556 0.08671875000000001 0.1701388888888889
0 0.362109375 0.6611111111111111 0.039843750000000004 0.075
0 0.2732421875 0.5072916666666667 0.069140625 0.12013888888888889
0 0.24824218750000002 0.4635416666666667 0.008984375000000001 0.00625
0 0.2259765625 0.42291666666666666 0.016015625000000002 0.03888888888888889
0 0.18046875 0.3434027777777778 0.16484375 0.30625
0 0.1482421875 0.28229166666666666 0.20664062500000002 0.38125000000000003
0 0.1220703125 0.2357638888888889 0.10117187500000001 0.16597222222222222
0 0.333984375 0.6152777777777778 0.2390625 0.43194444444444446
0 0.34218750000000003 0.6305555555555555 0.25703125 0.47361111111111115
0 0.3697265625 0.6847222222222222 0.194140625 0.33055555555555555
0 0.30078125 0.5527777777777778 0.47187500000000004 0.8416666666666667
0 0.2998046875 0.5513888888888889 0.523828125 0.9152777777777779
0 0.2451171875 0.4545138888888889 0.369921875 0.6423611111111112
0 0.5300781250000001 0.9621527777777779 0.0890625 0.1423611111111111
0 0.5001953125 0.9104166666666667 0.15585937500000002 0.2569444444444445
0 0.4576171875 0.8347222222222223 0.034765625 0.07777777777777778
0 0.424609375 0.7729166666666667 0.5437500000000001 0.9583333333333334
0 0.46992187500000004 0.8541666666666667 0.49843750000000003 0.9
0 0.4693359375 0.8538194444444445 0.490234375 0.8520833333333334
0 0.5294921875 0.9631944444444445 0.39179687500000004 0.6930555555555555
0 0.5384765625 0.976388888888889 0.499609375 0.8708333333333333
