0 0.2162109375 0.4013888888888889 0.037890625000000004 0.07916666666666666
0 0.2107421875 0.3940972222222222 0.005078125 0.0076388888888888895
0 0.12382812500000001 0.23472222222222222 0.10859375 0.19861111111111113
0 0.1318359375 0.25104166666666666 0.07773437500000001 0.12430555555555556
0 0.14960937500000002 0.2826388888888889 0.0390625 0.075
0 0.31015625 0.5697916666666667 0.01640625 0.013194444444444444
0 0.353515625 0.640625 0.21875 0.39513888888888893
0 0.3203125 0.5892361111111112 0.17265625 0.2868055555555556
0 0.2892578125 0.53125 0.424609375 0.7444444444444445
0 0.2794921875 0.5114583333333333 0.405859375 0.732638888888889
0 0.2994140625 0.5524305555555555 0.30976562500000004 0.545138888888889
0 0.362890625 0.6659722222222223 0.28515625 0.513888888888889
0 0.43828125 0.7961805555555556 0.2078125 0.3854166666666667
0 0.441015625 0.8013888888888889 0.20390625 0.3736111111111111
0 0.5119140625 0.93125 0.12070312500000001 0.20416666666666666
0 0.4724609375 0.8597222222222223 0.091796875 0.15833333333333333
0 0.4716796875 0.859375 0.074609375 0.14652777777777778
0 0.5119140625 0.9371527777777778 0.38398437500000004 0.6729166666666667
0 0.5248046875 0.9538194444444444 0.392578125 0.7131944444444445
0 0.5095703125000001 0.9204861111111111 0.425390625 0.7631944444444445
0 0.2162109375 0.4013888888888889 0.037890625000000004 0.07916666666666666
0 0.2107421875 0.3940972222222222 0.005078125 0.0076388888888888895
0 0.12382812500000001 0.23472222222222222 0.10859375 0.19861111111111113
0 0.1318359375 0.25104166666666666 0.07773437500000001 0.12430555555555556
0 0.14960937500000002 0.2826388888888889 0.0390625 0.075
0 0.31015625 0.5697916666666667 0.01640625 0.013194444444444444
0 0.353515625 0.640625 0.21875 0.39513888888888893
0 0.3203125 0.5892361111111112 0.17265625 0.2868055555555556
0 0.2892578125 0.53125 0.424609375 0.7444444444444445
0 0.2794921875 0.5114583333333333 0.405859375 0.732638888888889
0 0.2994140625 0.5524305555555555 0.30976562500000004 0.545138888888889
0 0.362890625 0.6659722222222223 0.28515625 0.513888888888889
0 0.43828125 0.7961805555555556 0.2078125 0.3854166666666667
0 0.441015625 0.8013888888888889 0.20390625 0.3736111111111111
0 0.5119140625 0.93125 0.12070312500000001 0.20416666666666666
0 0.4724609375 0.8597222222222223 0.091796875 0.15833333333333333
0 0.4716796875 0.859375 0.074609375 0.14652777777777778
0 0.5119140625 0.9371527777777778 0.38398437500000004 0.6729166666666667
0 0.5248046875 0.9538194444444444 0.392578125 0.7131944444444445
0 0.5095703125000001 0.9204861111111111 0.425390625 0.7631944444444445
