0 0.16373626373626374 0.23055555555555557 0.07802197802197802 0.10555555555555556
0 0.2662087912087912 0.36215277777777777 0.03791208791208791 0.029861111111111113
0 0.29203296703296705 0.39861111111111114 0.011538461538461539 0.008333333333333333
0 0.4747252747252747 0.6256944444444444 0.25384615384615383 0.3180555555555556
0 0.4096153846153846 0.5375 0.38186813186813184 0.4916666666666667
0 0.3464285714285714 0.4666666666666667 0.39505494505494504 0.5180555555555556
0 0.4431318681318681 0.5871527777777777 0.5664835164835165 0.7145833333333333
0 0.4445054945054945 0.5868055555555556 0.5538461538461539 0.6805555555555556
0 0.42747252747252745 0.5666666666666667 0.5802197802197803 0.7152777777777778
0 0.7604395604395604 0.9892361111111111 0.27582417582417584 0.3451388888888889
0 0.7565934065934066 0.9850694444444444 0.26153846153846155 0.3215277777777778
0 0.6554945054945055 0.851388888888889 0.14835164835164835 0.1763888888888889
0 0.573076923076923 0.7503472222222223 0.012087912087912088 0.035416666666666666
0 0.5560439560439561 0.7305555555555556 0.2725274725274725 0.3236111111111111
0 0.5532967032967033 0.7263888888888889 0.26153846153846155 0.3111111111111111
0 0.38763736263736265 0.5142361111111111 0.4664835164835165 0.5701388888888889
0 0.36538461538461536 0.4916666666666667 0.47692307692307695 0.6027777777777777
0 0.25576923076923075 0.3527777777777778 0.3324175824175824 0.4166666666666667
