0 0.4693359375 0.8465277777777778 0.037109375 0.061111111111111116
0 0.4109375 0.7402777777777778 0.48750000000000004 0.8736111111111111
0 0.390625 0.7059027777777778 0.07421875 0.1423611111111111
0 0.4283203125 0.7697916666666667 0.519921875 0.9326388888888889
0 0.3318359375 0.5989583333333334 0.09335937500000001 0.16875
0 0.33613281250000004 0.6069444444444445 0.098828125 0.17222222222222222
0 0.4958984375 0.8916666666666667 0.073046875 0.125
0 0.2693359375 0.49375 0.455078125 0.8250000000000001
0 0.453125 0.8229166666666667 0.45 0.7986111111111112
0 0.140234375 0.2635416666666667 0.07968750000000001 0.14791666666666667
0 0.1470703125 0.27222222222222225 0.15742187500000002 0.2902777777777778
0 0.2138671875 0.390625 0.076171875 0.12708333333333333
0 0.2373046875 0.4326388888888889 0.030859375 0.06666666666666667
0 0.2412109375 0.44201388888888893 0.033984375000000004 0.05902777777777778
0 0.28847656250000003 0.5243055555555556 0.006640625000000001 0.006944444444444445
0 0.466796875 0.8430555555555556 0.09921875000000001 0.18611111111111112
0 0.4048828125 0.7288194444444445 0.019140625 0.03263888888888889
0 0.38203125000000004 0.6923611111111111 0.1234375 0.22777777777777777
0 0.3611328125 0.6510416666666667 0.11992187500000001 0.20486111111111113
0 0.309375 0.5593750000000001 0.28750000000000003 0.5201388888888889
0 0.261328125 0.47673611111111114 0.35390625000000003 0.6256944444444444
0 0.503515625 0.9090277777777778 0.50546875 0.9
0 0.45742187500000003 0.826388888888889 0.4890625 0.8722222222222222
0 0.463671875 0.8336805555555555 0.5140625 0.920138888888889
0 0.534765625 0.960763888888889 0.3015625 0.5284722222222222
0 0.5390625 0.9694444444444444 0.30390625000000004 0.5361111111111111
0 0.5462890625 0.9822916666666667 0.302734375 0.5381944444444444
0 0.548828125 0.9819444444444445 0.31015625 0.5472222222222223
