0 0.20302197802197802 0.2763888888888889 0.00934065934065934 0.02777777777777778
0 0.25384615384615383 0.34479166666666666 0.16483516483516483 0.21041666666666667
0 0.25961538461538464 0.34895833333333337 0.09395604395604396 0.11458333333333334
0 0.2706043956043956 0.3635416666666667 0.3532967032967033 0.4340277777777778
0 0.3964285714285714 0.5243055555555556 0.21043956043956044 0.26944444444444443
0 0.2733516483516483 0.359375 0.18296703296703296 0.22430555555555556
0 0.4318681318681319 0.5659722222222222 0.6901098901098901 0.888888888888889
0 0.4818681318681319 0.6350694444444445 0.5659340659340659 0.7368055555555556
0 0.4760989010989011 0.6197916666666667 0.4774725274725275 0.5965277777777778
0 0.6326923076923077 0.815625 0.14560439560439561 0.1701388888888889
0 0.6052197802197802 0.7829861111111112 0.382967032967033 0.4673611111111111
0 0.7186813186813187 0.925 0.1835164835164835 0.24305555555555555
0 0.7478021978021978 0.9645833333333333 0.3065934065934066 0.3763888888888889
0 0.4206043956043956 0.5545138888888889 0.010439560439560439 0.0076388888888888895
0 0.4291208791208791 0.5628472222222223 0.005494505494505494 0.014583333333333334
0 0.5005494505494505 0.6503472222222223 0.08241758241758242 0.11875000000000001
0 0.5222527472527473 0.6798611111111111 0.07197802197802197 0.08194444444444444
0 0.3354395604395604 0.44409722222222225 0.47527472527472525 0.5868055555555556
0 0.35274725274725277 0.4638888888888889 0.4967032967032967 0.6319444444444444
0 0.36126373626373626 0.4725694444444445 0.49065934065934064 0.6354166666666667
