0 0.4620879120879121 0.596875 0.19230769230769232 0.24791666666666667
0 0.49532967032967035 0.6430555555555556 0.22032967032967032 0.27361111111111114
0 0.5049450549450549 0.6538194444444445 0.1813186813186813 0.23125
0 0.4978021978021978 0.6440972222222222 0.1 0.13125
0 0.6005494505494505 0.775 0.31758241758241756 0.3944444444444445
0 0.618956043956044 0.803125 0.12142857142857143 0.13958333333333334
0 0.6780219780219781 0.8694444444444445 0.2010989010989011 0.24444444444444446
0 0.575 0.7381944444444445 0.22472527472527473 0.2763888888888889
0 0.5604395604395604 0.721875 0.3010989010989011 0.3784722222222222
0 0.5912087912087912 0.7618055555555556 0.4054945054945055 0.5236111111111111
0 0.6972527472527472 0.8972222222222223 0.3901098901098901 0.4791666666666667
0 0.6134615384615385 0.7875 0.3423076923076923 0.4416666666666667
0 0.5892857142857143 0.7631944444444445 0.2752747252747253 0.3458333333333333
0 0.6184065934065934 0.7947916666666667 0.20384615384615384 0.2534722222222222
0 0.5266483516483517 0.6819444444444445 0.5005494505494505 0.6277777777777778
0 0.5285714285714286 0.6836805555555556 0.5098901098901099 0.6506944444444445
0 0.4714285714285714 0.6090277777777778 0.7791208791208791 0.9944444444444445
0 0.4980769230769231 0.6479166666666667 0.7895604395604395 0.9930555555555556
0 0.42554945054945054 0.5548611111111111 0.6104395604395605 0.7652777777777778
0 0.4461538461538462 0.5756944444444445 0.5428571428571428 0.6861111111111111
0 0.4010989010989011 0.5208333333333334 0.6307692307692307 0.7861111111111111
0 0.40054945054945057 0.5184027777777778 0.6494505494505495 0.8131944444444444
0 0.42445054945054944 0.5520833333333334 0.7225274725274725 0.9194444444444445
0 0.4315934065934066 0.5631944444444444 0.7478021978021978 0.951388888888889
0 0.5461538461538461 0.7076388888888889 0.7351648351648352 0.9319444444444445
0 0.31126373626373627 0.40902777777777777 0.4346153846153846 0.5597222222222222
0 0.2623626373626374 0.3440972222222222 0.1686813186813187 0.20625000000000002
0 0.257967032967033 0.3375 0.18296703296703296 0.22777777777777777
0 0.21043956043956044 0.28541666666666665 0.08571428571428572 0.1
0 0.2623626373626374 0.3472222222222222 0.1357142857142857 0.18611111111111112
0 0.11098901098901098 0.15590277777777778 0.04285714285714286 0.06041666666666667
0 0.14175824175824175 0.19375 0.21978021978021978 0.28611111111111115
0 0.3010989010989011 0.39722222222222225 0.43846153846153846 0.5597222222222222
0 0.3027472527472527 0.39861111111111114 0.5384615384615384 0.6958333333333334
0 0.289010989010989 0.37743055555555555 0.2868131868131868 0.35347222222222224
0 0.6445054945054945 0.8253472222222222 0.27802197802197803 0.3479166666666667
