0 0.23186813186813188 0.3121527777777778 0.03406593406593406 0.03263888888888889
0 0.14835164835164835 0.203125 0.08571428571428572 0.12152777777777778
0 0.2348901098901099 0.30868055555555557 0.15 0.18958333333333335
0 0.19478021978021978 0.2638888888888889 0.2763736263736264 0.3416666666666667
0 0.1620879120879121 0.21736111111111112 0.25934065934065936 0.32222222222222224
0 0.31895604395604393 0.4232638888888889 0.2741758241758242 0.3354166666666667
0 0.3 0.3961805555555556 0.3373626373626374 0.43125
0 0.264010989010989 0.34375 0.17087912087912088 0.21944444444444444
0 0.3076923076923077 0.40069444444444446 0.4153846153846154 0.5319444444444444
0 0.425 0.5520833333333334 0.5983516483516483 0.7472222222222222
0 0.42032967032967034 0.5555555555555556 0.5802197802197803 0.7222222222222222
0 0.4815934065934066 0.6277777777777778 0.7302197802197802 0.9430555555555556
0 0.4653846153846154 0.6013888888888889 0.6956043956043956 0.8861111111111112
0 0.439010989010989 0.578125 0.5582417582417583 0.6951388888888889
0 0.4978021978021978 0.6451388888888889 0.12197802197802197 0.15972222222222224
0 0.42445054945054944 0.5559027777777777 0.07747252747252747 0.10902777777777778
0 0.595054945054945 0.7652777777777778 0.0978021978021978 0.11527777777777778
0 0.5543956043956044 0.7197916666666667 0.20549450549450549 0.24375000000000002
0 0.679945054945055 0.8711805555555556 0.16538461538461538 0.20347222222222222
0 0.6986263736263736 0.9017361111111112 0.1543956043956044 0.20069444444444445
0 0.6848901098901099 0.8798611111111111 0.13351648351648351 0.1763888888888889
0 0.6532967032967033 0.8361111111111111 0.15494505494505495 0.19166666666666668
0 0.6296703296703297 0.8111111111111111 0.13406593406593406 0.16527777777777777
0 0.38324175824175827 0.5013888888888889 0.5225274725274726 0.6694444444444445
0 0.3098901098901099 0.4065972222222222 0.48021978021978023 0.6201388888888889
0 0.3021978021978022 0.4010416666666667 0.3912087912087912 0.49375
