0 0.15686813186813187 0.22048611111111113 0.05879120879120879 0.06875
0 0.14752747252747253 0.21354166666666669 0.019230769230769232 0.021527777777777778
0 0.16703296703296702 0.23784722222222224 0.045054945054945054 0.05347222222222223
0 0.32967032967032966 0.44201388888888893 0.37362637362637363 0.47708333333333336
0 0.42335164835164835 0.5552083333333333 0.38956043956043956 0.4826388888888889
0 0.3700549450549451 0.4954861111111111 0.15 0.18125
0 0.45796703296703295 0.5993055555555555 0.7565934065934066 0.9652777777777778
0 0.4502747252747253 0.5927083333333334 0.7554945054945055 0.9381944444444444
0 0.4379120879120879 0.5767361111111111 0.7516483516483516 0.9618055555555556
0 0.6321428571428571 0.8194444444444445 0.30604395604395607 0.39166666666666666
0 0.7576923076923077 0.984375 0.2978021978021978 0.36736111111111114
0 0.7557692307692307 0.9840277777777778 0.2434065934065934 0.3027777777777778
0 0.5469780219780219 0.7177083333333334 0.2532967032967033 0.31319444444444444
0 0.535989010989011 0.7055555555555556 0.2642857142857143 0.33333333333333337
0 0.5222527472527473 0.6875 0.2752747252747253 0.3416666666666667
0 0.37142857142857144 0.4954861111111111 0.5153846153846153 0.6395833333333334
0 0.3271978021978022 0.4392361111111111 0.3840659340659341 0.4965277777777778
0 0.2989010989010989 0.40520833333333334 0.26153846153846155 0.3229166666666667
