0 0.1631868131868132 0.23298611111111112 0.005494505494505494 0.0076388888888888895
0 0.21428571428571427 0.2972222222222222 0.13076923076923078 0.1736111111111111
0 0.2837912087912088 0.38645833333333335 0.019230769230769232 0.017361111111111112
0 0.3239010989010989 0.43819444444444444 0.23241758241758242 0.2847222222222222
0 0.4225274725274725 0.5545138888888889 0.3802197802197802 0.47847222222222224
0 0.4318681318681319 0.56875 0.17362637362637362 0.2138888888888889
0 0.48956043956043954 0.6440972222222222 0.7274725274725274 0.9298611111111111
0 0.48543956043956044 0.6361111111111112 0.7335164835164835 0.9402777777777778
0 0.44945054945054946 0.5944444444444444 0.7692307692307693 0.9819444444444445
0 0.759065934065934 0.9871527777777778 0.2445054945054945 0.31180555555555556
0 0.7241758241758242 0.9354166666666667 0.12417582417582418 0.16527777777777777
0 0.7071428571428572 0.9177083333333333 0.11538461538461539 0.16597222222222222
0 0.5788461538461539 0.759375 0.02142857142857143 0.04097222222222222
0 0.5648351648351648 0.7392361111111111 0.035164835164835165 0.021527777777777778
0 0.5664835164835165 0.7420138888888889 0.25054945054945055 0.29930555555555555
0 0.2945054945054945 0.3982638888888889 0.25384615384615383 0.30486111111111114
0 0.2793956043956044 0.3763888888888889 0.40274725274725276 0.49583333333333335
0 0.2728021978021978 0.36909722222222224 0.4269230769230769 0.5506944444444445
