0 0.2978021978021978 0.3993055555555556 0.024175824175824177 0.015277777777777779
0 0.29532967032967034 0.39687500000000003 0.015934065934065933 0.0020833333333333333
0 0.16813186813186815 0.23402777777777778 0.04395604395604395 0.05416666666666667
0 0.4021978021978022 0.5256944444444445 0.3912087912087912 0.4861111111111111
0 0.4725274725274725 0.6166666666666667 0.34065934065934067 0.41944444444444445
0 0.4228021978021978 0.5600694444444445 0.13351648351648351 0.18125
0 0.4887362637362637 0.6357638888888889 0.6401098901098901 0.7923611111111112
0 0.4409340659340659 0.5784722222222223 0.7576923076923077 0.9750000000000001
0 0.45686813186813185 0.5986111111111111 0.7456043956043956 0.9236111111111112
0 0.7486263736263736 0.9635416666666667 0.160989010989011 0.21875
0 0.7255494505494505 0.9375 0.12692307692307692 0.14166666666666666
0 0.7019230769230769 0.9083333333333333 0.11263736263736264 0.15833333333333333
0 0.5785714285714286 0.7548611111111111 0.06483516483516484 0.10277777777777779
0 0.5093406593406593 0.6711805555555556 0.07692307692307693 0.10486111111111111
0 0.4837912087912088 0.6350694444444445 0.19065934065934065 0.25069444444444444
0 0.3881868131868132 0.5149305555555556 0.4346153846153846 0.5437500000000001
0 0.3217032967032967 0.42986111111111114 0.4928571428571429 0.6263888888888889
0 0.2846153846153846 0.3822916666666667 0.43846153846153846 0.5743055555555556
