0 0.22362637362637364 0.3059027777777778 0.13516483516483516 0.18125
0 0.21043956043956044 0.2902777777777778 0.13626373626373625 0.18333333333333335
0 0.18296703296703296 0.25520833333333337 0.012087912087912088 0.0006944444444444445
0 0.3239010989010989 0.43333333333333335 0.20274725274725275 0.23611111111111113
0 0.439010989010989 0.5743055555555556 0.36153846153846153 0.45833333333333337
0 0.40796703296703296 0.5364583333333334 0.30714285714285716 0.39513888888888893
0 0.4879120879120879 0.6364583333333333 0.5967032967032967 0.7368055555555556
0 0.4167582417582418 0.5479166666666667 0.6005494505494505 0.7444444444444445
0 0.4208791208791209 0.5552083333333333 0.6065934065934065 0.7506944444444444
0 0.6296703296703297 0.8163194444444445 0.1967032967032967 0.22986111111111113
0 0.6181318681318682 0.8065972222222223 0.24615384615384617 0.30208333333333337
0 0.6832417582417583 0.8875000000000001 0.1423076923076923 0.16527777777777777
0 0.570054945054945 0.7465277777777778 0.21593406593406594 0.2625
0 0.5381868131868132 0.7069444444444445 0.014835164835164835 0.002777777777777778
0 0.45 0.5927083333333334 0.031868131868131866 0.01875
0 0.40192307692307694 0.5347222222222222 0.4137362637362637 0.5194444444444445
0 0.3978021978021978 0.5277777777777778 0.4186813186813187 0.5277777777777778
0 0.28296703296703296 0.3826388888888889 0.46153846153846156 0.6027777777777777
