0 0.2841796875 0.5239583333333333 0.037109375 0.050694444444444445
0 0.2123046875 0.39340277777777777 0.001953125 0.014583333333333334
0 0.1658203125 0.31319444444444444 0.189453125 0.34444444444444444
0 0.16464843750000002 0.3107638888888889 0.15976562500000002 0.2659722222222222
0 0.1234375 0.23923611111111112 0.1078125 0.17430555555555557
0 0.32558593750000003 0.5965277777777778 0.170703125 0.2902777777777778
0 0.40058593750000004 0.7361111111111112 0.208984375 0.3611111111111111
0 0.3388671875 0.6201388888888889 0.205078125 0.35000000000000003
0 0.33632812500000003 0.61875 0.23671875 0.43472222222222223
0 0.28164062500000003 0.51875 0.50546875 0.9125000000000001
0 0.26992187500000003 0.5003472222222223 0.415625 0.7270833333333334
0 0.29628906250000003 0.5440972222222222 0.401953125 0.7020833333333334
0 0.4927734375 0.8975694444444445 0.086328125 0.13680555555555557
0 0.45820312500000004 0.8326388888888889 0.04609375 0.09583333333333334
0 0.43496093750000003 0.7923611111111112 0.0011718750000000002 0.015277777777777779
0 0.50234375 0.9149305555555556 0.4375 0.7715277777777778
0 0.5279296875 0.9604166666666667 0.378515625 0.6694444444444445
0 0.396484375 0.7229166666666667 0.56796875 0.9888888888888889
