0 0.13104395604395605 0.1826388888888889 0.007142857142857143 0.022222222222222223
0 0.23351648351648352 0.3076388888888889 0.14835164835164835 0.18611111111111112
0 0.2590659340659341 0.3454861111111111 0.19065934065934065 0.23125
0 0.22362637362637364 0.2954861111111111 0.25824175824175827 0.3215277777777778
0 0.20686813186813185 0.2795138888888889 0.27087912087912086 0.3284722222222222
0 0.28296703296703296 0.37604166666666666 0.1054945054945055 0.12013888888888889
0 0.2681318681318681 0.35868055555555556 0.1824175824175824 0.22986111111111113
0 0.6299450549450549 0.8111111111111111 0.1357142857142857 0.16527777777777777
0 0.6810439560439561 0.875 0.16758241758241757 0.20416666666666666
0 0.6837912087912088 0.8812500000000001 0.17857142857142858 0.21666666666666667
0 0.7423076923076923 0.9548611111111112 0.3065934065934066 0.3861111111111111
0 0.6541208791208791 0.8413194444444445 0.15219780219780218 0.1826388888888889
0 0.5873626373626374 0.7663194444444444 0.578021978021978 0.7409722222222223
0 0.5398351648351648 0.7048611111111112 0.6939560439560439 0.8541666666666667
0 0.46181318681318684 0.6045138888888889 0.5576923076923077 0.7006944444444445
0 0.42637362637362636 0.5555555555555556 0.5945054945054945 0.7430555555555556
0 0.41483516483516486 0.5354166666666667 0.2681318681318681 0.3416666666666667
0 0.4565934065934066 0.5951388888888889 0.0989010989010989 0.12916666666666668
0 0.5010989010989011 0.6517361111111112 0.13076923076923078 0.16180555555555556
0 0.5541208791208792 0.7194444444444444 0.10274725274725274 0.12361111111111112
0 0.539010989010989 0.6965277777777779 0.0879120879120879 0.10277777777777779
0 0.2857142857142857 0.3805555555555556 0.44395604395604393 0.5833333333333334
0 0.2923076923076923 0.3871527777777778 0.44835164835164837 0.5840277777777778
0 0.375 0.4934027777777778 0.5016483516483516 0.6368055555555556
0 0.3151098901098901 0.4079861111111111 0.42142857142857143 0.5381944444444444
0 0.4458791208791209 0.5836805555555555 0.5565934065934066 0.6979166666666667
