0 0.1673076923076923 0.2357638888888889 0.0510989010989011 0.043750000000000004
0 0.19752747252747252 0.2746527777777778 0.11813186813186813 0.16041666666666668
0 0.27362637362637365 0.36944444444444446 0.08241758241758242 0.08194444444444444
0 0.3771978021978022 0.5020833333333333 0.2598901098901099 0.33472222222222225
0 0.3607142857142857 0.47881944444444446 0.20934065934065935 0.2465277777777778
0 0.30164835164835163 0.4041666666666667 0.26373626373626374 0.33055555555555555
0 0.5326923076923077 0.7006944444444445 0.5917582417582418 0.7361111111111112
0 0.5593406593406594 0.7309027777777778 0.654945054945055 0.8423611111111111
0 0.4997252747252747 0.6548611111111111 0.7895604395604395 1.0
0 0.7008241758241758 0.9065972222222223 0.39505494505494504 0.5131944444444445
0 0.6486263736263737 0.8451388888888889 0.25769230769230766 0.33333333333333337
0 0.7288461538461538 0.9465277777777779 0.13021978021978023 0.18611111111111112
0 0.5162087912087913 0.678125 0.2895604395604396 0.35625
0 0.557967032967033 0.732638888888889 0.18076923076923077 0.23333333333333334
0 0.5645604395604396 0.7395833333333334 0.13241758241758242 0.18055555555555555
0 0.3282967032967033 0.4388888888888889 0.3686813186813187 0.44583333333333336
0 0.3357142857142857 0.4513888888888889 0.25164835164835164 0.32222222222222224
0 0.3453296703296703 0.465625 0.2412087912087912 0.3159722222222222
