0 0.1519230769230769 0.215625 0.03021978021978022 0.04513888888888889
0 0.18021978021978022 0.25277777777777777 0.06703296703296703 0.08194444444444444
0 0.15989010989010988 0.22256944444444446 0.07472527472527472 0.10208333333333333
0 0.4409340659340659 0.5829861111111111 0.428021978021978 0.5256944444444445
0 0.4247252747252747 0.55625 0.38571428571428573 0.4861111111111111
0 0.4401098901098901 0.5784722222222223 0.3384615384615385 0.43194444444444446
0 0.43131868131868134 0.5659722222222222 0.5703296703296703 0.7083333333333334
0 0.4126373626373626 0.5440972222222222 0.6868131868131868 0.8673611111111111
0 0.4697802197802198 0.6128472222222222 0.7681318681318682 0.9812500000000001
0 0.7230769230769231 0.9322916666666667 0.33076923076923076 0.4118055555555556
0 0.7607142857142857 0.9875 0.2412087912087912 0.3055555555555556
0 0.6557692307692308 0.8541666666666667 0.15 0.17500000000000002
0 0.5054945054945055 0.6666666666666667 0.25384615384615383 0.325
0 0.4857142857142857 0.6413194444444444 0.26593406593406593 0.32430555555555557
0 0.5093406593406593 0.6708333333333334 0.01978021978021978 0.02638888888888889
0 0.36153846153846153 0.48333333333333334 0.3945054945054945 0.49444444444444446
0 0.3425824175824176 0.4586805555555556 0.41483516483516486 0.5298611111111111
0 0.2804945054945055 0.37986111111111115 0.4510989010989011 0.5833333333333334
