0 0.2917582417582418 0.390625 0.10329670329670329 0.12569444444444444
0 0.26785714285714285 0.35694444444444445 0.18186813186813186 0.22916666666666669
0 0.4126373626373626 0.5350694444444445 0.25384615384615383 0.3229166666666667
0 0.29615384615384616 0.384375 0.4076923076923077 0.5215277777777778
0 0.4565934065934066 0.5947916666666667 0.08131868131868132 0.10486111111111111
0 0.4881868131868132 0.6354166666666667 0.12582417582417582 0.15694444444444444
0 0.5953296703296703 0.7715277777777778 0.02912087912087912 0.034722222222222224
0 0.5134615384615384 0.6663194444444445 0.21153846153846154 0.2659722222222222
0 0.6807692307692308 0.8729166666666667 0.16703296703296702 0.20416666666666666
0 0.7406593406593407 0.9520833333333334 0.30439560439560437 0.3861111111111111
0 0.6296703296703297 0.8104166666666667 0.13516483516483516 0.16666666666666669
0 0.6082417582417582 0.7857638888888889 0.2087912087912088 0.25069444444444444
0 0.646978021978022 0.8333333333333334 0.1412087912087912 0.18333333333333335
0 0.3769230769230769 0.48923611111111115 0.4912087912087912 0.63125
0 0.39478021978021977 0.5184027777777778 0.5258241758241758 0.6465277777777778
0 0.2826923076923077 0.37395833333333334 0.4368131868131868 0.5659722222222222
0 0.2326923076923077 0.30694444444444446 0.1467032967032967 0.18472222222222223
0 0.21373626373626373 0.2868055555555556 0.25824175824175827 0.3388888888888889
0 0.1337912087912088 0.18298611111111113 0.0016483516483516484 0.009027777777777779
0 0.1217032967032967 0.16944444444444445 0.128021978021978 0.15416666666666667
0 0.23846153846153847 0.31354166666666666 0.23516483516483516 0.29930555555555555
0 0.45879120879120877 0.5989583333333334 0.5373626373626373 0.6826388888888889
0 0.4304945054945055 0.5680555555555555 0.5697802197802198 0.7125
0 0.5607142857142857 0.7277777777777779 0.7126373626373627 0.9166666666666667
0 0.47197802197802197 0.6197916666666667 0.7549450549450549 0.9729166666666667
