0 0.23554687500000002 0.4388888888888889 0.0546875 0.11666666666666667
0 0.21738281250000002 0.40520833333333334 0.0027343750000000003 0.0034722222222222225
0 0.2818359375 0.521875 0.079296875 0.13958333333333334
0 0.1267578125 0.24270833333333333 0.154296875 0.2715277777777778
0 0.13359375 0.2576388888888889 0.1796875 0.325
0 0.1443359375 0.27361111111111114 0.197265625 0.3597222222222222
0 0.1947265625 0.3611111111111111 0.070703125 0.1375
0 0.3482421875 0.6326388888888889 0.223046875 0.39583333333333337
0 0.33242187500000003 0.607638888888889 0.2171875 0.375
0 0.3701171875 0.6756944444444445 0.16367187500000002 0.27361111111111114
0 0.35273437500000004 0.6451388888888889 0.259375 0.4763888888888889
0 0.39375000000000004 0.721875 0.3171875 0.56875
0 0.286328125 0.5256944444444445 0.4109375 0.7236111111111111
0 0.248828125 0.46111111111111114 0.43359375 0.7666666666666667
0 0.35000000000000003 0.6395833333333334 0.42734375 0.7458333333333333
0 0.5158203125 0.9381944444444444 0.08085937500000001 0.14166666666666666
0 0.46210937500000004 0.8427083333333334 0.021875000000000002 0.06041666666666667
0 0.4521484375 0.8243055555555556 0.044140625 0.06805555555555556
0 0.47480468750000004 0.8663194444444445 0.44570312500000003 0.7840277777777778
0 0.4970703125 0.9020833333333333 0.405859375 0.7027777777777778
0 0.5109375 0.9277777777777778 0.3796875 0.6583333333333333
