0 0.1793956043956044 0.2517361111111111 0.014835164835164835 0.01875
0 0.14862637362637363 0.2138888888888889 0.022527472527472527 0.03194444444444445
0 0.1554945054945055 0.22013888888888888 0.07252747252747253 0.09444444444444444
0 0.4258241758241758 0.5572916666666667 0.38571428571428573 0.48680555555555555
0 0.4532967032967033 0.59375 0.4076923076923077 0.5263888888888889
0 0.4760989010989011 0.6291666666666667 0.2917582417582418 0.3666666666666667
0 0.4664835164835165 0.6128472222222222 0.7549450549450549 0.9604166666666667
0 0.4620879120879121 0.6041666666666667 0.7626373626373626 0.9680555555555556
0 0.4184065934065934 0.5503472222222222 0.5862637362637363 0.7506944444444444
0 0.6648351648351648 0.8597222222222223 0.35384615384615387 0.4375
0 0.6903846153846154 0.8986111111111111 0.40824175824175823 0.5222222222222223
0 0.6747252747252748 0.8791666666666667 0.12637362637362637 0.16666666666666669
0 0.5101648351648351 0.6704861111111111 0.2510989010989011 0.33263888888888893
0 0.49642857142857144 0.6527777777777778 0.2543956043956044 0.3263888888888889
0 0.4563186813186813 0.6034722222222223 0.17087912087912088 0.22777777777777777
0 0.40934065934065933 0.5447916666666667 0.35494505494505496 0.45208333333333334
0 0.33104395604395603 0.4447916666666667 0.43131868131868134 0.5423611111111112
0 0.2975274725274725 0.4 0.4785714285714286 0.6111111111111112
