0 0.288671875 0.5291666666666667 0.07968750000000001 0.1277777777777778
0 0.2328125 0.43472222222222223 0.05078125 0.08611111111111111
0 0.21406250000000002 0.3982638888888889 0.0234375 0.05625
0 0.11992187500000001 0.22847222222222224 0.1328125 0.24305555555555555
0 0.12070312500000001 0.22916666666666669 0.1203125 0.225
0 0.1275390625 0.24166666666666667 0.102734375 0.19166666666666668
0 0.137109375 0.2625 0.0671875 0.10555555555555556
0 0.350390625 0.6364583333333333 0.2234375 0.3965277777777778
0 0.3474609375 0.6395833333333334 0.10820312500000001 0.19444444444444445
0 0.358203125 0.654513888888889 0.19062500000000002 0.32708333333333334
0 0.4087890625 0.7447916666666667 0.29335937500000003 0.53125
0 0.3638671875 0.6677083333333333 0.29726562500000003 0.53125
0 0.27871093750000003 0.5118055555555556 0.408203125 0.7305555555555556
0 0.283984375 0.5194444444444445 0.5164062500000001 0.9277777777777778
0 0.30683593750000004 0.5670138888888889 0.312109375 0.5618055555555556
0 0.46953125 0.8541666666666667 0.0734375 0.12916666666666668
0 0.49824218750000004 0.9055555555555556 0.099609375 0.18888888888888888
0 0.44550781250000004 0.8121527777777778 0.136328125 0.2576388888888889
0 0.4892578125 0.8947916666666667 0.416015625 0.7423611111111111
0 0.494140625 0.8979166666666667 0.53359375 0.9305555555555556
0 0.46328125000000003 0.84375 0.48984375 0.8902777777777778
0 0.5451171875 0.9906250000000001 0.40351562500000004 0.7340277777777778
0 0.48554687500000004 0.8777777777777778 0.45 0.7930555555555556
0 0.288671875 0.5291666666666667 0.07968750000000001 0.1277777777777778
0 0.2328125 0.43472222222222223 0.05078125 0.08611111111111111
0 0.21406250000000002 0.3982638888888889 0.0234375 0.05625
0 0.11992187500000001 0.22847222222222224 0.1328125 0.24305555555555555
0 0.12070312500000001 0.22916666666666669 0.1203125 0.225
0 0.1275390625 0.24166666666666667 0.102734375 0.19166666666666668
0 0.137109375 0.2625 0.0671875 0.10555555555555556
0 0.350390625 0.6364583333333333 0.2234375 0.3965277777777778
0 0.3474609375 0.6395833333333334 0.10820312500000001 0.19444444444444445
0 0.358203125 0.654513888888889 0.19062500000000002 0.32708333333333334
0 0.4087890625 0.7447916666666667 0.29335937500000003 0.53125
0 0.3638671875 0.6677083333333333 0.29726562500000003 0.53125
0 0.27871093750000003 0.5118055555555556 0.408203125 0.7305555555555556
0 0.283984375 0.5194444444444445 0.5164062500000001 0.9277777777777778
0 0.30683593750000004 0.5670138888888889 0.312109375 0.5618055555555556
0 0.46953125 0.8541666666666667 0.0734375 0.12916666666666668
0 0.49824218750000004 0.9055555555555556 0.099609375 0.18888888888888888
0 0.44550781250000004 0.8121527777777778 0.136328125 0.2576388888888889
0 0.4892578125 0.8947916666666667 0.416015625 0.7423611111111111
0 0.494140625 0.8979166666666667 0.53359375 0.9305555555555556
0 0.46328125000000003 0.84375 0.48984375 0.8902777777777778
0 0.5451171875 0.9906250000000001 0.40351562500000004 0.7340277777777778
0 0.48554687500000004 0.8777777777777778 0.45 0.7930555555555556
