0 0.2048828125 0.384375 0.138671875 0.26458333333333334
0 0.1375 0.2652777777777778 0.10312500000000001 0.17500000000000002
0 0.176171875 0.3375 0.021875000000000002 0.043055555555555555
0 0.2974609375 0.5444444444444445 0.10117187500000001 0.16666666666666669
0 0.2716796875 0.5017361111111112 0.08085937500000001 0.14652777777777778
0 0.2763671875 0.5104166666666667 0.07695312500000001 0.13194444444444445
0 0.366796875 0.6739583333333333 0.13125 0.2215277777777778
0 0.30605468750000003 0.5642361111111112 0.146484375 0.26875
0 0.28515625 0.5277777777777778 0.5125000000000001 0.9263888888888889
0 0.24628906250000002 0.45937500000000003 0.412109375 0.7201388888888889
0 0.25625000000000003 0.4743055555555556 0.34609375000000003 0.6041666666666667
0 0.38984375000000004 0.7166666666666667 0.3671875 0.6555555555555556
0 0.366796875 0.6743055555555556 0.18359375 0.3041666666666667
0 0.4267578125 0.7802083333333334 0.316015625 0.5506944444444445
0 0.5007812500000001 0.9125000000000001 0.015625 0.008333333333333333
0 0.471484375 0.8597222222222223 0.04453125 0.08611111111111111
0 0.45820312500000004 0.835763888888889 0.0390625 0.09097222222222223
0 0.41523437500000004 0.7545138888888889 0.54609375 0.9548611111111112
