0 0.24368131868131868 0.33229166666666665 0.10824175824175825 0.11736111111111111
0 0.2478021978021978 0.33784722222222224 0.12087912087912088 0.1451388888888889
0 0.26785714285714285 0.36180555555555555 0.09945054945054944 0.10555555555555556
0 0.378021978021978 0.4979166666666667 0.27912087912087913 0.3625
0 0.3373626373626374 0.44409722222222225 0.27472527472527475 0.36180555555555555
0 0.45357142857142857 0.5996527777777778 0.20054945054945056 0.2701388888888889
0 0.5607142857142857 0.7371527777777778 0.6456043956043956 0.8131944444444444
0 0.5381868131868132 0.7048611111111112 0.7368131868131869 0.9111111111111111
0 0.49065934065934064 0.6430555555555556 0.7824175824175824 0.9819444444444445
0 0.6354395604395604 0.8256944444444445 0.3291208791208791 0.43333333333333335
0 0.6247252747252747 0.8170138888888889 0.33516483516483514 0.43125
0 0.7197802197802198 0.9319444444444445 0.12197802197802197 0.14027777777777778
0 0.5752747252747252 0.7534722222222222 0.13516483516483516 0.16944444444444445
0 0.4357142857142857 0.5767361111111111 0.20659340659340658 0.26458333333333334
0 0.5115384615384615 0.6725694444444444 0.27472527472527475 0.3451388888888889
0 0.39587912087912086 0.5256944444444445 0.32362637362637364 0.42083333333333334
0 0.4 0.5319444444444444 0.3505494505494505 0.46111111111111114
0 0.3151098901098901 0.42430555555555555 0.48736263736263735 0.6152777777777778
