0 0.1543956043956044 0.21736111111111112 0.06263736263736264 0.08611111111111111
0 0.16291208791208792 0.22986111111111113 0.046703296703296704 0.0638888888888889
0 0.20576923076923076 0.28611111111111115 0.13021978021978023 0.16527777777777777
0 0.3978021978021978 0.525 0.2868131868131868 0.35555555555555557
0 0.4258241758241758 0.5538194444444444 0.3868131868131868 0.47847222222222224
0 0.4472527472527473 0.5871527777777777 0.16263736263736264 0.22013888888888888
0 0.4703296703296703 0.6184027777777779 0.7472527472527473 0.9576388888888889
0 0.47445054945054943 0.6215277777777778 0.7796703296703297 0.9944444444444445
0 0.45274725274725275 0.5947916666666667 0.7692307692307693 0.9812500000000001
0 0.6576923076923077 0.8479166666666667 0.3659340659340659 0.47361111111111115
0 0.7019230769230769 0.9131944444444445 0.11703296703296703 0.1388888888888889
0 0.6708791208791208 0.8739583333333334 0.11978021978021978 0.14791666666666667
0 0.5870879120879121 0.7701388888888889 0.15879120879120878 0.20833333333333334
0 0.5719780219780219 0.7489583333333334 0.22197802197802197 0.28541666666666665
0 0.5541208791208792 0.7256944444444444 0.21813186813186813 0.26666666666666666
0 0.3752747252747253 0.4986111111111111 0.4989010989010989 0.6194444444444445
0 0.31263736263736264 0.42083333333333334 0.4714285714285714 0.5930555555555556
0 0.3101648351648352 0.41944444444444445 0.2489010989010989 0.3041666666666667
