0 0.2549450549450549 0.3472222222222222 0.04395604395604395 0.05
0 0.1596153846153846 0.22604166666666667 0.024725274725274724 0.03819444444444445
0 0.23708791208791208 0.32430555555555557 0.1576923076923077 0.19861111111111113
0 0.3464285714285714 0.45763888888888893 0.3565934065934066 0.4444444444444445
0 0.4645604395604396 0.609375 0.19725274725274725 0.2451388888888889
0 0.4653846153846154 0.6142361111111111 0.34285714285714286 0.42291666666666666
0 0.5076923076923077 0.6649305555555556 0.5274725274725275 0.6784722222222223
0 0.4156593406593407 0.5489583333333333 0.6642857142857143 0.8520833333333334
0 0.40906593406593406 0.5388888888888889 0.6412087912087913 0.8152777777777778
0 0.6788461538461539 0.8840277777777779 0.12472527472527473 0.15694444444444444
0 0.6373626373626373 0.8236111111111112 0.24725274725274726 0.29583333333333334
0 0.7543956043956044 0.9760416666666667 0.2956043956043956 0.36736111111111114
0 0.5054945054945055 0.6638888888888889 0.29010989010989013 0.3541666666666667
0 0.4958791208791209 0.6524305555555556 0.2785714285714286 0.3576388888888889
0 0.4945054945054945 0.6482638888888889 0.2725274725274725 0.3451388888888889
0 0.39285714285714285 0.521875 0.4230769230769231 0.5298611111111111
0 0.3862637362637363 0.5163194444444444 0.42527472527472526 0.5381944444444444
0 0.3967032967032967 0.5277777777777778 0.36043956043956044 0.45833333333333337
