0 0.4870879120879121 0.6329861111111111 0.12252747252747252 0.15763888888888888
0 0.5925824175824176 0.7625000000000001 0.03571428571428571 0.051388888888888894
0 0.5972527472527472 0.771875 0.05274725274725275 0.06458333333333334
0 0.5285714285714286 0.6829861111111112 0.15384615384615385 0.20069444444444445
0 0.35274725274725277 0.4618055555555556 0.5252747252747253 0.6652777777777779
0 0.34807692307692306 0.4600694444444445 0.4521978021978022 0.5618055555555556
0 0.3873626373626374 0.5048611111111111 0.23406593406593407 0.29444444444444445
0 0.6302197802197802 0.8114583333333334 0.12967032967032968 0.16736111111111113
0 0.6392857142857142 0.8225694444444445 0.16538461538461538 0.20625000000000002
0 0.6478021978021978 0.8371527777777779 0.15054945054945054 0.18819444444444444
0 0.6760989010989011 0.86875 0.1543956043956044 0.19305555555555556
0 0.5958791208791209 0.7701388888888889 0.21263736263736263 0.2569444444444445
0 0.4879120879120879 0.6399305555555556 0.45714285714285713 0.5743055555555556
0 0.46675824175824177 0.6059027777777778 0.47307692307692306 0.5923611111111111
0 0.4857142857142857 0.6291666666666667 0.4703296703296703 0.6
0 0.47994505494505496 0.6277777777777778 0.6576923076923077 0.8361111111111111
0 0.4774725274725275 0.6149305555555555 0.6736263736263737 0.8493055555555555
0 0.49725274725274726 0.6402777777777778 0.6934065934065934 0.8791666666666667
0 0.5615384615384615 0.7319444444444445 0.7329670329670329 0.9083333333333333
0 0.37142857142857144 0.49097222222222225 0.3978021978021978 0.5027777777777778
0 0.31785714285714284 0.421875 0.23131868131868133 0.30347222222222225
0 0.389010989010989 0.5027777777777778 0.2230769230769231 0.28055555555555556
0 0.26703296703296703 0.3458333333333333 0.17472527472527472 0.22361111111111112
0 0.1771978021978022 0.23923611111111112 0.08406593406593407 0.09652777777777778
0 0.24725274725274726 0.32743055555555556 0.2153846153846154 0.2604166666666667
0 0.2392857142857143 0.31319444444444444 0.13681318681318683 0.17916666666666667
0 0.2217032967032967 0.2923611111111111 0.2510989010989011 0.3111111111111111
0 0.18021978021978022 0.24375000000000002 0.1076923076923077 0.13194444444444445
