0 0.17115384615384616 0.23958333333333334 0.011538461538461539 0.019444444444444445
0 0.19642857142857142 0.2704861111111111 0.12472527472527473 0.17430555555555557
0 0.20412087912087912 0.28402777777777777 0.1401098901098901 0.1763888888888889
0 0.31346153846153846 0.4232638888888889 0.25769230769230766 0.31736111111111115
0 0.44478021978021975 0.5819444444444445 0.38076923076923075 0.49444444444444446
0 0.435989010989011 0.5736111111111112 0.40824175824175823 0.5111111111111112
0 0.512087912087912 0.6670138888888889 0.5824175824175825 0.7381944444444445
0 0.4337912087912088 0.5722222222222223 0.5785714285714286 0.7138888888888889
0 0.4197802197802198 0.5527777777777778 0.7120879120879121 0.9166666666666667
0 0.6186813186813187 0.804513888888889 0.3054945054945055 0.38680555555555557
0 0.7126373626373627 0.9236111111111112 0.11648351648351649 0.15833333333333333
0 0.7532967032967033 0.9777777777777779 0.2835164835164835 0.3513888888888889
0 0.5247252747252747 0.6899305555555556 0.01978021978021978 0.014583333333333334
0 0.5093406593406593 0.6690972222222222 0.01978021978021978 0.021527777777777778
0 0.5587912087912088 0.7322916666666667 0.1076923076923077 0.13125
0 0.37637362637362637 0.4996527777777778 0.4758241758241758 0.5909722222222222
0 0.3752747252747253 0.5006944444444444 0.4868131868131868 0.6
0 0.35494505494505496 0.4729166666666667 0.5043956043956044 0.6291666666666667
