0 0.2230769230769231 0.3027777777777778 0.056043956043956046 0.05555555555555556
0 0.22362637362637364 0.3079861111111111 0.11648351648351649 0.15208333333333335
0 0.22582417582417583 0.3104166666666667 0.12857142857142856 0.15694444444444444
0 0.3637362637362637 0.48125 0.27692307692307694 0.3597222222222222
0 0.3357142857142857 0.44270833333333337 0.3153846153846154 0.4118055555555556
0 0.4208791208791209 0.5572916666666667 0.4032967032967033 0.49375
0 0.45714285714285713 0.5986111111111111 0.6626373626373626 0.851388888888889
0 0.41593406593406596 0.5513888888888889 0.7054945054945055 0.9041666666666667
0 0.4142857142857143 0.5465277777777778 0.6681318681318681 0.8625
0 0.6983516483516483 0.9031250000000001 0.1076923076923077 0.14097222222222222
0 0.6269230769230769 0.8170138888888889 0.2813186813186813 0.34375
0 0.6994505494505494 0.9104166666666667 0.4043956043956044 0.5013888888888889
0 0.5384615384615384 0.7055555555555556 0.27912087912087913 0.33333333333333337
0 0.5585164835164835 0.7291666666666667 0.22582417582417583 0.26666666666666666
0 0.5530219780219781 0.7204861111111112 0.02032967032967033 0.04097222222222222
0 0.3942307692307692 0.521875 0.3192307692307692 0.42291666666666666
0 0.39065934065934066 0.5173611111111112 0.2967032967032967 0.3944444444444445
0 0.3241758241758242 0.43506944444444445 0.3802197802197802 0.4756944444444445
