0 0.15989010989010988 0.22881944444444446 0.02967032967032967 0.035416666666666666
0 0.16758241758241757 0.23368055555555556 0.08241758241758242 0.11319444444444444
0 0.18763736263736264 0.2670138888888889 0.18846153846153846 0.23819444444444446
0 0.3568681318681319 0.46944444444444444 0.49835164835164836 0.6208333333333333
0 0.421978021978022 0.5569444444444445 0.34505494505494505 0.4277777777777778
0 0.5953296703296703 0.7777777777777778 0.2521978021978022 0.3013888888888889
0 0.6181318681318682 0.8079861111111112 0.06153846153846154 0.08541666666666667
0 0.6148351648351649 0.8065972222222223 0.01868131868131868 0.025694444444444447
0 0.7675824175824176 0.9961805555555556 0.17362637362637362 0.22708333333333333
0 0.775 0.998263888888889 0.20714285714285716 0.26180555555555557
0 0.46923076923076923 0.6180555555555556 0.6175824175824176 0.8027777777777778
0 0.5244505494505495 0.6843750000000001 0.7774725274725275 0.9729166666666667
0 0.5840659340659341 0.7697916666666667 0.6615384615384615 0.8395833333333333
0 0.38076923076923075 0.5076388888888889 0.3373626373626374 0.4166666666666667
0 0.26895604395604394 0.3597222222222222 0.18516483516483517 0.22083333333333335
0 0.2423076923076923 0.33437500000000003 0.1978021978021978 0.25069444444444444
0 0.43241758241758244 0.5701388888888889 0.34945054945054943 0.4513888888888889
