0 0.2379120879120879 0.3128472222222222 0.24395604395604395 0.30208333333333337
0 0.19917582417582416 0.26875 0.2598901098901099 0.34305555555555556
0 0.20906593406593407 0.28125 0.08736263736263736 0.09722222222222222
0 0.16456043956043956 0.2263888888888889 0.06538461538461539 0.08055555555555556
0 0.2923076923076923 0.38958333333333334 0.1 0.11944444444444445
0 0.26895604395604394 0.35694444444444445 0.18186813186813186 0.22916666666666669
0 0.45906593406593404 0.5972222222222222 0.08956043956043956 0.12361111111111112
0 0.5980769230769231 0.7708333333333334 0.056593406593406594 0.06666666666666667
0 0.5934065934065934 0.7645833333333334 0.007692307692307693 0.005555555555555556
0 0.6296703296703297 0.8090277777777778 0.13516483516483516 0.16805555555555557
0 0.6807692307692308 0.8753472222222223 0.16813186813186815 0.20486111111111113
0 0.6719780219780219 0.8663194444444445 0.13956043956043956 0.18680555555555556
0 0.667032967032967 0.857638888888889 0.15604395604395604 0.18194444444444446
0 0.7401098901098901 0.9482638888888889 0.30439560439560437 0.38819444444444445
0 0.5335164835164835 0.6892361111111112 0.11978021978021978 0.16597222222222222
0 0.4623626373626374 0.603125 0.5554945054945055 0.6826388888888889
0 0.42032967032967034 0.5545138888888889 0.6714285714285714 0.8590277777777778
0 0.439010989010989 0.5760416666666667 0.7307692307692307 0.9284722222222223
0 0.4315934065934066 0.5670138888888889 0.5719780219780219 0.7145833333333333
0 0.3747252747252747 0.48958333333333337 0.4978021978021978 0.6333333333333333
0 0.38186813186813184 0.5041666666666667 0.5274725274725275 0.6625
0 0.28104395604395604 0.37430555555555556 0.4412087912087912 0.5694444444444444
0 0.4167582417582418 0.5381944444444444 0.23901098901098902 0.29583333333333334
0 0.2826923076923077 0.37083333333333335 0.40054945054945057 0.5013888888888889
