0 0.1596153846153846 0.22465277777777778 0.05 0.07986111111111112
0 0.1673076923076923 0.2371527777777778 0.07307692307692308 0.10486111111111111
0 0.1631868131868132 0.22812500000000002 0.07472527472527472 0.11319444444444444
0 0.42527472527472526 0.5635416666666667 0.13076923076923078 0.1840277777777778
0 0.3021978021978022 0.40381944444444445 0.26373626373626374 0.33263888888888893
0 0.36346153846153845 0.4791666666666667 0.2368131868131868 0.28750000000000003
0 0.4771978021978022 0.6336805555555556 0.5214285714285715 0.6534722222222222
0 0.5068681318681318 0.6625 0.7510989010989011 0.9583333333333334
0 0.673901098901099 0.8767361111111112 0.3445054945054945 0.44236111111111115
0 0.6519230769230769 0.8493055555555555 0.3851648351648352 0.5041666666666667
0 0.7101648351648352 0.9159722222222223 0.25659340659340657 0.3402777777777778
0 0.5697802197802198 0.7468750000000001 0.1010989010989011 0.13680555555555557
0 0.5769230769230769 0.7569444444444444 0.13736263736263737 0.1902777777777778
0 0.528021978021978 0.69375 0.24285714285714285 0.2972222222222222
0 0.3381868131868132 0.45381944444444444 0.2510989010989011 0.3229166666666667
0 0.3543956043956044 0.4746527777777778 0.24835164835164836 0.3229166666666667
0 0.33763736263736266 0.45243055555555556 0.360989010989011 0.46875
