0 0.17252747252747253 0.24444444444444446 0.07032967032967033 0.08472222222222223
0 0.16840659340659342 0.23645833333333335 0.02912087912087912 0.050694444444444445
0 0.28516483516483515 0.38784722222222223 0.04065934065934066 0.03680555555555556
0 0.3598901098901099 0.4774305555555556 0.23846153846153847 0.29097222222222224
0 0.39505494505494504 0.5284722222222222 0.15934065934065933 0.1902777777777778
0 0.41593406593406596 0.546875 0.378021978021978 0.47708333333333336
0 0.4524725274725275 0.5947916666666667 0.7291208791208791 0.9298611111111111
0 0.493956043956044 0.6472222222222223 0.7450549450549451 0.9305555555555556
0 0.45494505494505494 0.5993055555555555 0.7714285714285715 0.9847222222222223
0 0.7552197802197802 0.9822916666666667 0.30494505494505497 0.3784722222222222
0 0.6288461538461538 0.820138888888889 0.31153846153846154 0.40555555555555556
0 0.7288461538461538 0.9392361111111112 0.20494505494505494 0.2701388888888889
0 0.5892857142857143 0.7746527777777779 0.17417582417582417 0.21875
0 0.5335164835164835 0.7048611111111112 0.2813186813186813 0.34861111111111115
0 0.5126373626373626 0.6756944444444445 0.2846153846153846 0.35833333333333334
0 0.37252747252747254 0.5003472222222223 0.33406593406593404 0.42708333333333337
0 0.3791208791208791 0.5045138888888889 0.48131868131868133 0.59375
0 0.27912087912087913 0.37986111111111115 0.3032967032967033 0.4027777777777778
