0 0.22280219780219782 0.3024305555555556 0.00934065934065934 0.010416666666666668
0 0.2260989010989011 0.30173611111111115 0.04010989010989011 0.03958333333333333
0 0.20274725274725275 0.2760416666666667 0.06923076923076923 0.10069444444444445
0 0.17747252747252748 0.24409722222222224 0.23846153846153847 0.29930555555555555
0 0.2936813186813187 0.39305555555555555 0.12142857142857143 0.1375
0 0.4126373626373626 0.5388888888888889 0.3054945054945055 0.39166666666666666
0 0.27774725274725276 0.36770833333333336 0.3873626373626374 0.5020833333333333
0 0.5129120879120879 0.6697916666666667 0.4631868131868132 0.5868055555555556
0 0.5186813186813187 0.6822916666666667 0.721978021978022 0.9229166666666667
0 0.570054945054945 0.7475694444444445 0.7148351648351648 0.882638888888889
0 0.6137362637362638 0.795138888888889 0.17802197802197803 0.22916666666666669
0 0.6398351648351648 0.8267361111111111 0.19615384615384615 0.24375000000000002
0 0.6271978021978022 0.8100694444444445 0.13901098901098902 0.16458333333333333
0 0.673901098901099 0.8697916666666667 0.17527472527472526 0.22013888888888888
0 0.6802197802197802 0.8819444444444445 0.13516483516483516 0.17916666666666667
0 0.5530219780219781 0.7208333333333333 0.17747252747252748 0.22222222222222224
0 0.46785714285714286 0.6125 0.09615384615384616 0.13055555555555556
0 0.49038461538461536 0.6371527777777778 0.07747252747252747 0.10208333333333333
0 0.41813186813186815 0.5454861111111111 0.06923076923076923 0.08125
0 0.3332417582417582 0.44270833333333337 0.23461538461538461 0.29097222222222224
0 0.36840659340659343 0.4864583333333333 0.2291208791208791 0.2965277777777778
0 0.4206043956043956 0.5486111111111112 0.493956043956044 0.6125
