0 0.2888671875 0.5416666666666667 0.060546875 0.12361111111111112
0 0.288671875 0.5333333333333333 0.078125 0.1513888888888889
0 0.2951171875 0.5458333333333334 0.098828125 0.16111111111111112
0 0.21171875 0.39583333333333337 0.0765625 0.15694444444444444
0 0.154296875 0.296875 0.14140625 0.24930555555555556
0 0.16660156250000002 0.3125 0.226953125 0.3902777777777778
0 0.35703125 0.6524305555555556 0.25859375 0.47847222222222224
0 0.29375 0.5496527777777778 0.18671875000000002 0.33125
0 0.3013671875 0.5597222222222222 0.169921875 0.3027777777777778
0 0.45722656250000004 0.8347222222222223 0.030078125 0.07361111111111111
0 0.4736328125 0.8642361111111111 0.028515625000000003 0.03680555555555556
0 0.5320312500000001 0.9663194444444445 0.03828125 0.08402777777777778
0 0.44843750000000004 0.8173611111111111 0.24765625000000002 0.42083333333333334
0 0.39179687500000004 0.7208333333333333 0.35000000000000003 0.6083333333333334
0 0.3669921875 0.6746527777777778 0.30585937500000004 0.5659722222222222
0 0.23398437500000002 0.44097222222222227 0.38203125000000004 0.675
0 0.2619140625 0.4871527777777778 0.45429687500000004 0.8284722222222223
0 0.2912109375 0.5361111111111111 0.459765625 0.7986111111111112
0 0.421875 0.7670138888888889 0.546875 0.96875
