0 0.6928571428571428 0.8899305555555556 0.3769230769230769 0.4743055555555556
0 0.698076923076923 0.8996527777777779 0.39285714285714285 0.4840277777777778
0 0.6445054945054945 0.8253472222222222 0.27692307692307694 0.3493055555555556
0 0.39203296703296703 0.5111111111111112 0.5324175824175824 0.6666666666666667
0 0.2876373626373626 0.3767361111111111 0.2785714285714286 0.3479166666666667
0 0.27582417582417584 0.36770833333333336 0.27912087912087913 0.3479166666666667
0 0.45576923076923076 0.5913194444444445 0.19505494505494506 0.23680555555555557
0 0.49532967032967035 0.6409722222222223 0.10494505494505495 0.11944444444444445
0 0.4197802197802198 0.5475694444444444 0.05054945054945055 0.07847222222222222
0 0.44148351648351647 0.5708333333333333 0.08736263736263736 0.11805555555555557
0 0.2434065934065934 0.32708333333333334 0.21428571428571427 0.25972222222222224
0 0.24752747252747254 0.3295138888888889 0.1412087912087912 0.17291666666666666
0 0.2612637362637363 0.34826388888888893 0.12692307692307692 0.15208333333333335
0 0.22527472527472528 0.30069444444444443 0.05824175824175824 0.06666666666666667
0 0.2574175824175824 0.33784722222222224 0.18956043956043955 0.23402777777777778
0 0.2357142857142857 0.3145833333333333 0.31868131868131866 0.4041666666666667
0 0.31043956043956045 0.40902777777777777 0.432967032967033 0.5569444444444445
0 0.44065934065934065 0.5732638888888889 0.6153846153846154 0.7743055555555556
0 0.4173076923076923 0.5427083333333333 0.5543956043956044 0.6909722222222222
0 0.46401098901098903 0.6010416666666667 0.4928571428571429 0.6118055555555556
0 0.4458791208791209 0.5743055555555556 0.5412087912087912 0.6861111111111111
0 0.41620879120879123 0.5371527777777778 0.7137362637362638 0.9076388888888889
0 0.42225274725274725 0.546875 0.7214285714285714 0.9090277777777778
0 0.4239010989010989 0.5503472222222222 0.7302197802197802 0.9159722222222223
0 0.43543956043956045 0.5572916666666667 0.7269230769230769 0.9187500000000001
0 0.4013736263736264 0.5177083333333333 0.6467032967032967 0.8131944444444444
0 0.4087912087912088 0.5270833333333333 0.6285714285714286 0.8013888888888889
0 0.42967032967032964 0.5534722222222223 0.7417582417582418 0.9319444444444445
0 0.4510989010989011 0.5802083333333333 0.7516483516483516 0.9534722222222223
0 0.47445054945054943 0.6138888888888889 0.7796703296703297 0.9847222222222223
0 0.4991758241758242 0.6465277777777778 0.782967032967033 0.9930555555555556
0 0.5258241758241758 0.6805555555555556 0.7208791208791209 0.9027777777777778
0 0.6247252747252747 0.8059027777777779 0.42857142857142855 0.5256944444444445
0 0.6269230769230769 0.8027777777777778 0.4032967032967033 0.513888888888889
0 0.6225274725274725 0.7982638888888889 0.34175824175824177 0.4395833333333333
0 0.6013736263736263 0.7763888888888889 0.39725274725274723 0.5111111111111112
0 0.6016483516483516 0.7715277777777778 0.3098901098901099 0.3902777777777778
0 0.567032967032967 0.7291666666666667 0.26153846153846155 0.33333333333333337
0 0.6195054945054945 0.795138888888889 0.19945054945054946 0.2513888888888889
0 0.7214285714285714 0.925 0.2043956043956044 0.26805555555555555
0 0.40494505494505495 0.5336805555555556 0.44945054945054946 0.5548611111111111
