0 0.125 0.1795138888888889 0.03901098901098901 0.052083333333333336
0 0.11456043956043956 0.15972222222222224 0.025824175824175823 0.016666666666666666
0 0.12142857142857143 0.16944444444444445 0.014285714285714285 0.020833333333333336
0 0.2392857142857143 0.3142361111111111 0.03571428571428571 0.043750000000000004
0 0.22417582417582418 0.2954861111111111 0.05934065934065934 0.07708333333333334
0 0.1574175824175824 0.215625 0.22802197802197802 0.30208333333333337
0 0.19532967032967033 0.2586805555555556 0.09615384615384616 0.12013888888888889
0 0.3162087912087912 0.4166666666666667 0.12252747252747252 0.14305555555555557
0 0.2848901098901099 0.3732638888888889 0.14560439560439561 0.18125
0 0.24505494505494504 0.32916666666666666 0.20659340659340658 0.25277777777777777
0 0.4760989010989011 0.6166666666666667 0.5521978021978022 0.6902777777777778
0 0.428021978021978 0.5559027777777777 0.5571428571428572 0.6951388888888889
0 0.41703296703296705 0.5413194444444445 0.6241758241758242 0.7868055555555555
0 0.41510989010989013 0.5388888888888889 0.6203296703296703 0.7694444444444445
0 0.4129120879120879 0.5361111111111111 0.6104395604395605 0.7652777777777778
0 0.48846153846153845 0.6302083333333334 0.6406593406593406 0.8145833333333333
0 0.45576923076923076 0.5902777777777778 0.7543956043956044 0.9666666666666667
0 0.45714285714285713 0.5916666666666667 0.7692307692307693 0.9750000000000001
0 0.4115384615384615 0.5347222222222222 0.6725274725274726 0.8638888888888889
0 0.6645604395604395 0.8607638888888889 0.4521978021978022 0.5729166666666667
0 0.6615384615384615 0.8520833333333334 0.44065934065934065 0.5444444444444445
0 0.6225274725274725 0.8020833333333334 0.24505494505494504 0.3180555555555556
0 0.6043956043956044 0.7756944444444445 0.20549450549450549 0.25972222222222224
0 0.5821428571428572 0.7475694444444445 0.19285714285714287 0.23958333333333334
0 0.596978021978022 0.7725694444444444 0.1576923076923077 0.1798611111111111
0 0.5689560439560439 0.7388888888888889 0.33791208791208793 0.43472222222222223
0 0.7247252747252747 0.9302083333333334 0.3516483516483516 0.4548611111111111
0 0.4304945054945055 0.560763888888889 0.08956043956043956 0.12013888888888889
0 0.4277472527472527 0.5565972222222223 0.17417582417582417 0.20486111111111113
0 0.43873626373626373 0.5680555555555555 0.17417582417582417 0.225
0 0.37884615384615383 0.4934027777777778 0.29395604395604397 0.36875
0 0.27802197802197803 0.36562500000000003 0.2923076923076923 0.3701388888888889
0 0.25659340659340657 0.33993055555555557 0.31978021978021975 0.39513888888888893
0 0.2489010989010989 0.3284722222222222 0.32857142857142857 0.4152777777777778
0 0.25851648351648354 0.33819444444444446 0.3302197802197802 0.41944444444444445
