0 0.27734375 0.513888888888889 0.034375 0.06666666666666667
0 0.2337890625 0.4354166666666667 0.0074218750000000005 0.015277777777777779
0 0.234375 0.43645833333333334 0.043750000000000004 0.09652777777777778
0 0.1962890625 0.3649305555555556 0.07382812500000001 0.1423611111111111
0 0.18203125 0.3388888888888889 0.0578125 0.11527777777777778
0 0.14960937500000002 0.28368055555555555 0.057031250000000006 0.11180555555555556
0 0.3474609375 0.6336805555555556 0.236328125 0.4256944444444445
0 0.34980468750000004 0.6420138888888889 0.273046875 0.5006944444444444
0 0.44570312500000003 0.8093750000000001 0.2265625 0.41458333333333336
0 0.4228515625 0.7701388888888889 0.205078125 0.3527777777777778
0 0.358984375 0.6586805555555556 0.275 0.49236111111111114
0 0.2712890625 0.49756944444444445 0.463671875 0.8326388888888889
0 0.272265625 0.5027777777777778 0.48671875000000003 0.8638888888888889
0 0.30585937500000004 0.5611111111111111 0.515625 0.9041666666666667
0 0.4654296875 0.8472222222222222 0.059765625 0.11805555555555557
0 0.48261718750000004 0.8756944444444444 0.10117187500000001 0.18888888888888888
0 0.5398437500000001 0.9802083333333333 0.08984375 0.15208333333333335
0 0.5064453125 0.9243055555555556 0.5339843750000001 0.9375
0 0.46210937500000004 0.8454861111111112 0.46015625000000004 0.8215277777777779
0 0.5111328125 0.9239583333333333 0.44960937500000003 0.8104166666666667
