0 0.2195054945054945 0.29583333333333334 0.002747252747252747 0.009722222222222222
0 0.11703296703296703 0.16458333333333333 0.13956043956043956 0.18611111111111112
0 0.34835164835164834 0.4604166666666667 0.33186813186813185 0.4291666666666667
0 0.27115384615384613 0.3541666666666667 0.19285714285714287 0.23611111111111113
0 0.25357142857142856 0.33437500000000003 0.19505494505494506 0.23680555555555557
0 0.41016483516483515 0.5319444444444444 0.6225274725274725 0.7930555555555556
0 0.41016483516483515 0.5305555555555556 0.6554945054945055 0.8250000000000001
0 0.5741758241758241 0.7409722222222223 0.7021978021978021 0.8791666666666667
0 0.5458791208791208 0.7052083333333333 0.7631868131868131 0.9548611111111112
0 0.5131868131868131 0.6642361111111111 0.7868131868131868 0.9965277777777778
0 0.5214285714285715 0.6746527777777778 0.798901098901099 0.9993055555555556
0 0.5662087912087912 0.7368055555555556 0.3192307692307692 0.4083333333333333
0 0.615934065934066 0.790625 0.1835164835164835 0.22569444444444445
0 0.7307692307692307 0.9423611111111111 0.2835164835164835 0.37083333333333335
0 0.7313186813186813 0.9416666666666667 0.26373626373626374 0.33333333333333337
0 0.7145604395604396 0.9232638888888889 0.1532967032967033 0.19375
0 0.5997252747252747 0.7746527777777779 0.2510989010989011 0.3215277777777778
0 0.4582417582417582 0.5951388888888889 0.15494505494505495 0.20277777777777778
0 0.4403846153846154 0.5725694444444445 0.17307692307692307 0.22986111111111113
0 0.41813186813186815 0.5447916666666667 0.09340659340659341 0.11597222222222223
0 0.33653846153846156 0.43819444444444444 0.23901098901098902 0.3027777777777778
0 0.31785714285714284 0.415625 0.2620879120879121 0.3298611111111111
0 0.2760989010989011 0.3607638888888889 0.30824175824175826 0.3826388888888889
0 0.34697802197802197 0.45243055555555556 0.43351648351648353 0.5479166666666667
0 0.5384615384615384 0.696875 0.17142857142857143 0.20625000000000002
