0 0.21895604395604396 0.2923611111111111 0.25659340659340657 0.33611111111111114
0 0.22802197802197802 0.29930555555555555 0.24615384615384617 0.3055555555555556
0 0.23296703296703297 0.30694444444444446 0.14835164835164835 0.18472222222222223
0 0.1239010989010989 0.17152777777777778 0.12582417582417582 0.14583333333333334
0 0.22747252747252747 0.30312500000000003 0.04065934065934066 0.050694444444444445
0 0.2967032967032967 0.3965277777777778 0.10329670329670329 0.11666666666666667
0 0.26978021978021977 0.3572916666666667 0.18021978021978022 0.23125
0 0.41593406593406596 0.5385416666666667 0.24725274725274726 0.3159722222222222
0 0.31648351648351647 0.41111111111111115 0.421978021978022 0.5388888888888889
0 0.4898351648351648 0.6364583333333333 0.12252747252747252 0.16319444444444445
0 0.45879120879120877 0.5975694444444445 0.07252747252747253 0.08680555555555555
0 0.44395604395604393 0.5760416666666667 0.05824175824175824 0.06736111111111111
0 0.595054945054945 0.7690972222222222 0.026373626373626374 0.03819444444444445
0 0.6293956043956044 0.810763888888889 0.1357142857142857 0.16597222222222222
0 0.6052197802197802 0.7819444444444444 0.20934065934065935 0.2763888888888889
0 0.6818681318681319 0.8746527777777778 0.16703296703296702 0.20486111111111113
0 0.7406593406593407 0.9517361111111111 0.3021978021978022 0.37986111111111115
0 0.6489010989010989 0.8347222222222223 0.14285714285714285 0.18611111111111112
0 0.2824175824175824 0.37569444444444444 0.43626373626373627 0.5680555555555555
0 0.37362637362637363 0.49097222222222225 0.5307692307692308 0.6680555555555556
0 0.37774725274725274 0.4930555555555556 0.48736263736263735 0.6277777777777778
0 0.47692307692307695 0.6246527777777778 0.7549450549450549 0.9715277777777778
0 0.5434065934065934 0.7086805555555555 0.7538461538461538 0.9423611111111111
0 0.43241758241758244 0.5697916666666667 0.5714285714285714 0.7145833333333333
0 0.45714285714285713 0.5979166666666667 0.5263736263736264 0.6722222222222223
