0 0.12087912087912088 0.17118055555555556 0.13626373626373625 0.17291666666666666
0 0.11868131868131868 0.1642361111111111 0.03736263736263736 0.052083333333333336
0 0.22197802197802197 0.29965277777777777 0.1879120879120879 0.2215277777777778
0 0.2403846153846154 0.3197916666666667 0.12912087912087913 0.15486111111111112
0 0.2552197802197802 0.33611111111111114 0.18516483516483517 0.23055555555555557
0 0.3120879120879121 0.4079861111111111 0.4351648351648352 0.5618055555555556
0 0.40384615384615385 0.5274305555555556 0.26703296703296703 0.34097222222222223
0 0.4445054945054945 0.578125 0.5395604395604395 0.69375
0 0.42664835164835163 0.553125 0.6137362637362638 0.7659722222222223
0 0.42335164835164835 0.55 0.7324175824175824 0.9277777777777778
0 0.42445054945054944 0.5496527777777778 0.7401098901098901 0.9437500000000001
0 0.4236263736263736 0.5510416666666667 0.7626373626373626 0.9534722222222223
0 0.4164835164835165 0.5399305555555556 0.7186813186813187 0.9159722222222223
0 0.47802197802197804 0.6177083333333333 0.7824175824175824 0.9923611111111111
0 0.5217032967032967 0.6756944444444445 0.7796703296703297 0.9805555555555556
0 0.5706043956043956 0.7364583333333333 0.6532967032967033 0.8229166666666667
0 0.7208791208791209 0.929513888888889 0.2945054945054945 0.36875
0 0.6945054945054945 0.8934027777777778 0.37142857142857144 0.4604166666666667
0 0.6975274725274725 0.8993055555555556 0.39175824175824175 0.48194444444444445
0 0.6634615384615384 0.8541666666666667 0.43241758241758244 0.55
0 0.6508241758241758 0.8388888888888889 0.4521978021978022 0.5736111111111112
0 0.612912087912088 0.788888888888889 0.3478021978021978 0.44583333333333336
0 0.5936813186813187 0.7631944444444445 0.15219780219780218 0.19722222222222224
0 0.5771978021978021 0.74375 0.20824175824175825 0.2652777777777778
0 0.6299450549450549 0.8104166666666667 0.28186813186813187 0.3611111111111111
0 0.4582417582417582 0.5934027777777778 0.189010989010989 0.24791666666666667
0 0.48104395604395606 0.6243055555555556 0.21813186813186813 0.2763888888888889
0 0.5516483516483517 0.7138888888888889 0.14945054945054945 0.1875
0 0.5464285714285714 0.7069444444444445 0.1686813186813187 0.20555555555555557
0 0.27307692307692305 0.3611111111111111 0.2868131868131868 0.35833333333333334
0 0.30741758241758244 0.4045138888888889 0.28186813186813187 0.3479166666666667
0 0.289010989010989 0.37743055555555555 0.2879120879120879 0.3548611111111111
0 0.5931318681318681 0.7635416666666667 0.28186813186813187 0.3576388888888889
