0 0.2728021978021978 0.36736111111111114 0.13241758241758242 0.15
0 0.21813186813186813 0.2989583333333333 0.11868131868131868 0.16319444444444445
0 0.17884615384615385 0.24618055555555557 0.025824175824175823 0.015972222222222224
0 0.4087912087912088 0.5371527777777778 0.3076923076923077 0.39513888888888893
0 0.4423076923076923 0.5791666666666667 0.3659340659340659 0.4625
0 0.42225274725274725 0.5597222222222222 0.13021978021978023 0.18472222222222223
0 0.4958791208791209 0.6496527777777779 0.5741758241758241 0.7243055555555555
0 0.41895604395604397 0.5527777777777778 0.606043956043956 0.7472222222222222
0 0.4186813186813187 0.5503472222222222 0.6263736263736264 0.7715277777777778
0 0.6423076923076924 0.8381944444444445 0.18461538461538463 0.2263888888888889
0 0.7412087912087912 0.9597222222222223 0.15494505494505495 0.2138888888888889
0 0.7532967032967033 0.9704861111111112 0.3131868131868132 0.38125000000000003
0 0.5788461538461539 0.757638888888889 0.06868131868131869 0.10138888888888889
0 0.5826923076923077 0.7607638888888889 0.1686813186813187 0.22986111111111113
0 0.5186813186813187 0.6819444444444445 0.2824175824175824 0.3513888888888889
0 0.40164835164835166 0.5288194444444445 0.4230769230769231 0.5215277777777778
0 0.3945054945054945 0.5229166666666667 0.4175824175824176 0.5166666666666667
0 0.26895604395604394 0.3625 0.4258241758241758 0.5611111111111111
