0 0.32005494505494503 0.4204861111111111 0.1445054945054945 0.17708333333333334
0 0.3008241758241758 0.3975694444444445 0.4104395604395604 0.5340277777777778
0 0.3975274725274725 0.515625 0.2675824175824176 0.33125
0 0.4521978021978022 0.5885416666666667 0.0967032967032967 0.12013888888888889
0 0.5815934065934066 0.7524305555555556 0.006043956043956044 0.02013888888888889
0 0.5925824175824176 0.7659722222222223 0.006043956043956044 0.018055555555555557
0 0.5980769230769231 0.773263888888889 0.0456043956043956 0.06319444444444444
0 0.6843406593406594 0.8798611111111111 0.1697802197802198 0.20555555555555557
0 0.6307692307692307 0.8114583333333334 0.13516483516483516 0.16458333333333333
0 0.739010989010989 0.9482638888888889 0.33296703296703295 0.42847222222222225
0 0.6582417582417582 0.8493055555555555 0.12637362637362637 0.16805555555555557
0 0.5651098901098901 0.7399305555555555 0.5379120879120879 0.6798611111111111
0 0.45494505494505494 0.5899305555555556 0.5824175824175825 0.7506944444444444
0 0.4684065934065934 0.6100694444444444 0.7412087912087912 0.9229166666666667
0 0.23324175824175825 0.30625 0.13681318681318683 0.17777777777777778
0 0.2282967032967033 0.30486111111111114 0.2631868131868132 0.3277777777777778
0 0.1478021978021978 0.20347222222222222 0.17362637362637362 0.2125
0 0.214010989010989 0.2868055555555556 0.2653846153846154 0.32222222222222224
0 0.3019230769230769 0.39548611111111115 0.49175824175824173 0.63125
0 0.29423076923076924 0.390625 0.47637362637362635 0.59375
0 0.3032967032967033 0.4 0.48131868131868133 0.625
0 0.14532967032967034 0.1954861111111111 0.03021978021978022 0.04513888888888889
