0 0.21373626373626373 0.29756944444444444 0.1010989010989011 0.12013888888888889
0 0.15137362637362636 0.21875 0.011538461538461539 0.018055555555555557
0 0.2571428571428571 0.35034722222222225 0.07142857142857142 0.10625
0 0.3881868131868132 0.5180555555555556 0.1532967032967033 0.18055555555555555
0 0.39065934065934066 0.515625 0.12637362637362637 0.16041666666666668
0 0.42142857142857143 0.55625 0.378021978021978 0.48333333333333334
0 0.43626373626373627 0.5767361111111111 0.6516483516483517 0.8145833333333333
0 0.48296703296703297 0.6361111111111112 0.7208791208791209 0.9194444444444445
0 0.5447802197802197 0.7121527777777779 0.7247252747252747 0.9006944444444445
0 0.6912087912087912 0.8996527777777779 0.41098901098901097 0.5256944444444445
0 0.6837912087912088 0.8909722222222223 0.4137362637362637 0.5388888888888889
0 0.6697802197802197 0.8666666666666667 0.3945054945054945 0.5027777777777778
0 0.5881868131868132 0.7708333333333334 0.16428571428571428 0.19722222222222224
0 0.576098901098901 0.7559027777777778 0.018131868131868133 0.00625
0 0.5054945054945055 0.6666666666666667 0.27362637362637365 0.35000000000000003
0 0.3804945054945055 0.5097222222222222 0.41703296703296705 0.5319444444444444
0 0.328021978021978 0.44409722222222225 0.47692307692307695 0.6020833333333333
0 0.321978021978022 0.43645833333333334 0.27472527472527475 0.33958333333333335
