0 0.16291208791208792 0.22777777777777777 0.053296703296703295 0.07083333333333333
0 0.14917582417582417 0.21458333333333335 0.022527472527472527 0.02777777777777778
0 0.1925824175824176 0.26979166666666665 0.12032967032967033 0.1590277777777778
0 0.3651098901098901 0.4881944444444445 0.4236263736263736 0.5513888888888889
0 0.39807692307692305 0.5256944444444445 0.2906593406593407 0.3597222222222222
0 0.42445054945054944 0.55625 0.3873626373626374 0.48194444444444445
0 0.4804945054945055 0.6302083333333334 0.7675824175824176 0.982638888888889
0 0.48021978021978023 0.6326388888888889 0.7835164835164835 0.9930555555555556
0 0.4565934065934066 0.6027777777777777 0.7791208791208791 0.9833333333333334
0 0.65 0.8409722222222222 0.3395604395604396 0.4375
0 0.7195054945054945 0.9375 0.13131868131868132 0.16111111111111112
0 0.7145604395604396 0.9288194444444445 0.11483516483516483 0.14791666666666667
0 0.5967032967032967 0.7822916666666667 0.189010989010989 0.23402777777777778
0 0.5895604395604396 0.7729166666666667 0.2021978021978022 0.24027777777777778
0 0.5840659340659341 0.7666666666666667 0.1956043956043956 0.23750000000000002
0 0.3543956043956044 0.4774305555555556 0.24065934065934066 0.31319444444444444
0 0.3508241758241758 0.46979166666666666 0.3510989010989011 0.43680555555555556
0 0.2906593406593407 0.3920138888888889 0.46813186813186813 0.6104166666666667
