0 0.4693359375 0.8465277777777778 0.036328125 0.059722222222222225
0 0.4109375 0.7402777777777778 0.48750000000000004 0.8736111111111111
0 0.5486328125000001 0.9815972222222222 0.30976562500000004 0.545138888888889
0 0.2736328125 0.4982638888888889 0.386328125 0.6965277777777779
0 0.1484375 0.27569444444444446 0.16171875000000002 0.2986111111111111
0 0.33144531250000003 0.5989583333333334 0.094140625 0.16875
0 0.390625 0.7059027777777778 0.07421875 0.1423611111111111
0 0.3826171875 0.6923611111111111 0.12617187500000002 0.2263888888888889
0 0.35585937500000003 0.6402777777777778 0.12890625 0.22083333333333335
0 0.26953125 0.4951388888888889 0.45546875000000003 0.8236111111111112
0 0.49648437500000003 0.8927083333333333 0.07187500000000001 0.12708333333333333
0 0.237109375 0.434375 0.02890625 0.06041666666666667
0 0.429296875 0.7715277777777778 0.52265625 0.9375
0 0.3359375 0.6069444444444445 0.1 0.17222222222222222
0 0.21796875000000002 0.3923611111111111 0.0546875 0.1
0 0.21445312500000002 0.39131944444444444 0.07109375 0.12291666666666667
0 0.1771484375 0.3298611111111111 0.073046875 0.14305555555555557
0 0.24570312500000002 0.44583333333333336 0.0328125 0.05
0 0.429296875 0.7729166666666667 0.08046875 0.1513888888888889
0 0.4595703125 0.8322916666666667 0.14960937500000002 0.2659722222222222
0 0.2955078125 0.5364583333333334 0.34101562500000004 0.6173611111111111
0 0.4658203125 0.8378472222222223 0.491015625 0.8659722222222223
0 0.455078125 0.8256944444444445 0.43828125 0.7680555555555556
0 0.468359375 0.8444444444444444 0.47890625000000003 0.8625
0 0.53515625 0.9593750000000001 0.30234375 0.53125
0 0.5388671875000001 0.9701388888888889 0.304296875 0.5375
