0 0.2576171875 0.4791666666666667 0.043359375000000006 0.06805555555555556
0 0.2177734375 0.4048611111111111 0.000390625 0.01388888888888889
0 0.2580078125 0.4777777777777778 0.087890625 0.16944444444444445
0 0.17890625000000002 0.3388888888888889 0.16562500000000002 0.3055555555555556
0 0.1634765625 0.309375 0.219140625 0.3909722222222222
0 0.12109375 0.23368055555555556 0.10234375000000001 0.16597222222222222
0 0.38417968750000003 0.7045138888888889 0.087109375 0.15763888888888888
0 0.3447265625 0.6326388888888889 0.058203125 0.08611111111111111
0 0.37324218750000004 0.6881944444444444 0.195703125 0.33611111111111114
0 0.4109375 0.7472222222222222 0.12890625 0.24305555555555555
0 0.416796875 0.7590277777777779 0.14375000000000002 0.27222222222222225
0 0.5314453125 0.9673611111111111 0.055859375 0.10972222222222222
0 0.5287109375 0.9614583333333334 0.075390625 0.12708333333333333
0 0.4814453125 0.8756944444444444 0.19257812500000002 0.33055555555555555
0 0.26894531250000003 0.49722222222222223 0.318359375 0.5527777777777778
0 0.26894531250000003 0.4996527777777778 0.474609375 0.8520833333333334
0 0.2822265625 0.5190972222222222 0.491796875 0.8895833333333334
0 0.4693359375 0.8538194444444445 0.499609375 0.8979166666666667
0 0.46914062500000003 0.8527777777777779 0.48828125 0.851388888888889
0 0.5380859375 0.9777777777777779 0.499609375 0.8708333333333333
0 0.546875 0.9916666666666667 0.4765625 0.8361111111111111
0 0.4216796875 0.7708333333333334 0.536328125 0.9527777777777778
