0 0.24423076923076922 0.33229166666666665 0.09065934065934066 0.11736111111111111
0 0.16071428571428573 0.22708333333333333 0.0543956043956044 0.0763888888888889
0 0.1758241758241758 0.24618055555555557 0.07032967032967033 0.10625
0 0.39175824175824175 0.5225694444444444 0.12857142857142856 0.16041666666666668
0 0.4774725274725275 0.6225694444444445 0.3263736263736264 0.40069444444444446
0 0.40192307692307694 0.5263888888888889 0.38956043956043956 0.48888888888888893
0 0.5634615384615385 0.7340277777777778 0.6456043956043956 0.8305555555555556
0 0.47417582417582416 0.6253472222222223 0.743956043956044 0.9354166666666667
0 0.42994505494505497 0.5638888888888889 0.7368131868131869 0.9500000000000001
0 0.640934065934066 0.8291666666666667 0.36538461538461536 0.47500000000000003
0 0.7247252747252747 0.9392361111111112 0.12087912087912088 0.17291666666666666
0 0.6917582417582417 0.8986111111111111 0.11758241758241758 0.14444444444444446
0 0.5571428571428572 0.7298611111111112 0.2681318681318681 0.31527777777777777
0 0.5483516483516484 0.7184027777777778 0.25824175824175827 0.31736111111111115
0 0.44478021978021975 0.5868055555555556 0.16758241758241757 0.225
0 0.4010989010989011 0.5309027777777778 0.41208791208791207 0.5090277777777777
0 0.38983516483516484 0.5190972222222222 0.42142857142857143 0.5215277777777778
0 0.2675824175824176 0.3614583333333333 0.2802197802197802 0.3340277777777778
