0 0.24807692307692308 0.3385416666666667 0.12252747252747252 0.1451388888888889
0 0.24395604395604395 0.33263888888888893 0.1076923076923077 0.11388888888888889
0 0.2675824175824176 0.3628472222222222 0.0989010989010989 0.10486111111111111
0 0.3373626373626374 0.4447916666666667 0.27692307692307694 0.36180555555555555
0 0.37884615384615383 0.49722222222222223 0.28076923076923077 0.3625
0 0.4524725274725275 0.5986111111111111 0.20054945054945056 0.26666666666666666
0 0.539010989010989 0.7034722222222223 0.7373626373626374 0.9125000000000001
0 0.5601648351648352 0.7371527777777778 0.6445054945054945 0.8131944444444444
0 0.4912087912087912 0.6451388888888889 0.7824175824175824 0.9819444444444445
0 0.6354395604395604 0.8250000000000001 0.3302197802197802 0.43333333333333335
0 0.6241758241758242 0.8159722222222222 0.33406593406593404 0.43194444444444446
0 0.7206043956043956 0.9322916666666667 0.12032967032967033 0.13958333333333334
0 0.5755494505494505 0.7538194444444445 0.1357142857142857 0.16736111111111113
0 0.43543956043956045 0.5750000000000001 0.20494505494505494 0.26805555555555555
0 0.4002747252747253 0.53125 0.35 0.46111111111111114
0 0.39697802197802196 0.5267361111111112 0.32252747252747255 0.42430555555555555
0 0.3151098901098901 0.42465277777777777 0.48736263736263735 0.6145833333333334
