0 0.20137362637362638 0.2704861111111111 0.10054945054945055 0.13125
0 0.24835164835164836 0.33125 0.22747252747252747 0.28194444444444444
0 0.14807692307692308 0.20659722222222224 0.24670329670329672 0.3104166666666667
0 0.23324175824175825 0.30833333333333335 0.1489010989010989 0.18888888888888888
0 0.2854395604395604 0.38125000000000003 0.1401098901098901 0.1902777777777778
0 0.2706043956043956 0.36041666666666666 0.17857142857142858 0.23194444444444445
0 0.24175824175824176 0.31909722222222225 0.22197802197802197 0.2881944444444445
0 0.2541208791208791 0.33194444444444443 0.31263736263736264 0.3944444444444445
0 0.5634615384615385 0.7371527777777778 0.49175824175824173 0.6381944444444445
0 0.4565934065934066 0.5986111111111111 0.5582417582417583 0.7222222222222222
0 0.43104395604395607 0.5638888888888889 0.5686813186813187 0.7263888888888889
0 0.5552197802197802 0.725 0.7434065934065934 0.9333333333333333
0 0.44560439560439563 0.5854166666666667 0.5494505494505495 0.6916666666666667
0 0.5673076923076923 0.7274305555555556 0.5807692307692308 0.7284722222222223
0 0.5104395604395604 0.6625 0.13406593406593406 0.15972222222222224
0 0.5222527472527473 0.6767361111111111 0.128021978021978 0.15625
0 0.5763736263736263 0.7430555555555556 0.15274725274725276 0.19166666666666668
0 0.6299450549450549 0.8104166666666667 0.13791208791208792 0.16805555555555557
0 0.6824175824175824 0.8743055555555556 0.16923076923076924 0.20555555555555557
0 0.7423076923076923 0.9545138888888889 0.23846153846153847 0.3104166666666667
0 0.7428571428571429 0.9541666666666667 0.3098901098901099 0.3875
0 0.4156593406593407 0.5454861111111111 0.49615384615384617 0.6201388888888889
0 0.38571428571428573 0.503125 0.5153846153846153 0.6576388888888889
0 0.2854395604395604 0.3822916666666667 0.4467032967032967 0.5868055555555556
0 0.22280219780219782 0.2954861111111111 0.25769230769230766 0.32430555555555557
0 0.5802197802197803 0.75 0.05824175824175824 0.07222222222222223
0 0.653021978021978 0.84375 0.15 0.18333333333333335
