0 0.3994505494505495 0.5204861111111111 0.310989010989011 0.4048611111111111
0 0.3453296703296703 0.4572916666666667 0.1576923076923077 0.20625000000000002
0 0.24587912087912087 0.32430555555555557 0.2543956043956044 0.32083333333333336
0 0.2876373626373626 0.3732638888888889 0.16758241758241757 0.21041666666666667
0 0.45494505494505494 0.5913194444444445 0.5175824175824176 0.6395833333333334
0 0.4357142857142857 0.5722222222222223 0.5725274725274725 0.725
0 0.4208791208791209 0.5538194444444444 0.6373626373626373 0.80625
0 0.47445054945054943 0.6142361111111111 0.47197802197802197 0.6034722222222223
0 0.5296703296703297 0.6930555555555555 0.7252747252747253 0.9027777777777778
0 0.23351648351648352 0.3079861111111111 0.14835164835164835 0.1840277777777778
0 0.15686813186813187 0.21493055555555557 0.12692307692307692 0.17430555555555557
0 0.22967032967032966 0.3024305555555556 0.24615384615384617 0.30486111111111114
0 0.23461538461538461 0.3142361111111111 0.23406593406593407 0.2868055555555556
0 0.23626373626373626 0.31493055555555555 0.25164835164835164 0.30347222222222225
0 0.28598901098901097 0.38125000000000003 0.41483516483516486 0.5236111111111111
0 0.3381868131868132 0.4416666666666667 0.4346153846153846 0.5625
0 0.34065934065934067 0.4447916666666667 0.5263736263736264 0.6631944444444444
0 0.5928571428571429 0.763888888888889 0.03076923076923077 0.05277777777777778
0 0.49615384615384617 0.6447916666666667 0.13076923076923078 0.17152777777777778
0 0.46263736263736266 0.6 0.1043956043956044 0.13333333333333333
0 0.4675824175824176 0.607638888888889 0.11098901098901098 0.14444444444444446
0 0.6293956043956044 0.810763888888889 0.1346153846153846 0.16597222222222222
0 0.5956043956043956 0.7684027777777778 0.2549450549450549 0.3284722222222222
0 0.6815934065934066 0.8739583333333334 0.16758241758241757 0.20347222222222222
0 0.7428571428571429 0.9534722222222223 0.2868131868131868 0.3527777777777778
0 0.6519230769230769 0.8388888888888889 0.14560439560439561 0.17916666666666667
