0 0.23763736263736263 0.3284722222222222 0.10714285714285714 0.1486111111111111
0 0.24972527472527473 0.346875 0.06538461538461539 0.09652777777777778
0 0.24532967032967032 0.3315972222222222 0.1489010989010989 0.17152777777777778
0 0.31126373626373627 0.4173611111111111 0.27307692307692305 0.3458333333333333
0 0.37884615384615383 0.5041666666666667 0.2434065934065934 0.28750000000000003
0 0.375 0.4982638888888889 0.15 0.20625000000000002
0 0.45164835164835165 0.5923611111111111 0.6252747252747253 0.7763888888888889
0 0.5024725274725275 0.6607638888888889 0.5620879120879121 0.69375
0 0.5412087912087912 0.7152777777777778 0.5142857142857142 0.6625
0 0.6318681318681318 0.8229166666666667 0.15934065934065933 0.1875
0 0.6804945054945055 0.8861111111111112 0.15219780219780218 0.1902777777777778
0 0.7184065934065934 0.9305555555555556 0.13021978021978023 0.15416666666666667
0 0.5230769230769231 0.6909722222222222 0.016483516483516484 0.02777777777777778
0 0.614010989010989 0.8052083333333334 0.14560439560439561 0.18680555555555556
0 0.49148351648351646 0.6472222222222223 0.22582417582417583 0.2986111111111111
0 0.35412087912087914 0.4690972222222222 0.40714285714285714 0.51875
0 0.37884615384615383 0.5079861111111111 0.39725274725274723 0.4951388888888889
0 0.34175824175824177 0.4586805555555556 0.3868131868131868 0.4715277777777778
