0 0.24670329670329672 0.3298611111111111 0.23186813186813188 0.2916666666666667
0 0.2541208791208791 0.33958333333333335 0.19945054945054946 0.25416666666666665
0 0.23434065934065934 0.3079861111111111 0.13241758241758242 0.17152777777777778
0 0.13846153846153847 0.18854166666666666 0.2087912087912088 0.2729166666666667
0 0.13131868131868132 0.1857638888888889 0.21978021978021978 0.27708333333333335
0 0.29010989010989013 0.38680555555555557 0.1010989010989011 0.11388888888888889
0 0.3 0.39513888888888893 0.23076923076923078 0.3055555555555556
0 0.25164835164835164 0.3336805555555556 0.16703296703296702 0.21180555555555555
0 0.31758241758241756 0.41423611111111114 0.4186813186813187 0.5354166666666667
0 0.5340659340659341 0.6982638888888889 0.778021978021978 0.9618055555555556
0 0.4901098901098901 0.6413194444444444 0.7824175824175824 0.9756944444444445
0 0.4502747252747253 0.5861111111111111 0.5587912087912088 0.7152777777777778
0 0.4461538461538462 0.5861111111111111 0.5505494505494506 0.6902777777777778
0 0.5571428571428572 0.7253472222222223 0.1978021978021978 0.2576388888888889
0 0.5574175824175824 0.7229166666666667 0.18956043956043955 0.23472222222222222
0 0.5458791208791208 0.7048611111111112 0.07527472527472527 0.08055555555555556
0 0.4458791208791209 0.5788194444444444 0.17197802197802198 0.22708333333333333
0 0.628021978021978 0.8104166666666667 0.13736263736263737 0.16527777777777777
0 0.6445054945054945 0.8305555555555556 0.17252747252747253 0.23055555555555557
0 0.6543956043956044 0.8388888888888889 0.14505494505494507 0.17777777777777778
0 0.6846153846153846 0.8784722222222222 0.17142857142857143 0.20694444444444446
0 0.7434065934065934 0.9565972222222222 0.310989010989011 0.3840277777777778
0 0.28846153846153844 0.38506944444444446 0.45054945054945056 0.5826388888888889
0 0.4173076923076923 0.5440972222222222 0.49835164835164836 0.6173611111111111
0 0.41510989010989013 0.5461805555555556 0.48846153846153845 0.6090277777777778
0 0.5582417582417583 0.7229166666666667 0.07582417582417582 0.1
0 0.5118131868131868 0.6590277777777778 0.04230769230769231 0.051388888888888894
0 0.43021978021978025 0.5545138888888889 0.5989010989010989 0.7590277777777779
