0 0.15357142857142858 0.22187500000000002 0.053296703296703295 0.07708333333333334
0 0.16593406593406593 0.2326388888888889 0.07472527472527472 0.10694444444444445
0 0.2662087912087912 0.3652777777777778 0.033516483516483515 0.034722222222222224
0 0.4087912087912088 0.5375 0.3802197802197802 0.4902777777777778
0 0.36648351648351646 0.4913194444444445 0.421978021978022 0.5437500000000001
0 0.47527472527472525 0.6246527777777778 0.25274725274725274 0.3159722222222222
0 0.45467032967032966 0.6013888888888889 0.6873626373626374 0.8736111111111111
0 0.439010989010989 0.5802083333333333 0.5637362637362637 0.6979166666666667
0 0.42939560439560437 0.5663194444444445 0.573076923076923 0.7145833333333333
0 0.7538461538461538 0.9729166666666667 0.22857142857142856 0.28611111111111115
0 0.7431318681318682 0.9638888888888889 0.1543956043956044 0.2138888888888889
0 0.6879120879120879 0.8961805555555555 0.12087912087912088 0.1451388888888889
0 0.5903846153846154 0.7739583333333334 0.08956043956043956 0.12152777777777778
0 0.5967032967032967 0.7798611111111111 0.11318681318681319 0.16666666666666669
0 0.532967032967033 0.7003472222222222 0.2835164835164835 0.3506944444444445
0 0.3873626373626374 0.5131944444444445 0.46593406593406594 0.5722222222222223
0 0.3659340659340659 0.4916666666666667 0.47802197802197804 0.6041666666666667
0 0.260989010989011 0.35520833333333335 0.41098901098901097 0.53125
