0 0.17802197802197803 0.24479166666666669 0.14285714285714285 0.17569444444444446
0 0.12142857142857143 0.16979166666666667 0.014285714285714285 0.029861111111111113
0 0.1228021978021978 0.17256944444444444 0.0038461538461538464 0.017361111111111112
0 0.24065934065934066 0.31319444444444444 0.02857142857142857 0.0375
0 0.24532967032967032 0.32083333333333336 0.018131868131868133 0.018055555555555557
0 0.2098901098901099 0.27361111111111114 0.007692307692307693 0.009722222222222222
0 0.23983516483516484 0.32395833333333335 0.20494505494505494 0.2451388888888889
0 0.28818681318681316 0.3767361111111111 0.1412087912087912 0.17569444444444446
0 0.28186813186813187 0.3784722222222222 0.15274725274725276 0.19583333333333333
0 0.367032967032967 0.48125 0.46483516483516485 0.5750000000000001
0 0.4164835164835165 0.5447916666666667 0.6021978021978022 0.75625
0 0.43214285714285716 0.5604166666666667 0.5554945054945055 0.6944444444444444
0 0.4351648351648352 0.5631944444444444 0.7208791208791209 0.9222222222222223
0 0.47417582417582416 0.6170138888888889 0.7428571428571429 0.9326388888888889
0 0.5049450549450549 0.65625 0.7879120879120879 0.9930555555555556
0 0.47115384615384615 0.609375 0.771978021978022 0.9812500000000001
0 0.545054945054945 0.7034722222222223 0.7615384615384615 0.9694444444444444
0 0.5714285714285714 0.740625 0.532967032967033 0.6840277777777778
0 0.635989010989011 0.8180555555555555 0.43021978021978025 0.5416666666666667
0 0.5788461538461539 0.7510416666666667 0.382967032967033 0.49930555555555556
0 0.6936813186813187 0.8864583333333333 0.2906593406593407 0.36736111111111114
0 0.6815934065934066 0.8684027777777779 0.3456043956043956 0.43680555555555556
0 0.6684065934065934 0.8517361111111111 0.37747252747252746 0.47708333333333336
0 0.6195054945054945 0.8041666666666667 0.23131868131868133 0.3027777777777778
0 0.5725274725274725 0.7420138888888889 0.23296703296703297 0.28541666666666665
0 0.5909340659340659 0.7635416666666667 0.20164835164835165 0.2520833333333333
0 0.6131868131868132 0.7854166666666667 0.15824175824175823 0.20277777777777778
0 0.621978021978022 0.8052083333333334 0.12857142857142856 0.14652777777777778
0 0.5763736263736263 0.7472222222222222 0.017582417582417582 0.015277777777777779
0 0.5027472527472527 0.6572916666666667 0.20549450549450549 0.2604166666666667
0 0.49862637362637363 0.6465277777777778 0.19615384615384615 0.2555555555555556
0 0.4631868131868132 0.603125 0.17142857142857143 0.21458333333333335
0 0.4785714285714286 0.6163194444444444 0.1054945054945055 0.1326388888888889
0 0.2835164835164835 0.3704861111111111 0.26043956043956046 0.3201388888888889
0 0.29313186813186815 0.39131944444444444 0.2543956043956044 0.30625
0 0.3620879120879121 0.4763888888888889 0.24505494505494504 0.3013888888888889
0 0.3802197802197802 0.49270833333333336 0.2923076923076923 0.37569444444444444
