0 0.1574175824175824 0.21840277777777778 0.0510989010989011 0.07986111111111112
0 0.11648351648351649 0.16597222222222222 0.1912087912087912 0.22777777777777777
0 0.15357142857142858 0.21145833333333333 0.2543956043956044 0.32569444444444445
0 0.2423076923076923 0.3284722222222222 0.3098901098901099 0.39861111111111114
0 0.40054945054945057 0.5239583333333333 0.23406593406593407 0.31319444444444444
0 0.43434065934065935 0.5732638888888889 0.6423076923076924 0.8131944444444444
0 0.4502747252747253 0.5892361111111112 0.5137362637362637 0.6548611111111111
0 0.5082417582417582 0.6694444444444445 0.47912087912087914 0.5944444444444444
0 0.5423076923076923 0.7086805555555555 0.46593406593406594 0.6118055555555556
0 0.560989010989011 0.7336805555555556 0.5274725274725275 0.6520833333333333
0 0.7054945054945055 0.9086805555555556 0.15384615384615385 0.19652777777777777
0 0.6546703296703297 0.846875 0.1510989010989011 0.1798611111111111
0 0.6431318681318682 0.83125 0.1554945054945055 0.18611111111111112
0 0.6453296703296704 0.8319444444444445 0.17197802197802198 0.20416666666666666
0 0.503021978021978 0.6506944444444445 0.1412087912087912 0.1638888888888889
0 0.48846153846153845 0.6357638888888889 0.11978021978021978 0.15347222222222223
0 0.4604395604395604 0.6045138888888889 0.0879120879120879 0.12430555555555556
0 0.4307692307692308 0.5715277777777777 0.051648351648351645 0.07777777777777778
0 0.3271978021978022 0.42986111111111114 0.3467032967032967 0.44583333333333336
0 0.40164835164835166 0.529513888888889 0.5142857142857142 0.6395833333333334
0 0.27087912087912086 0.36319444444444443 0.4021978021978022 0.5180555555555556
0 0.35192307692307695 0.46979166666666666 0.4247252747252747 0.5229166666666667
