0 0.16840659340659342 0.23194444444444445 0.08296703296703296 0.10833333333333334
0 0.1673076923076923 0.22881944444444446 0.21043956043956044 0.2673611111111111
0 0.20082417582417583 0.2715277777777778 0.19945054945054946 0.23750000000000002
0 0.2598901098901099 0.3496527777777778 0.07252747252747253 0.09097222222222223
0 0.2456043956043956 0.32048611111111114 0.017582417582417582 0.01875
0 0.2098901098901099 0.27395833333333336 0.007692307692307693 0.009027777777777779
0 0.3217032967032967 0.42118055555555556 0.30604395604395607 0.39375
0 0.39862637362637365 0.5177083333333333 0.20274725274725275 0.2534722222222222
0 0.4010989010989011 0.5277777777777778 0.2087912087912088 0.2513888888888889
0 0.578021978021978 0.7486111111111111 0.5571428571428572 0.7000000000000001
0 0.5758241758241758 0.7447916666666667 0.5615384615384615 0.7201388888888889
0 0.5868131868131868 0.7548611111111111 0.5835164835164836 0.7444444444444445
0 0.5486263736263737 0.7131944444444445 0.6994505494505494 0.8833333333333334
0 0.4870879120879121 0.6274305555555556 0.5906593406593407 0.7534722222222222
0 0.428021978021978 0.55625 0.5659340659340659 0.7000000000000001
0 0.4186813186813187 0.5413194444444445 0.6406593406593406 0.8173611111111111
0 0.43653846153846154 0.56875 0.6543956043956044 0.8319444444444445
0 0.4887362637362637 0.6361111111111112 0.7818681318681319 0.9930555555555556
0 0.49532967032967035 0.6402777777777778 0.7895604395604395 0.9958333333333333
0 0.4945054945054945 0.6329861111111111 0.7296703296703296 0.9215277777777778
0 0.634065934065934 0.8135416666666667 0.4340659340659341 0.5409722222222222
0 0.6851648351648352 0.884375 0.3802197802197802 0.4798611111111111
0 0.6326923076923077 0.8190972222222223 0.23901098901098902 0.3104166666666667
0 0.6054945054945055 0.7871527777777778 0.38461538461538464 0.4743055555555556
0 0.720054945054945 0.9274305555555555 0.37857142857142856 0.46875
0 0.639010989010989 0.8208333333333334 0.210989010989011 0.2625
0 0.6914835164835165 0.8854166666666667 0.23351648351648352 0.3013888888888889
0 0.6167582417582418 0.7895833333333334 0.1576923076923077 0.19583333333333333
0 0.6151098901098901 0.7899305555555556 0.12692307692307692 0.16875
0 0.6508241758241758 0.84375 0.10714285714285714 0.13611111111111113
0 0.5057692307692307 0.6527777777777778 0.13021978021978023 0.17500000000000002
0 0.45 0.5850694444444444 0.18461538461538463 0.24375000000000002
0 0.4631868131868132 0.6059027777777778 0.2010989010989011 0.2548611111111111
0 0.47445054945054943 0.6215277777777778 0.20384615384615384 0.2555555555555556
0 0.3648351648351648 0.4715277777777778 0.1989010989010989 0.2555555555555556
0 0.3791208791208791 0.49236111111111114 0.29120879120879123 0.37777777777777777
0 0.2675824175824176 0.35000000000000003 0.3648351648351648 0.45416666666666666
0 0.4115384615384615 0.5413194444444445 0.41318681318681316 0.5145833333333334
0 0.2997252747252747 0.3961805555555556 0.5368131868131868 0.6895833333333333
