0 0.27692307692307694 0.37430555555555556 0.031868131868131866 0.025
0 0.18434065934065935 0.2604166666666667 0.053296703296703295 0.06666666666666667
0 0.1651098901098901 0.22986111111111113 0.022527472527472527 0.04583333333333334
0 0.41016483516483515 0.5375 0.382967032967033 0.4902777777777778
0 0.47225274725274724 0.6263888888888889 0.29395604395604397 0.3861111111111111
0 0.360989010989011 0.4760416666666667 0.13186813186813187 0.17569444444444446
0 0.485989010989011 0.640625 0.5247252747252747 0.6659722222222223
0 0.48543956043956044 0.6347222222222223 0.5247252747252747 0.6638888888888889
0 0.4519230769230769 0.592013888888889 0.7554945054945055 0.9729166666666667
0 0.6271978021978022 0.81875 0.32142857142857145 0.41805555555555557
0 0.7228021978021978 0.9315972222222223 0.11373626373626373 0.15347222222222223
0 0.7162087912087912 0.9298611111111111 0.12472527472527473 0.15972222222222224
0 0.5975274725274725 0.7809027777777778 0.13791208791208792 0.1840277777777778
0 0.5865384615384616 0.7684027777777778 0.06318681318681318 0.08125
0 0.5192307692307693 0.6805555555555556 0.2846153846153846 0.35694444444444445
0 0.38571428571428573 0.5107638888888889 0.46373626373626375 0.5715277777777777
0 0.3730769230769231 0.4965277777777778 0.4736263736263736 0.5819444444444445
0 0.3434065934065934 0.45763888888888893 0.46593406593406594 0.6041666666666667
