0 0.1478021978021978 0.20451388888888888 0.23076923076923078 0.30069444444444443
0 0.24835164835164836 0.3295138888888889 0.15164835164835164 0.18819444444444444
0 0.2629120879120879 0.34861111111111115 0.07967032967032966 0.10277777777777779
0 0.19203296703296704 0.2611111111111111 0.03461538461538462 0.04166666666666667
0 0.2835164835164835 0.3732638888888889 0.27692307692307694 0.34097222222222223
0 0.28983516483516486 0.37777777777777777 0.28406593406593406 0.3527777777777778
0 0.29285714285714287 0.3840277777777778 0.4230769230769231 0.525
0 0.2563186813186813 0.3368055555555556 0.18956043956043955 0.23472222222222222
0 0.310989010989011 0.409375 0.4340659340659341 0.5590277777777778
0 0.42335164835164835 0.5503472222222222 0.1423076923076923 0.18819444444444444
0 0.46181318681318684 0.596875 0.19175824175824177 0.24791666666666667
0 0.485989010989011 0.6291666666666667 0.21593406593406594 0.2652777777777778
0 0.5087912087912088 0.6614583333333334 0.21318681318681318 0.2604166666666667
0 0.5648351648351648 0.7368055555555556 0.25934065934065936 0.32916666666666666
0 0.5593406593406594 0.7239583333333334 0.25274725274725274 0.31736111111111115
0 0.5821428571428572 0.7513888888888889 0.27307692307692305 0.34861111111111115
0 0.6354395604395604 0.8177083333333334 0.31263736263736264 0.3854166666666667
0 0.5997252747252747 0.771875 0.31043956043956045 0.38125000000000003
0 0.6123626373626374 0.7875 0.3412087912087912 0.4416666666666667
0 0.5991758241758242 0.7767361111111112 0.40274725274725276 0.4965277777777778
0 0.5684065934065934 0.7302083333333333 0.3478021978021978 0.44375000000000003
0 0.6186813186813187 0.7937500000000001 0.2032967032967033 0.2555555555555556
0 0.6445054945054945 0.8256944444444445 0.27692307692307694 0.34861111111111115
0 0.6983516483516483 0.8996527777777779 0.3923076923076923 0.4798611111111111
0 0.2412087912087912 0.32083333333333336 0.22087912087912087 0.26805555555555555
0 0.5717032967032967 0.7368055555555556 0.593956043956044 0.7583333333333334
0 0.5436813186813186 0.7038194444444444 0.737912087912088 0.9326388888888889
0 0.5002747252747253 0.6503472222222223 0.7576923076923077 0.9701388888888889
0 0.5079670329670329 0.6569444444444444 0.6807692307692308 0.8680555555555556
0 0.5436813186813186 0.7024305555555556 0.5236263736263737 0.6659722222222223
0 0.4739010989010989 0.6142361111111111 0.7796703296703297 0.9840277777777778
0 0.4673076923076923 0.6059027777777778 0.7851648351648352 0.9993055555555556
0 0.41510989010989013 0.5392361111111111 0.5554945054945055 0.6965277777777779
0 0.44505494505494503 0.5770833333333334 0.5428571428571428 0.6861111111111111
0 0.4010989010989011 0.5177083333333333 0.6472527472527473 0.8131944444444444
0 0.41703296703296705 0.5395833333333333 0.710989010989011 0.9069444444444444
0 0.4337912087912088 0.5590277777777778 0.7313186813186813 0.9208333333333334
0 0.42967032967032964 0.5548611111111111 0.7450549450549451 0.9347222222222222
0 0.453021978021978 0.5826388888888889 0.7532967032967033 0.9541666666666667
0 0.4054945054945055 0.5243055555555556 0.634065934065934 0.8027777777777778
