0 0.389010989010989 0.5041666666666667 0.12967032967032968 0.1736111111111111
0 0.39972527472527475 0.521875 0.1620879120879121 0.21319444444444446
0 0.46923076923076923 0.6128472222222222 0.5934065934065934 0.7298611111111112
0 0.4304945054945055 0.5638888888888889 0.5741758241758241 0.7236111111111111
0 0.5417582417582417 0.7020833333333334 0.46813186813186813 0.5958333333333333
0 0.6483516483516484 0.8371527777777779 0.14285714285714285 0.18125
0 0.6870879120879121 0.8819444444444445 0.1697802197802198 0.20694444444444446
0 0.7414835164835165 0.953125 0.26868131868131867 0.3354166666666667
0 0.5824175824175825 0.7572916666666667 0.6 0.7590277777777779
0 0.20192307692307693 0.2711805555555556 0.10714285714285714 0.13819444444444445
0 0.2302197802197802 0.3041666666666667 0.14725274725274726 0.18472222222222223
0 0.21978021978021978 0.29375 0.1978021978021978 0.24027777777777778
0 0.21510989010989012 0.2881944444444445 0.2620879120879121 0.33472222222222225
0 0.3637362637362637 0.4777777777777778 0.5065934065934066 0.6513888888888889
0 0.375 0.48888888888888893 0.5291208791208791 0.6777777777777778
0 0.28434065934065933 0.3736111111111111 0.40604395604395604 0.5236111111111111
0 0.5843406593406594 0.7569444444444444 0.0478021978021978 0.05277777777777778
0 0.5956043956043956 0.7694444444444445 0.1 0.1375
0 0.4519230769230769 0.5861111111111111 0.0005494505494505495 0.001388888888888889
0 0.5129120879120879 0.6631944444444444 0.13021978021978023 0.15694444444444444
0 0.40796703296703296 0.5350694444444445 0.32582417582417583 0.40208333333333335
0 0.15824175824175823 0.21319444444444446 0.07692307692307693 0.10694444444444445
