0 0.1760989010989011 0.24166666666666667 0.22582417582417583 0.2916666666666667
0 0.11593406593406594 0.1684027777777778 0.13956043956043956 0.18541666666666667
0 0.1445054945054945 0.19444444444444445 0.08571428571428572 0.11666666666666667
0 0.2021978021978022 0.2732638888888889 0.05384615384615385 0.07013888888888889
0 0.18021978021978022 0.24756944444444445 0.08901098901098901 0.12291666666666667
0 0.24532967032967032 0.3201388888888889 0.01703296703296703 0.018055555555555557
0 0.35137362637362635 0.4604166666666667 0.4104395604395604 0.513888888888889
0 0.33516483516483514 0.4371527777777778 0.4164835164835165 0.5326388888888889
0 0.2434065934065934 0.32708333333333334 0.3153846153846154 0.4
0 0.41813186813186815 0.5461805555555556 0.6054945054945055 0.7659722222222223
0 0.4184065934065934 0.5409722222222222 0.6236263736263736 0.7986111111111112
0 0.4260989010989011 0.5545138888888889 0.5719780219780219 0.7076388888888889
0 0.45604395604395603 0.5954861111111112 0.5142857142857142 0.6395833333333334
0 0.4991758241758242 0.6486111111111111 0.7862637362637362 0.9930555555555556
0 0.5129120879120879 0.6604166666666667 0.782967032967033 0.9916666666666667
0 0.4989010989010989 0.6434027777777778 0.7725274725274726 0.9854166666666667
0 0.4351648351648352 0.5625 0.7186813186813187 0.9180555555555556
0 0.5862637362637363 0.7583333333333334 0.6813186813186813 0.8597222222222223
0 0.6434065934065935 0.8375 0.4703296703296703 0.5861111111111111
0 0.6876373626373626 0.8899305555555556 0.4467032967032967 0.5534722222222223
0 0.6266483516483516 0.8034722222222223 0.4236263736263736 0.5347222222222222
0 0.6178571428571429 0.7920138888888889 0.4357142857142857 0.5520833333333334
0 0.5989010989010989 0.7697916666666667 0.42637362637362636 0.5479166666666667
0 0.5703296703296703 0.7340277777777778 0.3758241758241758 0.46944444444444444
0 0.6807692307692308 0.8770833333333333 0.3989010989010989 0.5083333333333333
0 0.6722527472527473 0.8625 0.3873626373626374 0.49583333333333335
0 0.7068681318681319 0.9086805555555556 0.13901098901098902 0.18819444444444444
0 0.646978021978022 0.8371527777777779 0.10384615384615385 0.13819444444444445
0 0.6585164835164835 0.8451388888888889 0.11813186813186813 0.14027777777777778
0 0.5274725274725275 0.6850694444444445 0.17252747252747253 0.21041666666666667
0 0.4868131868131868 0.6291666666666667 0.2087912087912088 0.26666666666666666
0 0.5148351648351648 0.6625 0.0912087912087912 0.11527777777777778
0 0.42664835164835163 0.5541666666666667 0.1620879120879121 0.2
0 0.44478021978021975 0.578125 0.11043956043956044 0.15347222222222223
0 0.48928571428571427 0.6302083333333334 0.12912087912087913 0.16875
0 0.2892857142857143 0.3875 0.40164835164835166 0.5125000000000001
0 0.3782967032967033 0.4916666666666667 0.3027472527472527 0.38472222222222224
0 0.3700549450549451 0.48125 0.2598901098901099 0.33472222222222225
0 0.37774725274725274 0.4899305555555556 0.25659340659340657 0.3354166666666667
0 0.41318681318681316 0.5395833333333333 0.45494505494505494 0.5875
