0 0.22582417582417583 0.31006944444444445 0.12857142857142856 0.15763888888888888
0 0.22362637362637364 0.30972222222222223 0.11538461538461539 0.15555555555555556
0 0.22087912087912087 0.30208333333333337 0.05934065934065934 0.061111111111111116
0 0.364010989010989 0.47847222222222224 0.2763736263736264 0.3625
0 0.33379120879120877 0.44027777777777777 0.3192307692307692 0.41250000000000003
0 0.4318681318681319 0.5708333333333333 0.3901098901098901 0.4708333333333333
0 0.41483516483516486 0.5482638888888889 0.6714285714285714 0.8631944444444445
0 0.44972527472527474 0.5895833333333333 0.6478021978021978 0.8388888888888889
0 0.41346153846153844 0.546875 0.695054945054945 0.8881944444444445
0 0.6269230769230769 0.815625 0.2813186813186813 0.34375
0 0.6884615384615385 0.8954861111111111 0.4032967032967033 0.5173611111111112
0 0.6964285714285714 0.9031250000000001 0.10714285714285714 0.13819444444444445
0 0.5436813186813186 0.7128472222222223 0.27087912087912086 0.3215277777777778
0 0.5582417582417583 0.7291666666666667 0.22637362637362637 0.2652777777777778
0 0.5516483516483517 0.7194444444444444 0.020879120879120878 0.044444444444444446
0 0.3241758241758242 0.43680555555555556 0.378021978021978 0.4763888888888889
0 0.39368131868131867 0.5232638888888889 0.3192307692307692 0.4215277777777778
0 0.39065934065934066 0.51875 0.2978021978021978 0.39722222222222225
