0 0.2798828125 0.5118055555555556 0.40664062500000003 0.7347222222222223
0 0.24296875 0.4513888888888889 0.36484375 0.6319444444444444
0 0.2455078125 0.45625000000000004 0.42304687500000004 0.7722222222222223
0 0.3630859375 0.6670138888888889 0.286328125 0.5131944444444445
0 0.4384765625 0.7986111111111112 0.213671875 0.3944444444444445
0 0.44160156250000004 0.803125 0.20273437500000002 0.37430555555555556
0 0.4734375 0.8607638888888889 0.08750000000000001 0.17291666666666666
0 0.5080078125 0.9211805555555556 0.10898437500000001 0.1951388888888889
0 0.5123046875 0.9340277777777778 0.11992187500000001 0.20972222222222223
0 0.5125000000000001 0.9305555555555556 0.49765625 0.9013888888888889
0 0.5130859375 0.9371527777777778 0.380859375 0.6715277777777778
0 0.523046875 0.9527777777777778 0.35468750000000004 0.6180555555555556
0 0.5078125 0.9180555555555556 0.46484375 0.8416666666666667
0 0.12519531250000002 0.23854166666666668 0.09335937500000001 0.15208333333333335
0 0.121484375 0.22604166666666667 0.12734375 0.22430555555555556
0 0.1384765625 0.2611111111111111 0.065234375 0.10555555555555556
0 0.2048828125 0.38159722222222225 0.013671875 0.035416666666666666
0 0.2109375 0.3940972222222222 0.0054687500000000005 0.0076388888888888895
0 0.2927734375 0.5381944444444444 0.021484375 0.022222222222222223
0 0.35292968750000003 0.6385416666666667 0.221484375 0.40208333333333335
0 0.39980468750000003 0.7295138888888889 0.13789062500000002 0.26180555555555557
0 0.2798828125 0.5118055555555556 0.40664062500000003 0.7347222222222223
0 0.24296875 0.4513888888888889 0.36484375 0.6319444444444444
0 0.2455078125 0.45625000000000004 0.42304687500000004 0.7722222222222223
0 0.3630859375 0.6670138888888889 0.286328125 0.5131944444444445
0 0.4384765625 0.7986111111111112 0.213671875 0.3944444444444445
0 0.44160156250000004 0.803125 0.20273437500000002 0.37430555555555556
0 0.4734375 0.8607638888888889 0.08750000000000001 0.17291666666666666
0 0.5080078125 0.9211805555555556 0.10898437500000001 0.1951388888888889
0 0.5123046875 0.9340277777777778 0.11992187500000001 0.20972222222222223
0 0.5125000000000001 0.9305555555555556 0.49765625 0.9013888888888889
0 0.5130859375 0.9371527777777778 0.380859375 0.6715277777777778
0 0.523046875 0.9527777777777778 0.35468750000000004 0.6180555555555556
0 0.5078125 0.9180555555555556 0.46484375 0.8416666666666667
