0 0.22994505494505493 0.3079861111111111 0.21593406593406594 0.28125
0 0.21153846153846154 0.28229166666666666 0.1 0.14097222222222222
0 0.22857142857142856 0.30625 0.023076923076923078 0.020833333333333336
0 0.23901098901098902 0.3125 0.15824175824175823 0.19305555555555556
0 0.1782967032967033 0.23958333333333334 0.18186813186813186 0.22777777777777777
0 0.26565934065934066 0.35381944444444446 0.30164835164835163 0.3715277777777778
0 0.32857142857142857 0.4305555555555556 0.27912087912087913 0.3652777777777778
0 0.26456043956043956 0.34618055555555555 0.17417582417582417 0.22291666666666668
0 0.24670329670329672 0.32708333333333334 0.27362637362637365 0.35000000000000003
0 0.28708791208791207 0.3770833333333333 0.3434065934065934 0.4222222222222222
0 0.3057692307692308 0.40555555555555556 0.35 0.4569444444444445
0 0.40274725274725276 0.5277777777777778 0.5153846153846153 0.6555555555555556
0 0.45879120879120877 0.6003472222222223 0.6846153846153846 0.8743055555555556
0 0.4409340659340659 0.5704861111111111 0.6302197802197802 0.8034722222222223
0 0.47527472527472525 0.6190972222222223 0.5934065934065934 0.7451388888888889
0 0.45 0.5836805555555555 0.5 0.6215277777777778
0 0.5747252747252747 0.7475694444444445 0.689010989010989 0.8854166666666667
0 0.6335164835164835 0.8114583333333334 0.12857142857142856 0.16875
0 0.6464285714285715 0.8322916666666667 0.15 0.18680555555555556
0 0.6618131868131868 0.8503472222222223 0.1489010989010989 0.1798611111111111
0 0.6747252747252748 0.8659722222222223 0.15384615384615385 0.20416666666666666
0 0.6840659340659341 0.8812500000000001 0.16593406593406593 0.20416666666666666
0 0.4898351648351648 0.6336805555555556 0.06208791208791209 0.08263888888888889
0 0.5788461538461539 0.7458333333333333 0.0005494505494505495 0.006944444444444445
0 0.5634615384615385 0.7295138888888889 0.18626373626373627 0.2326388888888889
0 0.47335164835164834 0.6152777777777778 0.10824175824175825 0.14583333333333334
0 0.4818681318681319 0.6236111111111111 0.11978021978021978 0.14583333333333334
