0 0.1596153846153846 0.22256944444444446 0.07527472527472527 0.10208333333333333
0 0.1510989010989011 0.21631944444444445 0.03076923076923077 0.04513888888888889
0 0.1793956043956044 0.25277777777777777 0.06758241758241758 0.08194444444444444
0 0.44148351648351647 0.5829861111111111 0.428021978021978 0.5270833333333333
0 0.42554945054945054 0.5555555555555556 0.3862637362637363 0.4861111111111111
0 0.4401098901098901 0.5788194444444444 0.3384615384615385 0.4326388888888889
0 0.47005494505494505 0.6131944444444445 0.7686813186813187 0.9819444444444445
0 0.4126373626373626 0.5444444444444445 0.6868131868131868 0.8680555555555556
0 0.4304945054945055 0.565625 0.5697802197802198 0.7090277777777778
0 0.7607142857142857 0.9857638888888889 0.2445054945054945 0.3076388888888889
0 0.7233516483516483 0.9322916666666667 0.3313186813186813 0.4131944444444445
0 0.656043956043956 0.8538194444444445 0.14945054945054945 0.17569444444444446
0 0.5057692307692307 0.6663194444444445 0.2543956043956044 0.32569444444444445
0 0.48626373626373626 0.640625 0.26593406593406593 0.32430555555555557
0 0.5093406593406593 0.6711805555555556 0.01978021978021978 0.025694444444444447
0 0.36126373626373626 0.4829861111111111 0.39505494505494504 0.49375
0 0.34313186813186813 0.4590277777777778 0.41483516483516486 0.5277777777777778
0 0.2804945054945055 0.37986111111111115 0.45 0.5847222222222223
