0 0.1620879120879121 0.23298611111111112 0.1978021978021978 0.22708333333333333
0 0.14038461538461539 0.19930555555555557 0.1445054945054945 0.17222222222222222
0 0.19093406593406592 0.26875 0.015934065934065933 0.004166666666666667
0 0.34203296703296704 0.45659722222222227 0.40164835164835166 0.49375
0 0.37747252747252746 0.49930555555555556 0.34835164835164834 0.4569444444444445
0 0.3791208791208791 0.5034722222222222 0.33296703296703295 0.40555555555555556
0 0.46895604395604396 0.6215277777777778 0.5686813186813187 0.6930555555555555
0 0.5368131868131868 0.6958333333333334 0.7868131868131868 0.9833333333333334
0 0.5461538461538461 0.7173611111111111 0.7835164835164835 0.9680555555555556
0 0.6590659340659341 0.8569444444444445 0.29615384615384616 0.39166666666666666
0 0.6824175824175824 0.8857638888888889 0.3208791208791209 0.41875
0 0.7648351648351648 0.9871527777777778 0.13626373626373625 0.16597222222222222
0 0.5071428571428571 0.6687500000000001 0.006593406593406593 0.005555555555555556
0 0.5167582417582418 0.6843750000000001 0.02032967032967033 0.03125
0 0.45686813186813185 0.6013888888888889 0.48516483516483516 0.5986111111111111
0 0.4543956043956044 0.5951388888888889 0.532967032967033 0.6569444444444444
0 0.3228021978021978 0.43333333333333335 0.49065934065934064 0.6263888888888889
0 0.49945054945054945 0.6586805555555556 0.2043956043956044 0.27569444444444446
