0 0.2945054945054945 0.3993055555555556 0.01868131868131868 0.016666666666666666
0 0.16236263736263737 0.2295138888888889 0.011538461538461539 0.017361111111111112
0 0.15879120879120878 0.22256944444444446 0.0032967032967032967 0.0034722222222222225
0 0.37142857142857144 0.49375 0.34395604395604396 0.4416666666666667
0 0.4521978021978022 0.5892361111111112 0.37252747252747254 0.4701388888888889
0 0.4431318681318681 0.5847222222222223 0.39395604395604394 0.48055555555555557
0 0.49423076923076925 0.646875 0.7840659340659341 0.982638888888889
0 0.4126373626373626 0.5437500000000001 0.6318681318681318 0.7791666666666667
0 0.41923076923076924 0.5520833333333334 0.6010989010989011 0.7444444444444445
0 0.640934065934066 0.8295138888888889 0.16648351648351647 0.19652777777777777
0 0.6167582417582418 0.80625 0.2664835164835165 0.3236111111111111
0 0.7395604395604396 0.9569444444444445 0.15274725274725276 0.20972222222222223
0 0.5826923076923077 0.7625000000000001 0.12582417582417582 0.15555555555555556
0 0.5480769230769231 0.7177083333333334 0.2631868131868132 0.34375
0 0.512087912087912 0.6770833333333334 0.020879120879120878 0.02777777777777778
0 0.40164835164835166 0.5319444444444444 0.421978021978022 0.5333333333333333
0 0.3934065934065934 0.5225694444444444 0.4461538461538462 0.5493055555555556
0 0.26483516483516484 0.3597222222222222 0.4175824175824176 0.5458333333333334
