0 0.2900390625 0.5329861111111112 0.039453125000000006 0.05347222222222223
0 0.2763671875 0.5149305555555556 0.035546875 0.05625
0 0.2763671875 0.5145833333333334 0.066796875 0.10694444444444445
0 0.19765625 0.371875 0.15625 0.29097222222222224
0 0.1435546875 0.2732638888888889 0.06601562500000001 0.10069444444444445
0 0.144140625 0.2729166666666667 0.07578125000000001 0.11805555555555557
0 0.3287109375 0.6048611111111112 0.12070312500000001 0.20972222222222223
0 0.39765625000000004 0.7277777777777779 0.20546875 0.34444444444444444
0 0.27109375 0.5024305555555556 0.47578125000000004 0.8423611111111111
0 0.2994140625 0.5513888888888889 0.494921875 0.8736111111111111
0 0.304296875 0.5583333333333333 0.5109375 0.8958333333333334
0 0.3787109375 0.6927083333333334 0.343359375 0.6284722222222222
0 0.39199218750000003 0.7225694444444445 0.130859375 0.21319444444444446
0 0.42324218750000003 0.7725694444444444 0.158984375 0.30069444444444443
0 0.5099609375 0.9288194444444445 0.005078125 0.025694444444444447
0 0.47187500000000004 0.8600694444444444 0.04609375 0.08263888888888889
0 0.4609375 0.8378472222222223 0.0390625 0.08541666666666667
0 0.51328125 0.9336805555555556 0.4609375 0.8215277777777779
0 0.5281250000000001 0.9576388888888889 0.39296875000000003 0.6819444444444445
0 0.41035156250000004 0.7520833333333333 0.559765625 0.9791666666666667
