0 0.14285714285714285 0.20243055555555556 0.22747252747252747 0.2951388888888889
0 0.2032967032967033 0.27708333333333335 0.2725274725274725 0.3388888888888889
0 0.18653846153846154 0.2572916666666667 0.07087912087912088 0.08263888888888889
0 0.2854395604395604 0.3819444444444445 0.28406593406593406 0.3652777777777778
0 0.33406593406593404 0.4395833333333333 0.2 0.25972222222222224
0 0.37774725274725274 0.4986111111111111 0.40384615384615385 0.4930555555555556
0 0.5148351648351648 0.6770833333333334 0.7076923076923077 0.9055555555555556
0 0.41785714285714287 0.5538194444444444 0.5818681318681319 0.7395833333333334
0 0.5010989010989011 0.6513888888888889 0.6098901098901099 0.775
0 0.5192307692307693 0.6673611111111112 0.7516483516483516 0.9458333333333334
0 0.5626373626373626 0.7229166666666667 0.6571428571428571 0.8277777777777778
0 0.5826923076923077 0.7479166666666667 0.6423076923076924 0.8055555555555556
0 0.6214285714285714 0.8048611111111111 0.46263736263736266 0.5902777777777778
0 0.5906593406593407 0.7618055555555556 0.3021978021978022 0.39305555555555555
0 0.5901098901098901 0.763888888888889 0.24615384615384617 0.3013888888888889
0 0.7478021978021978 0.9569444444444445 0.35714285714285715 0.4486111111111111
0 0.6491758241758242 0.8395833333333333 0.15219780219780218 0.18055555555555555
0 0.6299450549450549 0.8125 0.1401098901098901 0.16666666666666669
0 0.5956043956043956 0.7729166666666667 0.07142857142857142 0.09166666666666667
0 0.5637362637362637 0.7336805555555556 0.05824175824175824 0.06875
0 0.5362637362637362 0.6975694444444445 0.010989010989010988 0.0020833333333333333
0 0.49725274725274726 0.6496527777777779 0.22637362637362637 0.2881944444444445
0 0.43434065934065935 0.5680555555555555 0.3543956043956044 0.4569444444444445
0 0.3782967032967033 0.4951388888888889 0.5368131868131868 0.6722222222222223
0 0.26483516483516484 0.35555555555555557 0.38351648351648354 0.48333333333333334
