0 0.25824175824175827 0.3510416666666667 0.15714285714285714 0.18125
0 0.26785714285714285 0.36215277777777777 0.1434065934065934 0.16319444444444445
0 0.15796703296703296 0.22187500000000002 0.015934065934065933 0.035416666666666666
0 0.303021978021978 0.40694444444444444 0.28076923076923077 0.3611111111111111
0 0.32472527472527474 0.43159722222222224 0.26043956043956046 0.3423611111111111
0 0.44972527472527474 0.6003472222222223 0.28626373626373625 0.3590277777777778
0 0.41016483516483515 0.5395833333333333 0.6258241758241758 0.7944444444444445
0 0.43104395604395607 0.5684027777777778 0.737912087912088 0.9534722222222223
0 0.5346153846153846 0.7006944444444445 0.545054945054945 0.7069444444444445
0 0.6420329670329671 0.8375 0.17087912087912088 0.2125
0 0.614010989010989 0.8041666666666667 0.23901098901098902 0.30972222222222223
0 0.6208791208791209 0.8069444444444445 0.2989010989010989 0.39166666666666666
0 0.5711538461538461 0.7506944444444444 0.17637362637362639 0.20833333333333334
0 0.570054945054945 0.7475694444444445 0.10494505494505495 0.13125
0 0.4368131868131868 0.571875 0.23296703296703297 0.3145833333333333
0 0.33406593406593404 0.4461805555555556 0.3989010989010989 0.5131944444444445
0 0.2925824175824176 0.3947916666666667 0.2620879120879121 0.31736111111111115
0 0.31043956043956045 0.42083333333333334 0.24505494505494504 0.3
