0 0.16263736263736264 0.22708333333333333 0.1 0.13472222222222222
0 0.14972527472527472 0.21319444444444446 0.04450549450549451 0.059722222222222225
0 0.15989010989010988 0.22534722222222223 0.054945054945054944 0.08541666666666667
0 0.425 0.5555555555555556 0.38846153846153847 0.4902777777777778
0 0.4024725274725275 0.529513888888889 0.2785714285714286 0.35208333333333336
0 0.428021978021978 0.5677083333333334 0.14615384615384616 0.19930555555555557
0 0.4747252747252747 0.6222222222222222 0.7626373626373626 0.9722222222222222
0 0.4653846153846154 0.6152777777777778 0.7813186813186813 0.9902777777777778
0 0.4431318681318681 0.5833333333333334 0.7576923076923077 0.9680555555555556
0 0.6758241758241759 0.8802083333333334 0.4065934065934066 0.5145833333333334
0 0.6478021978021978 0.8402777777777778 0.3769230769230769 0.4777777777777778
0 0.6513736263736264 0.8482638888888889 0.1510989010989011 0.17569444444444446
0 0.564010989010989 0.7371527777777778 0.0038461538461538464 0.009027777777777779
0 0.44972527472527474 0.5940972222222223 0.07967032967032966 0.09097222222222223
0 0.47692307692307695 0.6291666666666667 0.21428571428571427 0.28194444444444444
0 0.3868131868131868 0.5121527777777778 0.45274725274725275 0.5590277777777778
0 0.3293956043956044 0.43819444444444444 0.3983516483516483 0.4930555555555556
0 0.31675824175824174 0.4222222222222222 0.4225274725274725 0.5458333333333334
