0 0.4467032967032967 0.5878472222222223 0.5615384615384615 0.7284722222222223
0 0.5824175824175825 0.765625 0.5846153846153846 0.7604166666666667
0 0.5642857142857143 0.7340277777777778 0.7494505494505495 0.9347222222222222
0 0.7508241758241758 0.9750000000000001 0.09285714285714286 0.1277777777777778
0 0.7670329670329671 0.9940972222222223 0.21428571428571427 0.2743055555555556
0 0.6884615384615385 0.8944444444444445 0.08021978021978023 0.11527777777777778
0 0.5626373626373626 0.7354166666666667 0.2032967032967033 0.2777777777777778
0 0.5200549450549451 0.6854166666666667 0.008241758241758242 0.025
0 0.4826923076923077 0.6378472222222222 0.03461538461538462 0.02291666666666667
0 0.45686813186813185 0.5989583333333334 0.5071428571428571 0.6340277777777779
0 0.44065934065934065 0.5784722222222223 0.5659340659340659 0.7041666666666667
0 0.3813186813186813 0.5052083333333334 0.5978021978021978 0.7604166666666667
0 0.3848901098901099 0.515625 0.20604395604395603 0.24375000000000002
0 0.3241758241758242 0.43472222222222223 0.24725274725274726 0.3138888888888889
0 0.2760989010989011 0.3753472222222222 0.3686813186813187 0.48680555555555555
0 0.1914835164835165 0.2670138888888889 0.11923076923076924 0.17152777777777778
0 0.14532967032967034 0.21319444444444446 0.13901098901098902 0.19166666666666668
0 0.12445054945054945 0.18993055555555557 0.0038461538461538464 0.011805555555555555
