0 0.1736328125 0.33055555555555555 0.186328125 0.33055555555555555
0 0.170703125 0.3232638888888889 0.15781250000000002 0.2701388888888889
0 0.1328125 0.2559027777777778 0.07734375 0.11875000000000001
0 0.30546875 0.5628472222222223 0.05859375 0.09791666666666667
0 0.261328125 0.4829861111111111 0.13203125000000002 0.2520833333333333
0 0.2560546875 0.4746527777777778 0.113671875 0.21875
0 0.3505859375 0.6399305555555556 0.24335937500000002 0.42847222222222225
0 0.295703125 0.5454861111111111 0.215625 0.3965277777777778
0 0.39296875000000003 0.7194444444444444 0.2078125 0.35000000000000003
0 0.4453125 0.8100694444444445 0.2828125 0.48541666666666666
0 0.3876953125 0.7111111111111111 0.327734375 0.5888888888888889
0 0.5216796875 0.9500000000000001 0.06992187500000001 0.11944444444444445
0 0.4888671875 0.8923611111111112 0.072265625 0.1277777777777778
0 0.5060546875 0.9236111111111112 0.016015625000000002 0.03194444444444445
0 0.253515625 0.4704861111111111 0.38515625000000003 0.6951388888888889
0 0.2908203125 0.5357638888888889 0.38710937500000003 0.6743055555555556
0 0.30214843750000003 0.5569444444444445 0.515234375 0.9013888888888889
0 0.5369140625000001 0.9760416666666667 0.498046875 0.8673611111111111
0 0.475390625 0.8642361111111111 0.49843750000000003 0.9020833333333333
0 0.5275390625 0.9604166666666667 0.397265625 0.7069444444444445
0 0.5300781250000001 0.9642361111111112 0.38359375 0.6770833333333334
