0 0.22967032967032966 0.31354166666666666 0.07692307692307693 0.09930555555555556
0 0.2623626373626374 0.34826388888888893 0.12362637362637363 0.14097222222222222
0 0.23076923076923078 0.3055555555555556 0.14505494505494507 0.1736111111111111
0 0.23049450549450548 0.3121527777777778 0.2423076923076923 0.31736111111111115
0 0.2206043956043956 0.2982638888888889 0.27087912087912086 0.33263888888888893
0 0.4063186813186813 0.5368055555555555 0.3203296703296703 0.425
0 0.4115384615384615 0.5381944444444444 0.22417582417582418 0.28194444444444444
0 0.4126373626373626 0.5354166666666667 0.2032967032967033 0.2569444444444445
0 0.5538461538461539 0.7194444444444444 0.5263736263736264 0.6527777777777778
0 0.545054945054945 0.7086805555555555 0.6835164835164835 0.84375
0 0.5423076923076923 0.7145833333333333 0.4879120879120879 0.625
0 0.6868131868131868 0.8815972222222223 0.17032967032967034 0.21180555555555555
0 0.7420329670329671 0.9569444444444445 0.2423076923076923 0.3041666666666667
0 0.6876373626373626 0.8881944444444445 0.13791208791208792 0.17916666666666667
0 0.6516483516483517 0.8395833333333333 0.14065934065934066 0.18055555555555555
0 0.6269230769230769 0.8118055555555556 0.13956043956043956 0.15833333333333333
0 0.506043956043956 0.6583333333333333 0.12527472527472527 0.1625
0 0.5848901098901099 0.7600694444444445 0.1401098901098901 0.18680555555555556
0 0.5711538461538461 0.7416666666666667 0.17637362637362639 0.20972222222222223
0 0.5417582417582417 0.7017361111111111 0.2153846153846154 0.2715277777777778
0 0.3565934065934066 0.4690972222222222 0.5340659340659341 0.6631944444444444
0 0.364010989010989 0.478125 0.5335164835164835 0.6631944444444444
0 0.40384615384615385 0.5270833333333333 0.5142857142857142 0.6583333333333333
0 0.28214285714285714 0.36944444444444446 0.40164835164835166 0.5055555555555555
0 0.4607142857142857 0.6055555555555556 0.49065934065934064 0.6263888888888889
0 0.43351648351648353 0.5694444444444444 0.5571428571428572 0.7069444444444445
