0 0.29642857142857143 0.4010416666666667 0.03131868131868132 0.03680555555555556
0 0.15934065934065933 0.22777777777777777 0.025274725274725275 0.02361111111111111
0 0.15934065934065933 0.22569444444444445 0.021978021978021976 0.03194444444444445
0 0.45384615384615384 0.5979166666666667 0.3648351648351648 0.4388888888888889
0 0.44835164835164837 0.5836805555555555 0.35604395604395606 0.44236111111111115
0 0.39368131868131867 0.5204861111111111 0.3269230769230769 0.40625
0 0.4785714285714286 0.628125 0.7120879120879121 0.8979166666666667
0 0.4208791208791209 0.5541666666666667 0.6 0.7402777777777778
0 0.41318681318681316 0.5437500000000001 0.6318681318681318 0.7777777777777778
0 0.7395604395604396 0.9565972222222222 0.15274725274725276 0.21180555555555555
0 0.6167582417582418 0.8072916666666667 0.2675824175824176 0.32708333333333334
0 0.6263736263736264 0.8104166666666667 0.2087912087912088 0.24861111111111112
0 0.5324175824175824 0.7010416666666667 0.016483516483516484 0.0076388888888888895
0 0.5824175824175825 0.7625000000000001 0.12527472527472527 0.15555555555555556
0 0.5766483516483516 0.7545138888888889 0.20274725274725275 0.23680555555555557
0 0.40164835164835166 0.5298611111111111 0.421978021978022 0.5333333333333333
0 0.39175824175824175 0.5204861111111111 0.4461538461538462 0.5493055555555556
0 0.26565934065934066 0.3590277777777778 0.41593406593406596 0.5458333333333334
