0 0.2509765625 0.4701388888888889 0.028515625000000003 0.06805555555555556
0 0.2474609375 0.465625 0.016796875 0.03958333333333333
0 0.20917968750000002 0.39583333333333337 0.028515625000000003 0.03888888888888889
0 0.3033203125 0.5579861111111112 0.21210937500000002 0.3854166666666667
0 0.27871093750000003 0.51875 0.201953125 0.38472222222222224
0 0.2732421875 0.5086805555555556 0.133203125 0.22013888888888888
0 0.3376953125 0.6243055555555556 0.39492187500000003 0.7125
0 0.2849609375 0.5326388888888889 0.437109375 0.7791666666666667
0 0.29335937500000003 0.5465277777777778 0.44609375 0.7861111111111111
0 0.42500000000000004 0.7805555555555556 0.11953125 0.23472222222222222
0 0.49726562500000004 0.9104166666666667 0.1203125 0.1902777777777778
0 0.4732421875 0.8684027777777779 0.148046875 0.24930555555555556
0 0.476171875 0.8770833333333333 0.53046875 0.9569444444444445
0 0.4638671875 0.8503472222222223 0.5535156250000001 0.9979166666666667
