0 0.2732421875 0.5038194444444445 0.023046875 0.05763888888888889
0 0.22910156250000002 0.4256944444444445 0.023046875 0.03888888888888889
0 0.228515625 0.42465277777777777 0.0421875 0.08958333333333333
0 0.177734375 0.3295138888888889 0.028125 0.06319444444444444
0 0.1775390625 0.33229166666666665 0.053515625000000004 0.10347222222222223
0 0.178515625 0.33958333333333335 0.13125 0.23194444444444445
0 0.12265625000000001 0.23506944444444444 0.10625000000000001 0.19097222222222224
0 0.3857421875 0.7059027777777778 0.21835937500000002 0.4048611111111111
0 0.3466796875 0.6309027777777778 0.23789062500000002 0.42986111111111114
0 0.270703125 0.5013888888888889 0.4859375 0.8569444444444445
0 0.2716796875 0.49895833333333334 0.45039062500000004 0.80625
0 0.2537109375 0.46805555555555556 0.349609375 0.6111111111111112
0 0.3580078125 0.6572916666666667 0.278515625 0.49930555555555556
0 0.41816406250000004 0.7625000000000001 0.205078125 0.3541666666666667
0 0.44277343750000003 0.8052083333333334 0.219140625 0.40069444444444446
0 0.4390625 0.7996527777777778 0.05625 0.08263888888888889
0 0.4814453125 0.8746527777777778 0.094140625 0.17847222222222223
0 0.53828125 0.976388888888889 0.08515625 0.1388888888888889
0 0.4638671875 0.842013888888889 0.455859375 0.8006944444444445
0 0.466796875 0.8517361111111111 0.44921875 0.7937500000000001
0 0.508984375 0.9298611111111111 0.5281250000000001 0.9291666666666667
0 0.503515625 0.9107638888888889 0.43203125000000003 0.7715277777777778
