0 0.284765625 0.5253472222222222 0.03515625 0.07013888888888889
0 0.212890625 0.3947916666666667 0.00078125 0.010416666666666668
0 0.140625 0.26840277777777777 0.07187500000000001 0.12847222222222224
0 0.16464843750000002 0.3104166666666667 0.15976562500000002 0.26805555555555555
0 0.1640625 0.3111111111111111 0.17890625000000002 0.31666666666666665
0 0.32656250000000003 0.5975694444444445 0.16953125000000002 0.2868055555555556
0 0.365234375 0.670138888888889 0.10390625 0.19722222222222224
0 0.40175781250000003 0.7392361111111111 0.20664062500000002 0.3576388888888889
0 0.41933593750000003 0.7670138888888889 0.306640625 0.5381944444444444
0 0.345703125 0.6368055555555556 0.2546875 0.4666666666666667
0 0.237109375 0.4395833333333333 0.40937500000000004 0.7444444444444445
0 0.2892578125 0.5375 0.516796875 0.9333333333333333
0 0.29609375 0.5444444444444445 0.40078125000000003 0.7027777777777778
0 0.4625 0.8440972222222223 0.05625 0.11736111111111111
0 0.458984375 0.8322916666666667 0.03828125 0.08263888888888889
0 0.4921875 0.8965277777777778 0.08750000000000001 0.13611111111111113
0 0.5345703125 0.9684027777777778 0.381640625 0.6923611111111111
0 0.5013671875 0.9128472222222223 0.436328125 0.7701388888888889
0 0.3974609375 0.7263888888888889 0.5652343750000001 0.9833333333333334
