0 0.22939560439560439 0.31319444444444444 0.04230769230769231 0.06666666666666667
0 0.1989010989010989 0.2743055555555556 0.031868131868131866 0.0625
0 0.22884615384615384 0.3125 0.1357142857142857 0.1736111111111111
0 0.39505494505494504 0.5253472222222222 0.2978021978021978 0.38819444444444445
0 0.3741758241758242 0.49270833333333336 0.24505494505494504 0.3145833333333333
0 0.4445054945054945 0.5788194444444444 0.3241758241758242 0.42291666666666666
0 0.4552197802197802 0.6003472222222223 0.7489010989010989 0.9395833333333333
0 0.4565934065934066 0.5975694444444445 0.7505494505494505 0.9645833333333333
0 0.46703296703296704 0.6131944444444445 0.7142857142857143 0.8944444444444445
0 0.7258241758241758 0.940625 0.34505494505494505 0.42708333333333337
0 0.7324175824175824 0.9458333333333334 0.33186813186813185 0.41944444444444445
0 0.7142857142857143 0.9302083333333334 0.3 0.3854166666666667
0 0.5554945054945055 0.7246527777777778 0.006593406593406593 0.02847222222222222
0 0.5453296703296703 0.7149305555555556 0.002747252747252747 0.02291666666666667
0 0.4576923076923077 0.6059027777777778 0.2087912087912088 0.28125
0 0.3675824175824176 0.4902777777777778 0.4967032967032967 0.6152777777777778
0 0.31263736263736264 0.4215277777777778 0.5043956043956044 0.6472222222222223
0 0.29313186813186815 0.3961805555555556 0.48406593406593407 0.6215277777777778
