0 0.17307692307692307 0.24097222222222223 0.06043956043956044 0.06527777777777778
0 0.1543956043956044 0.22361111111111112 0.05384615384615385 0.07222222222222223
0 0.14807692307692308 0.2152777777777778 0.00934065934065934 0.009722222222222222
0 0.3373626373626374 0.44930555555555557 0.3945054945054945 0.49444444444444446
0 0.4142857142857143 0.5461805555555556 0.37362637362637363 0.4756944444444445
0 0.3760989010989011 0.5052083333333334 0.13791208791208792 0.16875
0 0.5068681318681318 0.670138888888889 0.5269230769230769 0.6805555555555556
0 0.512087912087912 0.6736111111111112 0.7 0.8958333333333334
0 0.47087912087912087 0.6180555555555556 0.7362637362637363 0.9152777777777779
0 0.7098901098901099 0.9229166666666667 0.11758241758241758 0.15
0 0.676923076923077 0.8822916666666667 0.12307692307692308 0.15069444444444444
0 0.7178571428571429 0.9291666666666667 0.40384615384615385 0.49722222222222223
0 0.4997252747252747 0.6621527777777778 0.02142857142857143 0.029861111111111113
0 0.5851648351648352 0.7663194444444444 0.2032967032967033 0.23541666666666666
0 0.578021978021978 0.7569444444444444 0.23516483516483516 0.275
0 0.38543956043956046 0.5114583333333333 0.47307692307692306 0.58125
0 0.39395604395604394 0.5270833333333333 0.3956043956043956 0.5111111111111112
0 0.37747252747252746 0.5055555555555555 0.25274725274725274 0.33611111111111114
