0 0.27554945054945057 0.3670138888888889 0.13021978021978023 0.16875
0 0.2519230769230769 0.34375 0.2796703296703297 0.35555555555555557
0 0.5255494505494506 0.6878472222222223 0.5774725274725274 0.7451388888888889
0 0.5645604395604396 0.7364583333333333 0.5236263736263737 0.6673611111111112
0 0.45879120879120877 0.5993055555555555 0.5197802197802198 0.6597222222222222
0 0.475 0.6229166666666667 0.4631868131868132 0.5958333333333333
0 0.47307692307692306 0.6260416666666667 0.7637362637362637 0.9756944444444445
0 0.6417582417582418 0.8277777777777778 0.15824175824175823 0.2125
0 0.65 0.8385416666666667 0.13626373626373625 0.17847222222222223
0 0.643956043956044 0.8340277777777778 0.15934065934065933 0.19722222222222224
0 0.7054945054945055 0.9076388888888889 0.15274725274725276 0.19722222222222224
0 0.47994505494505496 0.6253472222222223 0.10604395604395604 0.14930555555555555
0 0.5068681318681318 0.6631944444444444 0.13241758241758242 0.15694444444444444
0 0.44752747252747255 0.5854166666666667 0.08736263736263736 0.10555555555555556
0 0.4521978021978022 0.5888888888888889 0.1956043956043956 0.2555555555555556
0 0.3516483516483516 0.4604166666666667 0.22527472527472528 0.2763888888888889
0 0.4337912087912088 0.5659722222222222 0.32582417582417583 0.4277777777777778
0 0.31675824175824174 0.4197916666666667 0.5071428571428571 0.6548611111111111
0 0.2129120879120879 0.2916666666666667 0.03901098901098901 0.04722222222222222
0 0.11373626373626373 0.1638888888888889 0.03076923076923077 0.029166666666666667
0 0.11675824175824176 0.16666666666666669 0.18516483516483517 0.2138888888888889
0 0.4076923076923077 0.5315972222222223 0.2175824175824176 0.28958333333333336
