0 0.45357142857142857 0.5906250000000001 0.06868131868131869 0.09375
0 0.47774725274725277 0.6180555555555556 0.11263736263736264 0.1486111111111111
0 0.5458791208791208 0.7059027777777778 0.05549450549450549 0.07291666666666667
0 0.5664835164835165 0.7312500000000001 0.18571428571428572 0.23194444444444445
0 0.3648351648351648 0.47881944444444446 0.4 0.5131944444444445
0 0.30851648351648353 0.409375 0.22582417582417583 0.28402777777777777
0 0.3892857142857143 0.5024305555555556 0.22252747252747251 0.2798611111111111
0 0.2673076923076923 0.34652777777777777 0.17417582417582417 0.22083333333333335
0 0.5546703296703297 0.7173611111111111 0.48296703296703297 0.6236111111111111
0 0.5620879120879121 0.7256944444444444 0.5010989010989011 0.625
0 0.48104395604395606 0.6260416666666667 0.6565934065934066 0.8354166666666667
0 0.4771978021978022 0.6138888888888889 0.6719780219780219 0.8486111111111111
0 0.49835164835164836 0.6402777777777778 0.6934065934065934 0.8791666666666667
0 0.43351648351648353 0.56875 0.6725274725274726 0.8375
0 0.6623626373626373 0.85 0.1346153846153846 0.16805555555555557
0 0.6554945054945055 0.8458333333333333 0.1956043956043956 0.2513888888888889
0 0.639010989010989 0.8222222222222223 0.13956043956043956 0.17916666666666667
0 0.6313186813186813 0.8104166666666667 0.12857142857142856 0.16805555555555557
0 0.7038461538461539 0.9020833333333333 0.2164835164835165 0.27361111111111114
0 0.3760989010989011 0.49444444444444446 0.49835164835164836 0.6180555555555556
0 0.35192307692307695 0.4618055555555556 0.5291208791208791 0.675
0 0.36813186813186816 0.48055555555555557 0.25384615384615383 0.33194444444444443
0 0.2315934065934066 0.31145833333333334 0.17637362637362639 0.21319444444444446
0 0.23818681318681317 0.3107638888888889 0.1346153846153846 0.17430555555555557
0 0.2217032967032967 0.2899305555555556 0.25 0.31180555555555556
0 0.1304945054945055 0.1826388888888889 0.014835164835164835 0.008333333333333333
0 0.1217032967032967 0.17083333333333334 0.00934065934065934 0.0125
