0 0.1845703125 0.35034722222222225 0.20273437500000002 0.36319444444444443
0 0.1845703125 0.3513888888888889 0.008203125 0.036111111111111115
0 0.2205078125 0.41770833333333335 0.000390625 0.013194444444444444
0 0.32832031250000004 0.6065972222222222 0.224609375 0.3965277777777778
0 0.3779296875 0.6923611111111111 0.22773437500000002 0.425
0 0.38222656250000003 0.7000000000000001 0.25429687500000003 0.43472222222222223
0 0.3103515625 0.5760416666666667 0.400390625 0.6965277777777779
0 0.272265625 0.509375 0.20546875 0.36458333333333337
0 0.2978515625 0.5517361111111111 0.311328125 0.5465277777777778
0 0.4404296875 0.8111111111111111 0.049609375000000004 0.09027777777777778
0 0.452734375 0.8319444444444445 0.030468750000000003 0.043055555555555555
0 0.46406250000000004 0.8572916666666667 0.07500000000000001 0.11597222222222223
0 0.431640625 0.7913194444444445 0.5437500000000001 0.9659722222222222
