0 0.2796703296703297 0.37604166666666666 0.02857142857142857 0.017361111111111112
0 0.2541208791208791 0.3451388888888889 0.0521978021978022 0.07777777777777778
0 0.1686813186813187 0.23819444444444446 0.04395604395604395 0.06666666666666667
0 0.41098901098901097 0.5368055555555555 0.3824175824175824 0.4916666666666667
0 0.46923076923076923 0.6201388888888889 0.34065934065934067 0.42638888888888893
0 0.4826923076923077 0.6319444444444444 0.2895604395604396 0.36388888888888893
0 0.48516483516483516 0.6333333333333333 0.7835164835164835 0.9930555555555556
0 0.4524725274725275 0.5951388888888889 0.7675824175824176 0.9583333333333334
0 0.7607142857142857 0.9881944444444445 0.2532967032967033 0.3180555555555556
0 0.759065934065934 0.9802083333333333 0.20934065934065935 0.26875
0 0.7486263736263736 0.9708333333333333 0.18186813186813186 0.24444444444444446
0 0.567032967032967 0.7413194444444444 0.13186813186813187 0.18125
0 0.5565934065934066 0.7277777777777779 0.03736263736263736 0.05555555555555556
0 0.5824175824175825 0.7618055555555556 0.2043956043956044 0.23750000000000002
0 0.3557692307692308 0.4708333333333333 0.4950549450549451 0.6194444444444445
0 0.3697802197802198 0.49270833333333336 0.47802197802197804 0.5951388888888889
0 0.3027472527472527 0.40729166666666666 0.47912087912087914 0.61875
