0 0.28983516483516486 0.3909722222222222 0.006043956043956044 0.019444444444444445
0 0.275 0.37222222222222223 0.06978021978021978 0.06944444444444445
0 0.2804945054945055 0.37951388888888893 0.07747252747252747 0.07569444444444445
0 0.3942307692307692 0.5239583333333333 0.2357142857142857 0.3159722222222222
0 0.3791208791208791 0.49895833333333334 0.2824175824175824 0.36458333333333337
0 0.367032967032967 0.49409722222222224 0.11758241758241758 0.1423611111111111
0 0.4225274725274725 0.5538194444444444 0.5692307692307692 0.7243055555555555
0 0.4576923076923077 0.603125 0.7692307692307693 0.9840277777777778
0 0.48324175824175825 0.6361111111111112 0.7840659340659341 0.9944444444444445
0 0.7403846153846154 0.9538194444444444 0.3532967032967033 0.4326388888888889
0 0.7436813186813187 0.9638888888888889 0.19615384615384615 0.2625
0 0.6335164835164835 0.8270833333333334 0.35824175824175825 0.46805555555555556
0 0.5741758241758241 0.75625 0.1021978021978022 0.125
0 0.4291208791208791 0.5645833333333333 0.18461538461538463 0.2569444444444445
0 0.4307692307692308 0.5701388888888889 0.20659340659340658 0.28055555555555556
0 0.4013736263736264 0.5309027777777778 0.3686813186813187 0.4729166666666667
0 0.3991758241758242 0.5336805555555556 0.40714285714285714 0.5048611111111111
0 0.35824175824175825 0.4791666666666667 0.5021978021978022 0.6180555555555556
