0 0.26992187500000003 0.5003472222222223 0.041406250000000006 0.06041666666666667
0 0.21406250000000002 0.3961805555555556 0.0054687500000000005 0.02013888888888889
0 0.16464843750000002 0.3111111111111111 0.15976562500000002 0.26805555555555555
0 0.1638671875 0.309375 0.169921875 0.30625
0 0.1453125 0.27534722222222224 0.06328125 0.11736111111111111
0 0.32656250000000003 0.5975694444444445 0.16953125000000002 0.2881944444444445
0 0.3671875 0.6715277777777778 0.10234375000000001 0.19861111111111113
0 0.28750000000000003 0.53125 0.51328125 0.9263888888888889
0 0.24570312500000002 0.45555555555555555 0.36562500000000003 0.6416666666666667
0 0.296484375 0.5434027777777778 0.40156250000000004 0.7034722222222223
0 0.34609375000000003 0.6361111111111112 0.25546875 0.47222222222222227
0 0.40058593750000004 0.7368055555555556 0.20664062500000002 0.35833333333333334
0 0.436328125 0.7944444444444445 0.24453125 0.4486111111111111
0 0.4921875 0.8961805555555555 0.08515625 0.13541666666666669
0 0.4978515625 0.9041666666666667 0.026171875 0.02777777777777778
0 0.45820312500000004 0.8329861111111111 0.0390625 0.08541666666666667
0 0.49843750000000003 0.9076388888888889 0.43359375 0.7763888888888889
0 0.5437500000000001 0.9888888888888889 0.5554687500000001 0.9972222222222222
0 0.3962890625 0.7243055555555555 0.566796875 0.9930555555555556
0 0.526953125 0.9569444444444445 0.41015625 0.7263888888888889
