0 0.1315934065934066 0.18819444444444444 0.10494505494505495 0.14444444444444446
0 0.19835164835164834 0.28055555555555556 0.19230769230769232 0.2513888888888889
0 0.16043956043956045 0.2295138888888889 0.026373626373626374 0.03958333333333333
0 0.42225274725274725 0.5586805555555556 0.3994505494505495 0.5076388888888889
0 0.4217032967032967 0.5565972222222223 0.3554945054945055 0.45069444444444445
0 0.42994505494505497 0.5649305555555556 0.5291208791208791 0.6631944444444444
0 0.5618131868131868 0.7388888888888889 0.27087912087912086 0.3513888888888889
0 0.5747252747252747 0.7486111111111111 0.26593406593406593 0.3277777777777778
0 0.6236263736263736 0.8128472222222223 0.035164835164835165 0.05902777777777778
0 0.7582417582417582 0.9809027777777778 0.11538461538461539 0.16458333333333333
0 0.26153846153846155 0.35555555555555557 0.16043956043956045 0.20833333333333334
0 0.24313186813186813 0.33125 0.27087912087912086 0.3611111111111111
0 0.2521978021978022 0.3458333333333333 0.33296703296703295 0.425
0 0.47115384615384615 0.6225694444444445 0.6214285714285714 0.80625
0 0.5464285714285714 0.7121527777777779 0.7478021978021978 0.9256944444444445
0 0.5835164835164836 0.7652777777777778 0.6901098901098901 0.8666666666666667
