0 0.24532967032967032 0.32916666666666666 0.007142857142857143 0.002777777777777778
0 0.2315934065934066 0.30694444444444446 0.13791208791208792 0.1763888888888889
0 0.20549450549450549 0.2767361111111111 0.26703296703296703 0.3423611111111111
0 0.21785714285714286 0.2934027777777778 0.27307692307692305 0.3298611111111111
0 0.11483516483516483 0.15972222222222224 0.06923076923076923 0.09305555555555556
0 0.3162087912087912 0.4204861111111111 0.49725274725274726 0.6381944444444445
0 0.3335164835164835 0.44027777777777777 0.5230769230769231 0.6638888888888889
0 0.3576923076923077 0.46805555555555556 0.5296703296703297 0.6763888888888889
0 0.5901098901098901 0.7670138888888889 0.11098901098901098 0.13958333333333334
0 0.5879120879120879 0.7618055555555556 0.11428571428571428 0.14305555555555557
0 0.5884615384615385 0.759375 0.1 0.11597222222222223
0 0.4947802197802198 0.64375 0.11703296703296703 0.15
0 0.41208791208791207 0.5395833333333333 0.2835164835164835 0.34861111111111115
0 0.29835164835164835 0.3961805555555556 0.4197802197802198 0.5326388888888889
0 0.23983516483516484 0.3184027777777778 0.2510989010989011 0.3090277777777778
0 0.4186813186813187 0.5524305555555555 0.6538461538461539 0.8409722222222222
0 0.41703296703296705 0.5534722222222223 0.6054945054945055 0.7597222222222223
0 0.46291208791208793 0.6059027777777778 0.5884615384615385 0.7479166666666667
0 0.4760989010989011 0.6170138888888889 0.4785714285714286 0.6006944444444444
0 0.5873626373626374 0.759375 0.25934065934065936 0.3159722222222222
0 0.6862637362637363 0.8819444444444445 0.17142857142857143 0.20555555555555557
0 0.737912087912088 0.9479166666666667 0.27802197802197803 0.34444444444444444
0 0.3211538461538462 0.41805555555555557 0.4346153846153846 0.5430555555555556
0 0.628021978021978 0.8090277777777778 0.13846153846153847 0.1625
0 0.65 0.8368055555555556 0.15164835164835164 0.19861111111111113
0 0.44505494505494503 0.5833333333333334 0.5384615384615384 0.6944444444444444
