0 0.6741758241758242 0.865625 0.13846153846153847 0.1826388888888889
0 0.6793956043956044 0.8743055555555556 0.16648351648351647 0.20277777777777778
0 0.6343406593406593 0.8149305555555556 0.128021978021978 0.16875
0 0.6335164835164835 0.81875 0.14505494505494507 0.17500000000000002
0 0.6428571428571429 0.8302083333333333 0.14835164835164835 0.19791666666666669
0 0.6521978021978022 0.8388888888888889 0.14505494505494507 0.19305555555555556
0 0.5901098901098901 0.7604166666666667 0.0032967032967032967 0.008333333333333333
0 0.5958791208791209 0.76875 0.0521978021978022 0.0625
0 0.5260989010989011 0.6819444444444445 0.13241758241758242 0.15555555555555556
0 0.46263736263736266 0.6003472222222223 0.1054945054945055 0.13541666666666669
0 0.3956043956043956 0.5149305555555556 0.5164835164835165 0.6465277777777778
0 0.2923076923076923 0.39131944444444444 0.4164835164835165 0.5201388888888889
0 0.27362637362637365 0.36180555555555555 0.33516483516483514 0.40972222222222227
0 0.2554945054945055 0.3375 0.1835164835164835 0.2263888888888889
0 0.2021978021978022 0.27222222222222225 0.25934065934065936 0.32916666666666666
0 0.23434065934065934 0.30833333333333335 0.15 0.1902777777777778
0 0.2508241758241758 0.3295138888888889 0.20714285714285716 0.26319444444444445
0 0.13543956043956043 0.1902777777777778 0.0005494505494505495 0.002777777777777778
0 0.3565934065934066 0.46805555555555556 0.34065934065934067 0.42083333333333334
0 0.2947802197802198 0.38645833333333335 0.41483516483516486 0.5256944444444445
0 0.37747252747252746 0.49618055555555557 0.10989010989010989 0.15763888888888888
0 0.29120879120879123 0.3791666666666667 0.10989010989010989 0.1388888888888889
0 0.4755494505494505 0.6256944444444444 0.5631868131868132 0.7291666666666667
0 0.49148351648351646 0.640625 0.695054945054945 0.8631944444444445
0 0.4480769230769231 0.5829861111111111 0.5137362637362637 0.6520833333333333
0 0.43956043956043955 0.5711805555555556 0.5648351648351648 0.7256944444444444
0 0.4346153846153846 0.560763888888889 0.6582417582417582 0.8284722222222223
0 0.5038461538461538 0.6461805555555555 0.7197802197802198 0.90625
