0 0.2815934065934066 0.3809027777777778 0.09615384615384616 0.11041666666666668
0 0.2793956043956044 0.3767361111111111 0.057692307692307696 0.07152777777777779
0 0.1510989010989011 0.21631944444444445 0.006593406593406593 0.0020833333333333333
0 0.310989010989011 0.4149305555555556 0.1934065934065934 0.2534722222222222
0 0.3414835164835165 0.45 0.21373626373626373 0.2625
0 0.44972527472527474 0.5996527777777778 0.28736263736263734 0.3576388888888889
0 0.5601648351648352 0.7354166666666667 0.6126373626373627 0.7916666666666667
0 0.560989010989011 0.7354166666666667 0.6274725274725275 0.8041666666666667
0 0.4574175824175824 0.6010416666666667 0.7082417582417583 0.8854166666666667
0 0.7024725274725274 0.9121527777777778 0.10494505494505495 0.14375000000000002
0 0.759065934065934 0.9788194444444445 0.25 0.29930555555555555
0 0.7519230769230769 0.9767361111111111 0.22692307692307692 0.2923611111111111
0 0.5480769230769231 0.717013888888889 0.2598901098901099 0.30486111111111114
0 0.5722527472527472 0.7503472222222223 0.17747252747252748 0.20902777777777778
0 0.5695054945054945 0.7461805555555556 0.13021978021978023 0.15347222222222223
0 0.35027472527472525 0.4690972222222222 0.39395604395604394 0.5090277777777777
0 0.3945054945054945 0.5222222222222223 0.3241758241758242 0.4291666666666667
0 0.2813186813186813 0.38298611111111114 0.27582417582417584 0.3298611111111111
