0 0.1574175824175824 0.22395833333333334 0.056593406593406594 0.08680555555555555
0 0.1554945054945055 0.22083333333333335 0.00989010989010989 0.01388888888888889
0 0.16785714285714284 0.23194444444444445 0.022527472527472527 0.018055555555555557
0 0.3208791208791209 0.4305555555555556 0.21978021978021978 0.2555555555555556
0 0.3354395604395604 0.4479166666666667 0.33681318681318684 0.4375
0 0.4340659340659341 0.5690972222222223 0.34285714285714286 0.4395833333333333
0 0.5178571428571429 0.6788194444444444 0.5247252747252747 0.68125
0 0.43241758241758244 0.5704861111111111 0.689010989010989 0.8701388888888889
0 0.4175824175824176 0.553125 0.6758241758241759 0.8520833333333334
0 0.6271978021978022 0.8159722222222222 0.19835164835164834 0.23194444444444445
0 0.6434065934065935 0.8385416666666667 0.23846153846153847 0.2826388888888889
0 0.704945054945055 0.9131944444444445 0.11428571428571428 0.1513888888888889
0 0.5815934065934066 0.7635416666666667 0.12032967032967033 0.14652777777777778
0 0.5442307692307692 0.7142361111111112 0.12142857142857143 0.13680555555555557
0 0.48956043956043954 0.6451388888888889 0.27912087912087913 0.3611111111111111
0 0.3802197802197802 0.5072916666666667 0.47912087912087914 0.5951388888888889
0 0.3181318681318681 0.42812500000000003 0.5076923076923077 0.64375
0 0.2695054945054945 0.36388888888888893 0.29395604395604397 0.35694444444444445
