0 0.2400390625 0.44583333333333336 0.005078125 0.009722222222222222
0 0.209375 0.3909722222222222 0.00625 0.001388888888888889
0 0.1638671875 0.3090277777777778 0.005859375 0.020833333333333336
0 0.1126953125 0.21805555555555556 0.111328125 0.1875
0 0.11503906250000001 0.22083333333333335 0.11679687500000001 0.19722222222222224
0 0.1193359375 0.22743055555555555 0.137109375 0.25625000000000003
0 0.2638671875 0.49097222222222225 0.11992187500000001 0.20833333333333334
0 0.34882812500000004 0.6336805555555556 0.2265625 0.4104166666666667
0 0.3408203125 0.6253472222222223 0.244921875 0.4479166666666667
0 0.28457031250000003 0.5194444444444445 0.412109375 0.7416666666666667
0 0.2759765625 0.5097222222222222 0.412890625 0.7222222222222222
0 0.2607421875 0.4829861111111111 0.46210937500000004 0.8354166666666667
0 0.35234375 0.6444444444444445 0.2859375 0.5208333333333334
0 0.362890625 0.6659722222222223 0.284375 0.5125000000000001
0 0.41328125000000004 0.7534722222222222 0.2015625 0.3527777777777778
0 0.47871093750000004 0.8715277777777778 0.121484375 0.23472222222222222
0 0.47792968750000003 0.8677083333333334 0.10429687500000001 0.17430555555555557
0 0.5173828125000001 0.9385416666666667 0.140234375 0.23680555555555557
0 0.5109375 0.9277777777777778 0.41718750000000004 0.7541666666666667
0 0.517578125 0.9458333333333334 0.41718750000000004 0.7513888888888889
0 0.51953125 0.9427083333333334 0.35234375 0.6145833333333334
0 0.49648437500000003 0.8989583333333334 0.43828125 0.7854166666666667
